-2.080760200508195013e+01 1.033352753714191552e+00 1.464293912070776083e+00 1.320887220618531144e+00 1.168015505225074691e+00 1.057693568479392665e+00 9.269650288630947310e-01 8.869849362393806835e-01 1.338515232301801028e+00 1.253733829694603674e+00 1.184612800196281457e+00 1.079312000339591293e+00 5.373041613898869029e-01 1.075546626874044787e+00 1.204742738262362112e+00 1.360818665550572515e+00 1.050466407053756379e+00 5.829069986240439372e-01 1.127405160893543812e+00 1.154044458691017017e+00
9.673727537141902921e-01 -2.012385303829689320e+01 1.422842830226414224e+00 1.281887622192480203e+00 1.131888030964225411e+00 1.023821197474285238e+00 8.959828995322293155e-01 8.569374648214675982e-01 1.299202108487224949e+00 1.215961395840065462e+00 1.148159721206693407e+00 1.044984963831387281e+00 5.166103154698893363e-01 1.041298323771022716e+00 1.167899378479646977e+00 1.321113867768095806e+00 1.016747461298496358e+00 5.608597400177915970e-01 1.092089190194222237e+00 1.118193773007067682e+00
6.460639120707760696e-01 6.705928302264141383e-01 -1.332690286514171163e+01 8.879369752118811965e-01 7.711060266525802120e-01 6.885873461407052698e-01 5.928790552052909391e-01 5.640799510449080456e-01 9.015867748307501151e-01 8.362707104433603211e-01 7.836534159419594747e-01 7.046344480543401678e-01 3.225656397018280552e-01 7.018350776719771700e-01 7.989170249631200038e-01 9.189080011228089040e-01 6.832363469554667557e-01 3.529287471530370146e-01 7.405499884558288670e-01 7.605705932946802417e-01
7.358372206185310738e-01 7.628176221924801714e-01 1.121116975211881250e+00 -1.523895352180119289e+01 8.729076226483516443e-01 7.825811484835123455e-01 6.771720908279892370e-01 6.453072144462769222e-01 1.014792225090030753e+00 9.439048038442646726e-01 8.866001720104549344e-01 8.001852752387127454e-01 3.749293905151257489e-01 7.971156646899770770e-01 9.032424411226561700e-01 1.033546943869310786e+00 7.767066655550629584e-01 4.092705032956110434e-01 8.395172468617273509e-01 8.614022952792383947e-01
8.489255052250747058e-01 8.787780309642253540e-01 1.270246026652580351e+00 1.138867622648351619e+00 -1.763250695572971694e+01 9.006083512767788513e-01 7.838058983789852885e-01 7.483095800532628683e-01 1.154961209549695278e+00 1.077709227661166835e+00 1.015014400092915103e+00 9.200276350741050102e-01 4.429734394487409577e-01 9.166432480106946334e-01 1.033245448422649426e+00 1.175346153730946197e+00 8.941227653171982537e-01 4.822193162610342032e-01 9.633295034024395020e-01 9.873735935588738855e-01
9.444435684793921482e-01 9.765511974742850931e-01 1.393567346140705210e+00 1.254381148483512343e+00 1.106448351276778652e+00 -1.964271625618881245e+01 8.742305298332142538e-01 8.358528036402090855e-01 1.271469646087518335e+00 1.189338750188158267e+00 1.122486044213494516e+00 1.020837756932357898e+00 5.021720398474289748e-01 1.017207582128858201e+00 1.141945120501202338e+00 1.293098983099415289e+00 9.930362400805806677e-01 5.454638425023146109e-01 1.067232358551774896e+00 1.092952946727610675e+00
1.076774028863094701e+00 1.111771899532229879e+00 1.560918055205291255e+00 1.412031090827989166e+00 1.252704898378985465e+00 1.137289529833214408e+00 -2.241260194308247478e+01 9.578902018542927443e-01 1.430361473234515124e+00 1.342124377378046018e+00 1.270035752858398537e+00 1.159936693396671936e+00 5.866756744250257727e-01 1.155993242391676112e+00 1.291044342320643246e+00 1.453541736476138935e+00 1.129715019647717922e+00 6.354197588331408353e-01 1.210264265390268434e+00 1.238109902235134063e+00
1.122229936239381054e+00 1.158162464821467230e+00 1.617554951044908096e+00 1.465602214446277030e+00 1.302644580053262668e+00 1.184347803640209085e+00 1.043326201854291257e+00 -2.336044760140523380e+01 1.484326420419649795e+00 1.394149143975069505e+00 1.320389275038782007e+00 1.207578048573700435e+00 6.163465816464969160e-01 1.203533704349019962e+00 1.341893180626043680e+00 1.507997955521657163e+00 1.176576289701490419e+00 6.669213665920439293e-01 1.259170128888959406e+00 1.287697353972521386e+00
7.240252323018011582e-01 7.506921084872250072e-01 1.105326774830750258e+00 9.853522250900309531e-01 8.595612095496950600e-01 7.702296460875182049e-01 6.660624732345148402e-01 6.345914204196497765e-01 -1.498801436465764780e+01 9.298178492495391412e-01 8.731081808053088311e-01 7.876350404398180238e-01 3.679543653812086812e-01 7.845999105027877674e-01 8.895753045193591779e-01 1.018573587952853909e+00 7.644220153889441649e-01 4.017762461720491562e-01 8.265315259236626355e-01 8.481792483209291689e-01
7.830538296946035759e-01 8.112613958400655134e-01 1.183820710443360680e+00 1.058274803844265088e+00 9.261192276611666108e-01 8.319087501881581304e-01 7.216353773780459502e-01 6.882241439750695911e-01 1.073627849249539690e+00 -1.624022714271148615e+01 9.403791390122152594e-01 8.502896170712762602e-01 4.030631553762381025e-01 8.470852728388836850e-01 9.577036807072480951e-01 1.093085463763511234e+00 8.257728741087690949e-01 4.394668610732969105e-01 8.913220759265253479e-01 9.141329145592462790e-01
8.356428001962814545e-01 8.651697212066935538e-01 1.252913415941959485e+00 1.122680172010455335e+00 9.851344000929194156e-01 8.867660442134944754e-01 7.712567528583983423e-01 7.361742750387821888e-01 1.138628180805309142e+00 1.062089139012214467e+00 -1.735217238716228039e+01 9.059800334502072783e-01 4.348646774863104136e-01 9.026312334018867789e-01 1.018052338703986814e+00 1.158830900893886628e+00 8.803496189097621549e-01 4.735408094194654693e-01 9.488335983184854605e-01 9.726342752017821391e-01
9.246720003395907383e-01 9.563249638313863210e-01 1.368224448054340181e+00 1.230595275238712816e+00 1.084477635074104773e+00 9.794477569323563060e-01 8.554876933966719665e-01 8.176930485737003984e-01 1.247485040439818338e+00 1.166329617071276248e+00 1.100310033450206948e+00 -1.922741129676734317e+01 4.897920963867725130e-01 9.964192840713183008e-01 1.119522874044330596e+00 1.268865945879153578e+00 9.725802888401430257e-01 5.322538845844000388e-01 1.045772761129187600e+00 1.071156649429874097e+00
1.673282161389886724e+00 1.718568315469889196e+00 2.276773639701828333e+00 2.095957390515125862e+00 1.898041439448740819e+00 1.751400039847428980e+00 1.572844674425025735e+00 1.517079581646496811e+00 2.118422365381208650e+00 2.009721155376237967e+00 1.919812677486310237e+00 1.780410096386772389e+00 -3.473730212328269573e+01 1.775367253341695317e+00 1.946121331948098998e+00 2.146746595698668880e+00 1.741670629586600016e+00 1.070964658443172457e+00 1.844459727412029570e+00 1.879658389777475680e+00
9.280766268740443525e-01 9.598083237710228754e-01 1.372595077671977304e+00 1.234695664689976935e+00 1.088263248010693962e+00 9.829875821288589499e-01 8.587142423916763745e-01 8.208187043490199342e-01 1.251619910502787869e+00 1.170295272838883793e+00 1.104131233401887124e+00 1.003589284071329635e+00 4.919192533416953950e-01 -1.929895461499991072e+01 1.123386762786749760e+00 1.273043924321170195e+00 9.761034352163964201e-01 5.345242488855884710e-01 1.049469789368623784e+00 1.074912030377529470e+00
8.198827382623623539e-01 8.490193784796471466e-01 1.232287024963120148e+00 1.103432441122656149e+00 9.674754484226505413e-01 8.703351205012019864e-01 7.563753423206432958e-01 7.217881806260436628e-01 1.119205304519359512e+00 1.043523680707248102e+00 9.821623387039881692e-01 8.893028740443303937e-01 4.252833319480991414e-01 8.859967627867502138e-01 -1.701928704248430080e+01 1.139188742677255561e+00 8.640016332521086584e-01 4.632812388634949818e-01 9.316184996444878408e-01 9.551269606388556044e-01
7.094086655505724703e-01 7.356838677680958005e-01 1.085728001122808539e+00 9.671869438693092569e-01 8.430261537309460262e-01 7.549389830994153172e-01 6.523227364761386982e-01 6.213429555216573030e-01 9.816535879528540676e-01 9.123554637635109543e-01 8.563909008938866974e-01 7.720959458791536445e-01 3.593585956986686814e-01 7.691039243211700294e-01 8.726387426772554967e-01 -1.467723295247560245e+01 7.492149079553281910e-01 3.925361877578243397e-01 8.104478033238476931e-01 8.317985851131570740e-01
9.511764070537569449e-01 9.834374612984955188e-01 1.402176346955466890e+00 1.262466665555062928e+00 1.113922765317197694e+00 1.006996240080585636e+00 8.806160196477178514e-01 8.420412897014905029e-01 1.279622015388944378e+00 1.197162874108768982e+00 1.130029618909762279e+00 1.027930288840140705e+00 5.064026295866002059e-01 1.024283435216397864e+00 1.149571633252108427e+00 1.301334907955328246e+00 -1.978404990402789565e+01 5.499761776762354115e-01 1.074534534791150131e+00 1.100368592692681391e+00
1.580161998624044051e+00 1.624094740017791638e+00 2.168413747153036919e+00 1.991575503295611060e+00 1.798564316261034302e+00 1.655968842502314908e+00 1.482865758833140646e+00 1.428931366592043561e+00 2.013521246172049306e+00 1.907401861073296789e+00 1.819765809419465530e+00 1.684148884584399930e+00 9.322416584431734154e-01 1.679249248885588575e+00 1.845396238863495020e+00 2.041201187757824442e+00 1.646521177676235403e+00 -3.282711024542403067e+01 1.746418246712733380e+00 1.780668412556756230e+00
8.825751608935434867e-01 9.132391901942222834e-01 1.313949988455828999e+00 1.179737246861727096e+00 1.037589503402439606e+00 9.356523585517744213e-01 8.156252653902684724e-01 7.790951288889592652e-01 1.196191525923662846e+00 1.117172075926525121e+00 1.052973598318485360e+00 9.555827611291883850e-01 4.636517274120296461e-01 9.521097893686240043e-01 1.071648499644487940e+00 1.217027803323847968e+00 9.289945347911499063e-01 5.043332467127333851e-01 -1.834179866474844545e+01 1.024649259558944925e+00
8.603144586910170810e-01 8.904437730070676738e-01 1.285070593294679986e+00 1.152722295279238418e+00 1.012733593558873713e+00 9.124729467276103678e-01 7.945709022351337136e-01 7.587223539725213017e-01 1.168939248320928881e+00 1.091082914559246664e+00 1.027874275201782206e+00 9.320666494298729399e-01 4.499503897774757566e-01 9.286520303775297469e-01 1.046256960638854538e+00 1.189478585113157294e+00 9.059285926926814447e-01 4.896834125567562923e-01 9.757492595589449813e-01 -1.787271323499337683e+01
