-0.9381392723223265	0.09300445802093901	0.07741740901223738	0.007747216231171341	0.0024377910487758648	0.012153880951972224	0.04334091698251465	0.01393467739236435	0.07439230230567175	0.07507063037002545	0.0979872613851666	0.06826508044372509	0.06327073213988738	0.05233717982827719	0.04112587125900134	0.04043549930138326	0.03333071406651467	0.0506434839983539	0.06753624169962	0.023707925884725044
3.8042244580209386	-14.40513982294614	0.8843354045217907	0.1501489613699235	0.05474116872808982	0.2186196041213019	0.5877734536129725	0.24446552849031003	0.8606799730372369	0.8660215792278428	1.0350092521514236	0.8114042670791295	0.7697792152078355	0.6734243353046936	0.5656473381183998	0.5586590047733732	0.48395214824309246	0.6577784945424054	0.8054147362372583	0.3730609001581235
4.0296374090122375	1.125335404521791	-16.25236505322831	0.17842010001601394	0.06606691925507449	0.25778762474550604	0.6744837043287069	0.2875322471307645	0.9742646304413083	0.9800790640803089	1.1631168703058943	0.9205381576711772	0.8750242122815762	0.7691831030275802	0.6499181361287217	0.6421502081330384	0.5588231307985677	0.7519295020944089	0.9139964652125407	0.43407816404309596
6.782517216231171	3.213698961369924	3.0009701000160143	-49.880704446777095	0.47669943358620825	1.2889810969609752	2.3774353478449193	1.386799383832458	2.955725007864535	2.9659976389044043	3.275574797212816	2.859350559566129	2.7755277001068372	2.571848222167323	2.3248140408494087	2.307968767945775	2.120451325205106	2.537355544032439	2.8474301156628026	1.8115591874178514
8.112507791048776	4.4535911687280905	4.223916919255075	1.8119994335862084	-72.15467651272044	2.2079667111569057	3.5319121214298383	2.336338284181117	4.174707004787295	4.185891625726105	4.519910802836843	4.069426716365305	3.977318376208133	3.751198972549447	3.471906187779418	3.4526340316864816	3.235892243488235	3.7125547230629246	4.056359448417754	2.8686439504265047
6.255763880951972	2.751009604121302	2.5491776247455062	0.7578210969609753	0.34150671115690556	-41.96732306577576	1.967210282393045	1.0836129494208404	2.5064437069248466	2.516139963190641	2.80998164277561	2.415659386940545	2.3369765487287473	2.1469404994362082	1.9188644272875344	1.9034161999431978	1.7324216456739385	2.114929576418608	2.4044538282977443	1.454993490407585
4.737510916982513	1.5707234536129724	1.4164337043287065	0.296835347844919	0.11601212142983777	0.41777028239304465	-22.963338278563512	0.46200321031179026	1.3843821018616553	1.3916351940406384	1.616681599823944	1.3170318249288673	1.2594917225459896	1.123823804724448	0.9674656676576953	0.9571403805516786	0.8451809961377182	1.1014443105158387	1.3087896021542136	0.6729820367170433
6.094734677392364	2.6140455284903097	2.4161122471307643	0.6928293838324575	0.30706828418111637	0.92080294942084	1.8486332103117904	-39.67247161529012	2.3742704750917434	2.3837621663978323	2.6719708956010275	2.285463968428072	2.208589931604682	2.02331136676376	1.8017457696957522	1.7867728798709297	1.6213558144217919	1.9921592101639551	2.2745105360381297	1.3543323204528002
4.078532302305671	1.1535999730372366	1.0261846304413063	0.1850950078645341	0.06877700478729416	0.26697370692484573	0.6943521018616553	0.29761047509174315	-16.671250707770376	1.005916622981316	1.1919749683254053	0.9453098776553146	0.8989513623978055	0.7910399237812862	0.6692481474918872	0.6613079538676129	0.5760692380442383	0.7734339949287209	0.9386484160916009	0.448224999890903
4.067400630370026	1.1471315792278425	1.02018906408031	0.18355763890440366	0.06815162572610425	0.2648599631906406	0.6897951940406384	0.2952921663978328	0.9941066229813235	-16.57530986651435	1.185371732625955	0.9396357651546938	0.8934695001519104	0.7860296521275144	0.6648140658061438	0.6569131790812226	0.5721108709494569	0.7685040237714507	0.9330015621637225	0.44497502976315895
3.739987261385166	0.9657892521514218	0.8528968703058946	0.14280479721281575	0.05184080283684245	0.20837164277560966	0.5645115998239439	0.23317089560102777	0.8298349683254056	0.835041732625955	-13.903672958210244	0.7818261271498342	0.7413044389620316	0.647627045561965	0.543065921897318	0.5362947616410995	0.4639801769377628	0.6324330294638187	0.7759934592889239	0.3568981742634087
4.183855080443726	1.2157742670791294	1.083908157671177	0.2001705595661289	0.07494671636530531	0.2876393869405454	0.7384518249288677	0.3202539684280721	1.0567598776553149	1.0628957651546949	1.2554161271498345	-17.595847617474437	0.9518243890587502	0.8394462866432614	0.7121789542874634	0.7038644877363119	0.6144639465842412	0.8210784651858082	0.9930810313569307	0.47983832523887543
4.276810732139888	1.2720992152078359	1.1363442122815766	0.21429770010683738	0.08078837620813277	0.30690654872874706	0.7788617225459901	0.3413299316046824	1.1083513623978063	1.1146795001519096	1.312844438962032	1.049774389058751	-18.437319767713706	0.8836779013009236	0.7515482932036864	0.7429003554834175	0.6497818988701815	0.8646353428692914	1.0426290511324143	0.5090587954596012
4.508307179828278	1.4181743353046936	1.2729331030275801	0.25304822216732215	0.09709897254944645	0.3593004994362076	0.885623804724448	0.3984813667637597	1.2428699237812861	1.2496696521275146	1.461597045561965	1.1798262866432612	1.1261079013009234	-20.637396410866955	0.8556939921645593	0.8462063453379904	0.7436850133702675	0.9792751814177364	1.1721233196475664	0.5873742657121507
4.801085871259002	1.6143873381184002	1.4576581361287222	0.31000404084940875	0.12179618777941838	0.4352144272875345	1.0332556676576967	0.4809057696957527	1.4250681474918878	1.4324440658061444	1.6610259218973185	1.3565489542874638	1.2979682932036867	1.1596839921645599	-23.634543434033635	0.9894424177283158	0.8748553017533316	1.1368496964901134	1.3481600913063592	0.6981891131285147
4.821585499301383	1.6285890047733738	1.4710802081330385	0.314348767945775	0.12371403168648167	0.4409561999431976	1.0441203805516792	0.48712287987093	1.4383179538676134	1.445733179081223	1.6754447616410997	1.369424487736312	1.3105103554834177	1.171386345337991	1.0106324177283157	-23.8533807294351	0.8845653807028766	1.1484059057017064	1.3609886473915958	0.7064543225570895
5.054980714066515	1.7943821482430926	1.6282531307985677	0.3673313252051063	0.14747224348823515	0.5104616456739384	1.1726609961377186	0.5622058144217923	1.5935792380442388	1.601430870949457	1.8436301769377632	1.5205239465842413	1.4578918988701814	1.3093650133702681	1.1365453017533316	1.1250653807028772	-26.427415462727527	1.2847421099199696	1.511564907498585	0.8053286000616461
4.548353483998354	1.444268494542405	1.2974195020944088	0.2602955440324386	0.10019472306292376	0.3690295764186071	0.9049843105158388	0.409069210163955	1.2670039949287208	1.2738840237714502	1.4881430294638185	1.2031984651858076	1.1488053428692906	1.0210151814177353	0.8745996964901119	0.8649659057017056	0.7608021099199691	-21.03317674109416	1.1954002130253776	0.60174393349124
4.19699624169962	1.2236547362372585	1.0912364652125401	0.202120115662802	0.07574944841775298	0.2903038282977443	0.7440796021542138	0.3231705360381294	1.0639684160916008	1.0701315621637224	1.263453459288924	1.0069510313569283	0.9585490511324147	0.8456133196475668	0.7176600913063588	0.7092986473915953	0.6193749074985849	0.8271502130253777	-17.713355149361018	0.48389347673788635
5.463797925884724	2.101930900158123	1.9219481640430953	0.47687918741785096	0.19866395042650453	0.6514734904075841	1.418902036717043	0.7136223204527998	1.8841749998909032	1.8927350297631587	2.1549881742634085	1.8043383252388752	1.735608795459601	1.5714942657121505	1.378319113128514	1.3653943225570886	1.2237686000616455	1.54412393349124	1.794523476737886	-31.296687011812192