-29.261930890269703	1.5991683039247093	3.727774041072954	3.0266968863908152	4.0925185582042145	0.587500482209285	1.3172402131500898	2.1529114469130435	0.9751837414935244	1.5499050368660547	4.495864610868541	1.1554884126317098	0.6321156084966282	1.3013526408793474	0.5848202897880866	0.6781176195478814	0.708191305612894	0.2279768333300329	0.44335851404448495	0.005746344845412134
0.573248303924709	-19.499933774384033	2.8110761565538915	2.1765803560702546	3.1510243818250165	0.31105326522280075	0.7930998229217668	1.433598338833655	0.5566793005885703	0.9631198397908314	3.5329815529840243	0.6791862670873244	0.337974597848438	0.7817502321142872	0.3094479790671295	0.36611922465467484	0.38472583675403843	0.10918263258051286	0.22673036628535387	0.002355319276751653
0.09896404107295335	0.20818615655389122	-5.008849881109797	0.6613687630122375	1.207733334452955	0.04624504233951371	0.151638676485947	0.34887556944702863	0.09530423443115785	0.1976097128346638	1.461729923342741	0.1233926566635848	0.05113756473367174	0.14873258369999584	0.04595719553672634	0.056382758469764066	0.05992276779289659	0.013707420698851148	0.03173139394171365	0.00023008559950448608
0.17473388639081494	0.3505373560702541	1.4382157630122372	-8.01233945418055	1.6945003032495887	0.08462417161156832	0.2610040667260242	0.5630579093759582	0.1686161365491985	0.3340011952940798	1.9980654825641728	0.21513505869289917	0.0931920544293027	0.25632318640103885	0.08411851329866978	0.10232380159164617	0.10845711064658005	0.026081185690353687	0.0588880656478863	0.00046420693827615425
0.07354855820421395	0.15797438182501633	0.8175733344529549	0.5274933032495888	-3.835252471697731	0.03384391997896508	0.11395311259714427	0.26984131474702566	0.07076605149902446	0.1496949759024219	1.2269480414927216	0.09220718184164957	0.03749060364317817	0.11170782677756647	0.03362965421842202	0.041409884747660275	0.04406046320911677	0.009865521436441928	0.023082935022770274	0.00016140685184838193
1.5712504822092848	2.3207232652228007	4.658805042339514	3.9203371716115685	5.036563919978965	-41.025156889437305	1.9770090164029683	2.963130429311143	1.5384654905173203	2.261619237444617	5.4507089913854925	1.773022037699661	1.064927109136851	1.957213416704617	0.9960701614030008	1.1309504542302957	1.1736369702256564	0.4340808537845689	0.7833789166492742	0.013263923179712745
0.7383102131500894	1.2400898229217672	3.2015186764859473	2.534037066726025	3.5539931125971447	0.4143290164029683	-23.438469312740313	1.7286100787877545	0.7182626365918275	1.197674011948742	3.946875862917569	0.8653599792186357	0.44834368862674845	0.9866697633189947	0.4122944006216172	0.4836969682140764	0.5069586736649063	0.15156644923683776	0.3063975507163042	0.0034813405923586017
0.3575164469130427	0.6641233388336547	2.1822905694470283	1.6196259093759582	2.4934163147470256	0.1839854293111429	0.5121450787877542	-13.808288190907497	0.3461778152383104	0.6366084982409773	2.8493927982528304	0.43108342903081087	0.2011798168243293	0.5039817773013058	0.1829651208949079	0.21931970872023407	0.23140153993755713	0.06069039436316723	0.13119024799256973	0.001193956694890615
1.025233741493524	1.63264930058857	3.7741642344311583	3.070629136549199	4.139786051499025	0.6047654905173201	1.3472426365918273	2.1916228152383104	-29.804031775627905	1.5828232984994313	4.543870391675974	1.1831850476840873	0.6503601338460971	1.3311393117219301	0.6020254123394708	0.6973389767185648	0.7280338440237589	0.23594092561968746	0.45722195682498346	0.005999069764989783
0.5986750368660545	1.0378098397908315	2.875189712834664	2.23473419529408	3.2174349759024223	0.3266392374446168	0.8253740119487417	1.4807734982409777	0.5815432984994312	-20.12480102956978	3.6014130806565317	0.7080500342577416	0.35467332395741924	0.8136969740235501	0.3249667477694744	0.38395343008379823	0.40329574788913797	0.11541674409184464	0.23864637028306462	0.002514769735395559
0.052874610868540346	0.11591155298402406	0.6475499233427413	0.4070384825641727	0.8029280414927216	0.02396899138549312	0.0828158629175683	0.2017977982528303	0.05083039167597559	0.10965308065653073	-2.7775778256470796	0.06664401872920347	0.026597282584003276	0.08114032570704294	0.02381475916519456	0.0294288182656362	0.03134755472158079	0.00687426046707503	0.01625242443770929	0.00010964542903582306
0.8591284126317094	1.408746267087324	3.4558426566635845	2.770738058692899	3.81481718184165	0.49291203769966097	1.1479299792186357	1.930118429030811	0.8367750476840873	1.3629200342577414	4.213274018729203	-26.178097553158594	0.5319204558081718	1.1333414405725155	0.4905738777269838	0.5723081245913533	0.5987996403610182	0.18544283627239827	0.3680597009001234	0.004449353388725157
1.4887056084966281	2.220484597848438	4.536537564733672	3.801745054429303	4.913050603643178	0.9377671091368517	1.8838636886267484	2.8531648168243295	1.456900133846097	2.162493323957419	5.326177282584003	1.6848704558081722	-39.37599186177182	1.8645252418129346	0.9340039635448442	1.0633955534552344	1.1044407133308263	0.40094950795508716	0.7309976907038125	0.011918951034244162
0.749202640879347	1.2555202321142866	3.225392583699996	2.556136186401039	3.578527826777566	0.4213134167046164	1.0134497633189963	1.7472267773013057	0.7289393117219299	1.2127769740235501	3.9719803257070425	0.8775514405725153	0.4557852418129344	-23.68974279334916	0.41925105662606743	0.4916007552914278	0.5151597191067472	0.1545219345763591	0.31184316526219263	0.0035634414512380115
1.576440289788086	2.326987979067129	4.666387195536727	3.9277015132986697	5.044219654218422	1.0039401614030001	1.982844400621617	2.9699801208949075	1.5435954123394706	2.267816747769474	5.458424759165193	1.7785538777269838	1.0690339635448438	1.9630210566260673	-41.128434882241514	1.1352196162596033	1.1780073738966952	0.436201843824828	0.7867071027682545	0.013351813491540236
1.4104876195478808	2.1244092246546744	4.4175627584697645	3.6866568015916465	4.79274988474766	0.8795704542302956	1.794996968214076	2.747084708720234	1.3796589767185647	2.067553430083798	5.204788818265635	1.6010381245913532	0.9391755534552348	1.776120755291428	0.8759696162596035	-37.80093218432013	1.0394351305990033	0.3706018344046508	0.682338605445457	0.010732919029172101
1.3627013056128932	2.065155836754038	4.343242767792897	3.61493011064658	4.717540463209117	0.8443969702256563	1.740398673664906	2.681306539937557	1.3324938440237586	2.0090357478891376	5.128847554721579	1.5496696403610177	0.9023607133308253	1.7218197191067468	0.8408973738966952	0.9615751305990035	-36.83207018749217	0.35256207607855644	0.6530870635694698	0.010048656071740604
2.699586833330032	3.6067126325805123	6.114127420698851	5.349654185690353	6.500445521436442	1.9219408537845686	3.2021064492368367	4.327695394363166	2.657500925619687	3.5382567440918438	6.9214742604670745	2.9534128362723977	2.0159695079550866	3.1782819345763587	1.9161918438248278	2.10984183440465	2.1696620760785565	-62.82156022275968	1.5938713869276657	0.04482758142077087
1.8970185140444842	2.7063103662853534	5.1142013939417135	4.3645110656478865	5.49571293502277	1.2532889166492738	2.338987550716304	3.38024524799257	1.8608319568249831	2.643536370283064	5.912902424437709	2.118079700900123	1.328067690703812	2.317653165262193	1.2487471027682544	1.4036286054454568	1.45223706356947	0.5759213869276659	-47.431503033961064	0.019621576537971693
7.129126344845413	8.15165531927675	10.752420085599505	9.975807206938278	11.142511406851849	6.152893923179713	7.705791340592359	8.919968956694891	7.079329069764991	8.077124769735395	11.566479645429038	7.424189353388725	6.278708951034244	7.679093441451238	6.145111813491541	6.401742919029173	6.478918656071742	4.696597581420772	5.689341576537973	-147.4468123613336