-2.030057584184783792e+01 8.472767586733191969e-01 8.844365889377884260e-01 1.409744448554289153e+00 9.300820816040249461e-01 6.880085957210645420e-01 8.511029995405563486e-01 1.056086917510876910e+00 1.099958187948137267e+00 1.305634071240875826e+00 1.201992648726079471e+00 9.296850382812968938e-01 1.909215127669472434e+00 1.224893357075887312e+00 1.042894302481156776e+00 9.614709108586492192e-01 1.253782949396292645e+00 9.302339788822204802e-01 8.634523787884881285e-01 9.106244999573626098e-01
1.170057758673319404e+00 -2.379177669484991142e+01 1.041560784212383517e+00 1.617874239444367479e+00 1.092447357126240970e+00 8.203866261049314046e-01 1.004285103272877677e+00 1.232037173082346060e+00 1.280353534793137626e+00 1.505109194784594484e+00 1.392201140273217508e+00 1.092005487567228483e+00 2.151224517047233942e+00 1.417208132385099351e+00 1.217480066920513249e+00 1.127338653138621583e+00 1.448706648949469544e+00 1.092616400135640875e+00 1.018106479668799746e+00 1.070777397269892628e+00
1.125216588937788531e+00 9.595597842123833043e-01 -2.287286022416102682e+01 1.563487302976685589e+00 1.049554968189541304e+00 7.851555117460291555e-01 9.637279491177739299e-01 1.185707769063280015e+00 1.232904069908154598e+00 1.452877650610170379e+00 1.342286951755580215e+00 1.049124474419050213e+00 2.088484969529548874e+00 1.366766350382166761e+00 1.171494933751583867e+00 1.083558130770900574e+00 1.397612073220764195e+00 1.049719660097406138e+00 9.771743577807925352e-01 1.028446727691426421e+00
6.785734485542893601e-01 5.639222394443675901e-01 5.915363029766855796e-01 -1.364390139028811433e+01 6.257079010619412962e-01 4.477540815001365138e-01 5.667569569106588601e-01 7.214245159106797978e-01 7.552095638575536674e-01 9.165654651940753350e-01 8.346609195278814619e-01 6.254094846233007043e-01 1.414758273313415415e+00 8.526565184091359217e-01 7.113104194225602361e-01 6.493641152715785569e-01 8.754415640716155522e-01 6.258220719697626944e-01 5.759197069686795567e-01 6.111078412997973386e-01
1.073337081604024190e+00 9.129213571262410065e-01 9.520299681895417754e-01 1.500133901061941222e+00 -2.180828340026616274e+01 7.446815407508561302e-01 9.169506522491566169e-01 1.132049040518686933e+00 1.177903965764349747e+00 1.392127928795759306e+00 1.284328058708549047e+00 9.995830579630806678e-01 2.014966861233741025e+00 1.308172835166560022e+00 1.118248101028045616e+00 1.032944521829443962e+00 1.338232712768547605e+00 1.000159508480090720e+00 9.299516253539805710e-01 9.795606816735681344e-01
1.394494595721064600e+00 1.204091626104931478e+00 1.250861511746029331e+00 1.885411081500136143e+00 1.307912540750855834e+00 -2.837610700866272495e+01 1.208921258360512896e+00 1.463285737722580970e+00 1.516706117143765686e+00 1.763036450340628836e+00 1.639717293099338447e+00 1.307418126373944833e+00 2.455322364747249519e+00 1.667101821083549762e+00 1.447155931134682660e+00 1.346899893259817516e+00 1.701536168168593210e+00 1.308101680982829640e+00 1.224487231878457871e+00 1.283645578543751720e+00
1.165325999540556712e+00 9.957271032728742810e-01 1.037170949117773411e+00 1.612150956910658683e+00 1.087918652249156404e+00 8.166582583605132006e-01 -2.369486196195796524e+01 1.227150490263621219e+00 1.275350337034393711e+00 1.499609338859850594e+00 1.386941798144140536e+00 1.087477968622064584e+00 2.144638009263564626e+00 1.411894005375716743e+00 1.212629211270484175e+00 1.122717382291264832e+00 1.443324758353920156e+00 1.088087241655856463e+00 1.013782240772795662e+00 1.066307260598759798e+00
9.459349175108773267e-01 7.991041730823459366e-01 8.347757690632801042e-01 1.342443515910679785e+00 8.786420405186865512e-01 6.466477377225809953e-01 8.027754902636209389e-01 -1.918677787416702785e+01 1.042339689879927533e+00 1.241378303008235040e+00 1.140973368007621946e+00 8.782602464594436720e-01 1.829776009888907318e+00 1.163140586594369363e+00 9.872764251689135628e-01 9.088376770368034041e-01 1.191119896504655440e+00 8.787881049116594845e-01 8.146274992560189609e-01 8.599364233784002609e-01
9.062891879481375090e-01 7.639035347931376618e-01 7.984550699081546243e-01 1.292711563857553703e+00 8.409799657643497461e-01 6.165511171437660920e-01 7.674583370343935895e-01 9.588226898799286912e-01 -1.836869388952023385e+01 1.193979477010521872e+00 1.096045945942387023e+00 8.406096790139812036e-01 1.770666470559900008e+00 1.117653812179334238e+00 9.464547134210137269e-01 8.702746278864276208e-01 1.144938342840235324e+00 8.411216285310542107e-01 7.789361547959761101e-01 8.228415710099806768e-01
7.462480712408757766e-01 6.229421947845945606e-01 6.527116506101705573e-01 1.088350465194075190e+00 6.894869287957594572e-01 4.971644503406289495e-01 6.260003388598504026e-01 7.921443030082351289e-01 8.282624770105220247e-01 -1.505316860329124751e+01 9.129773015243524137e-01 6.891660716679998133e-01 1.523746593430819640e+00 9.321233937670596603e-01 7.813202599843483975e-01 7.149057945021728422e-01 9.563438878189955972e-01 6.896096839036417459e-01 6.358818679382053363e-01 6.737828689089394585e-01
8.220136487260794045e-01 6.894411402732175675e-01 7.215279517555804878e-01 1.185852919527881522e+00 7.610940587085490705e-01 5.532522930993385435e-01 6.927397981441403285e-01 8.711463680076223515e-01 9.097359459423870476e-01 1.092384301524352397e+00 -1.662556786128359576e+01 7.607491873507509217e-01 1.642401949073521772e+00 1.020354252128346850e+00 8.595688750338271733e-01 7.883970423676485151e-01 1.046079747151267059e+00 7.612259997597520256e-01 7.033946082235874586e-01 7.442077744857426014e-01
1.073774038281297249e+00 9.133134875672277442e-01 9.524334744190501301e-01 1.500669484623300631e+00 1.000417057962951661e+00 7.450211263739447975e-01 9.173439686220645761e-01 1.132501246459443722e+00 1.178367679013981428e+00 1.392641071667999775e+00 1.284817187350751011e+00 -2.181725649588469906e+01 2.015590403909504058e+00 1.308667420977423612e+00 1.118696775272464361e+00 1.033370638643720918e+00 1.338734059027680612e+00 1.000576610784070786e+00 9.303487463568541616e-01 9.799720185709716036e-01
4.387911276694725915e-01 3.580195170472341704e-01 3.772809695295493149e-01 6.755052733134154774e-01 4.012878612337409945e-01 2.784123647472493968e-01 3.599910092635646985e-01 4.695040098889074476e-01 4.939114705598999233e-01 6.127085934308195148e-01 5.519569490735217743e-01 4.010774039095040822e-01 -8.604760557330809689e+00 5.652269431714822545e-01 4.622300211363880029e-01 4.180160009501123763e-01 5.820922112842723539e-01 4.013683836677980898e-01 3.663726251899954156e-01 3.910078222638823653e-01
8.044783570758874403e-01 6.740121323850996049e-01 7.055713503821666732e-01 1.163412518409136176e+00 7.445028351665597954e-01 5.402008210835498314e-01 6.772560053757167298e-01 8.528775865943695189e-01 8.909078121793342353e-01 1.071094393767059616e+00 9.799182521283466007e-01 7.441634209774234954e-01 1.615235943171482225e+00 -1.626211896833314086e+01 8.414707500465631318e-01 7.713778501987912373e-01 1.025386251282697669e+00 7.446326887533647465e-01 6.877347178288995000e-01 7.278852815266911858e-01
9.582983024811565498e-01 8.101030669205132595e-01 8.461189337515837572e-01 1.357885419422560025e+00 8.903971010280454790e-01 6.560739311346828195e-01 8.138102112704839186e-01 1.012832425168908701e+00 1.055527713421014591e+00 1.256110259984348554e+00 1.154951875033827013e+00 8.900117752724646669e-01 1.848058021136388174e+00 1.177289750046563110e+00 -1.944165800623744644e+01 9.208691555032721965e-01 1.205480930208144175e+00 8.905445163111580520e-01 8.257772579655897616e-01 8.715173601767391975e-01
1.039544910858650306e+00 8.826316531386213526e-01 9.208521307709003345e-01 1.458609115271578549e+00 9.677635218294440289e-01 7.184878932598173229e-01 8.865683822912647782e-01 1.097063677036803853e+00 1.142017627886427800e+00 1.352365794502172758e+00 1.246450042367648559e+00 9.673556386437210941e-01 1.966514000950112306e+00 1.269866850198791086e+00 1.083539155503272289e+00 -2.111398991885069520e+01 1.299396395449409880e+00 9.679195653401366783e-01 8.992723560417106299e-01 9.477712075102163736e-01
7.830179493962928783e-01 6.551606489494695706e-01 6.860670732207643230e-01 1.135847564071615245e+00 7.242127127685474841e-01 5.242851681685932741e-01 6.583367583539199153e-01 8.305068965046554785e-01 8.678423428402349815e-01 1.044964887818994992e+00 9.552937471512675804e-01 7.238800590276803781e-01 1.581751211284272207e+00 9.750362512826985517e-01 8.193119302081445232e-01 7.505573954494096922e-01 -1.581693820559264196e+01 7.243399803499616096e-01 6.685976205794127436e-01 7.079280081667073121e-01
1.073169978882220432e+00 9.127714001356400653e-01 9.518756600974060955e-01 1.499929071969762662e+00 9.998405084797897802e-01 7.445516809828296445e-01 9.168002416558566070e-01 1.131876104911659908e+00 1.177726628531054365e+00 1.391931683903641526e+00 1.284140999759751933e+00 9.994236107841290018e-01 2.014728383667797829e+00 1.307983688753364682e+00 1.118076516311157675e+00 1.032781565340137098e+00 1.338040980349961551e+00 -2.180485184247682184e+01 9.297997595388725056e-01 9.794033784217889282e-01
1.150236378788488389e+00 9.821094796687970252e-01 1.023178357780795356e+00 1.593874706968679611e+00 1.073480625353981033e+00 8.047852318784582959e-01 9.863432407727944495e-01 1.211563499256019361e+00 1.259389154795976129e+00 1.482051867938205314e+00 1.370157608223587342e+00 1.073043746356854955e+00 2.123580625189995352e+00 1.394933717828899411e+00 1.197157257965590027e+00 1.107982356041710581e+00 1.426146620579413105e+00 1.073647759538872481e+00 -2.338571934973134603e+01 1.052057114804227478e+00
1.095040499957362634e+00 9.324123972698932228e-01 9.720827276914242310e-01 1.526694841299797600e+00 1.020721681673566694e+00 7.615755785437519076e-01 9.365002605987592377e-01 1.154504423378400091e+00 1.200926571009980570e+00 1.417584868908939644e+00 1.308602774485742470e+00 1.020299018570969274e+00 2.045847822263882509e+00 1.332716281526691082e+00 1.140529360176739004e+00 1.054113207510216199e+00 1.363109008166707659e+00 1.020883378421791665e+00 9.496891148042279074e-01 -2.225383381625884383e+01
