-1.847125681026868449e+01 8.886686579472866665e-01 9.161002769993760175e-01 1.002522116799108742e+00 1.420875379372234848e+00 6.652100241613985165e-01 8.553542244972098807e-01 8.962706677733984773e-01 1.185190342406000408e+00 1.193890330590942073e+00 1.324043881685174950e+00 8.259201807011580243e-01 3.575662401828187675e-02 9.517890808464163355e-01 1.436563734179915341e+00 9.050478646791506598e-01 9.141912626824595378e-01 8.284153695005350704e-01 8.848680924883379761e-01 1.340578698940299907e+00
1.120262657947286522e+00 -2.077317717443630585e+01 1.029699319014214964e+00 1.122978955082029717e+00 1.569231829647196319e+00 7.562477140956224142e-01 9.638698948255344234e-01 1.008234981617665449e+00 1.318829971540601553e+00 1.328116755455829523e+00 1.466640459279501041e+00 9.318902325054400082e-01 4.304081766412001103e-02 1.068271825762176830e+00 1.585818113788920236e+00 1.017738662259134896e+00 1.027633948656776708e+00 9.346033679388989768e-01 9.958816691189005255e-01 1.484185998236455806e+00
1.088872276999376165e+00 9.708773190142161447e-01 -2.017261879423379511e+01 1.091539371598732266e+00 1.530767582539582117e+00 7.323115635953845182e-01 9.354640069022993609e-01 9.789512876467399982e-01 1.284060082820738247e+00 1.293199087612870057e+00 1.429619139398813132e+00 9.041331677897789243e-01 4.106820742369947375e-02 1.037840074395873557e+00 1.547129269975696664e+00 9.882702242979931606e-01 9.979743695759352162e-01 9.067907243654533822e-01 9.668398373065290041e-01 1.446911200974080991e+00
9.974821167991240189e-01 8.863449550820291511e-01 9.137273715987327405e-01 -1.842302951004011646e+01 1.417739683381058491e+00 6.633235882283000651e-01 8.530915183413390057e-01 8.939332381362461444e-01 1.182379624827209597e+00 1.191066712176752862e+00 1.321035731518472200e+00 8.237125302561203455e-01 3.561190427319119861e-02 9.493535085002297036e-01 1.433408112863070905e+00 9.026946737761619710e-01 9.118217519535090076e-01 8.262030087581307969e-01 8.825512787469899090e-01 1.337548200823449163e+00
6.717843793722351187e-01 5.885468296471961791e-01 6.089045825395821288e-01 6.736886833810583619e-01 -1.216845967557658525e+01 4.266540021070373556e-01 5.639602590491367140e-01 5.941783637682328534e-01 8.136943709998428753e-01 8.204616826904188587e-01 9.227233015005068539e-01 5.423646627394723696e-01 1.939787943050444094e-02 6.355399697961036098e-01 1.012612583980314618e+00 6.006901469343837174e-01 6.074845893942221187e-01 5.441906859082736858e-01 5.857343159163744817e-01 9.358483864216914361e-01
1.431783024161398465e+00 1.291226714095622174e+00 1.326112563595384319e+00 1.434936588228300058e+00 1.942318002107037422e+00 -2.672564874885678066e+01 1.248624319885857314e+00 1.300911725348562920e+00 1.660087827345673839e+00 1.670661341824317470e+00 1.827379101593665567e+00 1.210761910499401184e+00 6.555313681407687332e-02 1.371247050243676435e+00 1.960816584390172590e+00 1.312077420638833480e+00 1.323690331421591981e+00 1.213979872581888664e+00 1.286379752416481947e+00 1.847101481664839895e+00
1.160100224497209842e+00 1.037021894825534307e+00 1.067438006902298842e+00 1.162877518341339345e+00 1.617797259049136516e+00 7.867973198858572159e-01 -2.153509808884184551e+01 1.045457080503941150e+00 1.362847729998991619e+00 1.372316868906664933e+00 1.513432428583361800e+00 9.672123690589509160e-01 4.561875010091126503e-02 1.106920166043172227e+00 1.634659269027258999e+00 1.055190418966555521e+00 1.065323255449005746e+00 9.699947435863988110e-01 1.032803019457413596e+00 1.531289765657843693e+00
1.111439667773398421e+00 9.918099816176618733e-01 1.021348287646740127e+00 1.114142238136246021e+00 1.558438363768233081e+00 7.495077253485628033e-01 9.558800805039417980e-01 -2.060439452135365457e+01 1.309064831453965017e+00 1.318310448749140384e+00 1.456248431816014266e+00 9.240816914423114481e-01 4.248118516439930437e-02 1.059716337298135969e+00 1.574962185981535479e+00 1.009452094326914962e+00 1.019294012468848099e+00 9.267792968303101286e-01 9.877142292293892289e-01 1.473723431797907768e+00
8.351853424060006192e-01 7.372309715406016872e-01 7.612830828207383105e-01 8.374146248272094084e-01 1.212780370999842816e+00 5.435098273456741014e-01 7.080967299989917585e-01 7.438908314539648403e-01 -1.531085841380058987e+01 1.007796657902817694e+00 1.124975741954843400e+00 6.824268127883158508e-01 2.692676145794172665e-02 7.926577288408185318e-01 1.227054110670244613e+00 7.515855881126838334e-01 7.596074516857432846e-01 6.846002919399457598e-01 7.339030487897005850e-01 1.139932438264511072e+00
8.283323305909419121e-01 7.309647554558293958e-01 7.548690876128704152e-01 8.305487121767528569e-01 1.203994682690418871e+00 5.385303418243176932e-01 7.020128689066649219e-01 7.375834487491406133e-01 9.922436579028123260e-01 -1.517927165619885876e+01 1.116597500024987477e+00 6.765067432676977743e-01 2.658714491693019849e-02 7.860546257037345219e-01 1.218204359445037355e+00 7.452308786288253106e-01 7.532036719984618323e-01 6.786662389075162061e-01 7.276574752818314451e-01 1.131483132114089463e+00
7.337048816851747812e-01 6.447074592795009051e-01 6.665081393988130376e-01 7.357367315184721868e-01 1.081475301500506747e+00 4.704671015936657263e-01 6.183474285833620021e-01 6.507404318160139312e-01 8.846417419548434635e-01 8.918165000249871355e-01 -1.336055116937586362e+01 5.951655533551558630e-01 2.211318233603263433e-02 6.949974882738642057e-01 1.094751823083091269e+00 6.577142165596193690e-01 6.649882358779378722e-01 5.971267578755018457e-01 6.416937982361450299e-01 1.013854396423173876e+00
1.196974180701158463e+00 1.071350232505439593e+00 1.102415167789779327e+00 1.199806530256120274e+00 1.662509662739472205e+00 8.152429104994008968e-01 1.033520369058951838e+00 1.079966691442310944e+00 1.403485812788315634e+00 1.413118743267697930e+00 1.556558553355156027e+00 -2.224011148776724056e+01 4.808050652646521372e-02 1.142719956065821441e+00 1.679617997129470686e+00 1.089907920743296676e+00 1.100255734856940393e+00 1.002845193267290824e+00 1.067040304232163228e+00 1.574695020541991841e+00
4.970245624018281738e+00 4.745935817664119760e+00 4.802785207423699632e+00 4.975140904273191111e+00 5.702977879430504160e+00 4.233469136814076883e+00 4.675361750100911706e+00 4.761801185164400430e+00 5.311420761457942064e+00 5.326634144916930325e+00 5.546941182336032838e+00 4.611515506526465913e+00 -9.477493798676889014e+01 4.875150548810228024e+00 5.727698672364551769e+00 4.780012558367298325e+00 4.798864372954416702e+00 4.616984643310611425e+00 4.737971459539727981e+00 5.574026631295497580e+00
1.049812080846416640e+00 9.347008257621768346e-01 9.630910743958727149e-01 1.052416508500229941e+00 1.482653969796103643e+00 7.026970502436763466e-01 9.001971660431717925e-01 9.425703372981351080e-01 1.240685728840818625e+00 1.249635625703734432e+00 1.383359488273864235e+00 8.696889560658213059e-01 3.868454881022744679e-02 -1.942505887232403694e+01 1.498726740582370542e+00 9.516546275587426384e-01 9.611159391822541309e-01 8.722760738678676518e-01 9.307659908353324019e-01 1.400326139717221086e+00
6.623527341799156920e-01 5.800131137889201760e-01 6.001462699756966446e-01 6.642371128630710775e-01 9.874925839803141425e-01 4.200325843901725476e-01 5.557022690272589438e-01 5.855821859815355523e-01 8.028481106702444192e-01 8.095513594450373107e-01 9.108798230830917886e-01 5.343529971294705971e-01 1.899867236455179964e-02 6.264927405823708106e-01 -1.198672610420663709e+01 5.920220615636704320e-01 5.987418357286620196e-01 5.361580398050064256e-01 5.772318908479776578e-01 9.238897187996689686e-01
1.101371864679151047e+00 9.824686622591342067e-01 1.011822224297995954e+00 1.104058673776162403e+00 1.546105146934383612e+00 7.418284206388335855e-01 9.467684189665567240e-01 9.906070943269144058e-01 1.297914588112683676e+00 1.307112878628825081e+00 1.444377216559619370e+00 9.151779207432970686e-01 4.184755836729769224e-02 1.049955627558742943e+00 1.562557061563670580e+00 -2.041178162243975081e+01 1.009780680799597041e+00 9.178577176066848864e-01 9.783988130459189136e-01 1.461771053574278278e+00
1.091017262682459688e+00 9.728659486567777792e-01 1.002028369575964417e+00 1.093687751953509535e+00 1.533401589394222109e+00 7.339433314215918491e-01 9.374032554490066005e-01 9.809510124688443078e-01 1.286438451685743001e+00 1.295587671998462032e+00 1.432153235877938080e+00 9.060277348569405476e-01 4.120137295441652497e-02 1.039918939182255420e+00 1.549778835728662374e+00 9.902826807995964709e-01 -2.021366230165233802e+01 9.086891182588322513e-01 9.688228961220566315e-01 1.449462842585060196e+00
1.193784369500535014e+00 1.068378367938898954e+00 1.099387724365453289e+00 1.196612008758130896e+00 1.658650685908273692e+00 8.127758725818885477e-01 1.030617743586400348e+00 1.076979296830310684e+00 1.399974291939945825e+00 1.409593238907516310e+00 1.552834757875501959e+00 9.971601932673013202e-01 4.786464331061102140e-02 1.139622073867867291e+00 1.675738039805006574e+00 1.086902717606684110e+00 1.097232118258832489e+00 -2.217913181416771096e+01 1.064076240934623163e+00 1.570947428923928912e+00
1.124710092488338642e+00 1.004129669118904999e+00 1.033909837306528967e+00 1.127433278746990508e+00 1.574667315916374877e+00 7.596487524164821092e-01 9.678990194574137451e-01 1.012387229229390950e+00 1.323750048789700484e+00 1.333057475281831605e+00 1.471874798236145088e+00 9.358283042321627887e-01 4.332445953972766106e-02 1.072584990835332652e+00 1.591284890847977751e+00 1.021916813045918637e+00 1.031838896122057259e+00 9.385492409346236631e-01 -2.085825079989601250e+01 1.489455687350110358e+00
7.226576989403000750e-01 6.346709982364557856e-01 6.562182009740811228e-01 7.246672008234491535e-01 1.067018386421692000e+00 4.626074816648400034e-01 6.086227656578436784e-01 6.406334317979076598e-01 8.720164382645111401e-01 8.791201321140899028e-01 9.862723964231739915e-01 5.857200205419921257e-01 2.161663129549799486e-02 6.843821397172212828e-01 1.080179718799668453e+00 6.475260535742783929e-01 6.547158425850602148e-01 5.876574289239290261e-01 6.316926873501106376e-01 -1.314799565410610427e+01
