-2.717886131306632791e+01 1.324475146035200002e+00 8.005154266370688720e-01 1.144115065199403647e+00 1.371798366468693686e+00 6.199539868555328237e-01 1.180139628904672389e+00 2.494329304378972711e+00 1.487857310849564296e+00 2.927523107796823787e+00 2.815207534320895988e+00 9.347777458934122263e-01 1.412387339735824386e-02 1.184761772465143359e+00 1.226738771071471001e+00 1.018072578093695890e+00 1.599351241158225134e+00 1.805928079530365382e+00 1.755590996422407679e+00 1.473601377587422379e+00
7.334141460351999431e-01 -2.082024163229439395e+01 5.749976415141191399e-01 8.505433768972250341e-01 1.039708569424661722e+00 4.357616005629937339e-01 8.801488236464832804e-01 2.029907134437948901e+00 1.137911135382579708e+00 2.431090972981093667e+00 2.326286334368552922e+00 6.811247994043408971e-01 8.574258280816645511e-03 8.839564941633359929e-01 9.186303630643956053e-01 7.479844279377854122e-01 1.233295897906838468e+00 1.412541662424727118e+00 1.368576476751167670e+00 1.125787517110129254e+00
1.230155426637068894e+00 1.595698641514119220e+00 -3.242147375367449769e+01 1.393720015884838404e+00 1.648244106669729980e+00 7.871815667283892370e-01 1.434291785351959447e+00 2.855180390309171923e+00 1.776390003020902997e+00 3.306994375115728246e+00 3.190374644468116028e+00 1.155417011634390700e+00 2.019186754315267437e-02 1.439488744077509930e+00 1.486598472553947836e+00 1.250783032978429299e+00 1.898598785214804074e+00 2.122948934352908434e+00 2.068513579981058115e+00 1.760702369638269760e+00
8.685270651994033697e-01 1.166016376897224927e+00 6.884920158848382155e-01 -2.408840728450596913e+01 1.209827234239746030e+00 5.277630123889406333e-01 1.033033414332717781e+00 2.272745216831576709e+00 1.317683848110381639e+00 2.691952665870516626e+00 2.582902185420724361e+00 8.094022367221109793e-01 1.120272244012698350e-02 1.037276473741920002e+00 1.075858769827228389e+00 8.849527542132298308e-01 1.421819360231582285e+00 1.616002502518453454e+00 1.568544561352371192e+00 1.304404868282875496e+00
7.023443664686939147e-01 9.613155694246607874e-01 5.491501066697301869e-01 8.159612342397462026e-01 -2.005322644005435251e+01 4.150200948592894235e-01 8.447216553601429867e-01 1.971496981141265037e+00 1.095779927879573012e+00 2.367870454475141884e+00 2.264206041591350083e+00 6.517155205382935135e-01 8.020363601979661403e-03 8.484218430522432186e-01 8.821292816508921053e-01 7.164624438729613187e-01 1.188953418366085257e+00 1.364390305964152228e+00 1.321319659666052582e+00 1.083947171232098494e+00
1.510513986855533064e+00 1.917382600562993700e+00 1.248101566728389455e+00 1.693911012388940485e+00 1.975034094859289491e+00 -3.858826280255807717e+01 1.739051396636807745e+00 3.259882558774719996e+00 2.114870722746883480e+00 3.727672224414937840e+00 3.607401617669248495e+00 1.425897700401081325e+00 2.945800202375278842e-02 1.744824054555831783e+00 1.797056330315256023e+00 1.533774087856743407e+00 2.247294949237847561e+00 2.488283053506736842e+00 2.430045262066741873e+00 2.097807580956340789e+00
8.391966289046726146e-01 1.130266823646483232e+00 6.637087853519596514e-01 9.676784143327162857e-01 1.173232655360142873e+00 5.075483966368077304e-01 -2.338756456758219571e+01 2.221450638716332637e+00 1.279107177845135501e+00 2.637100905888410285e+00 2.528885041099738995e+00 7.815044527745106384e-01 1.060096647154839915e-02 1.004152732529767444e+00 1.041925013687645896e+00 8.552342497378706554e-01 1.381453997975253367e+00 1.572601435304993078e+00 1.525851327334072582e+00 1.266064923984131507e+00
2.696393043789725441e-01 3.962781344379488480e-01 2.008503903091719278e-01 3.236432168315768187e-01 4.162609811412650296e-01 1.446325587747196995e-01 3.377036387163324105e-01 -8.446582719535815187e+00 4.668878277564509904e-01 1.278598314298954097e+00 1.203711207446829690e+00 2.463836079920128930e-01 2.082549495177454541e-03 3.395238644588303711e-01 3.562231014098002357e-01 2.762141901131091593e-01 5.176807156775911078e-01 6.173329299607607235e-01 5.923907000882483453e-01 4.605454862480617417e-01
6.325943108495643008e-01 8.737091353825798823e-01 4.914870030209029794e-01 7.380088481103815878e-01 9.099709278795731215e-01 3.690477227468834109e-01 7.647871778451352798e-01 1.836314827756450940e+00 -1.830709997515964460e+01 2.220771189318331729e+00 2.119944003709881120e+00 5.858228170302280935e-01 6.842759298689647142e-03 7.682350111934703740e-01 7.996709469669740500e-01 6.456596465533595008e-01 1.087899627547279646e+00 1.254196179392478738e+00 1.213278658136210497e+00 9.888591824212682457e-01
1.893831077968243515e-01 2.840119729810936522e-01 1.392143751157287335e-01 2.294006658705171064e-01 2.991844544751421364e-01 9.897222441493756795e-02 2.399039058884099296e-01 7.651483142989543573e-01 3.378941893183318168e-01 -5.982825551531210984e+00 9.362070463642142570e-01 1.723166751862966750e-01 1.323315053647881748e-03 2.412660856396764419e-01 2.537889781866619621e-01 1.942268046770995182e-01 3.771031744559671384e-01 4.550425379336004439e-01 4.354136540484809803e-01 3.330240698256266563e-01
2.074875343208961720e-01 3.096273343685532753e-01 1.530146444681164120e-01 2.507701854207246006e-01 3.259400415913501492e-01 1.091216176692480222e-01 2.621080410997390087e-01 8.206812074468297080e-01 3.674870037098814102e-01 1.066627046364214682e+00 -6.552856324103123242e+00 1.889848593085159401e-01 1.485355909293428799e-03 2.635778128085404237e-01 2.770829684870020349e-01 2.127339224128567685e-01 4.094705939549196372e-01 4.926540236246970683e-01 4.717367047191410867e-01 3.622654264186041528e-01
1.068187745893411700e+00 1.405595799404340873e+00 8.591870116343905961e-01 1.218400236722110952e+00 1.454579520538293202e+00 6.687477004010812243e-01 1.255857452774510552e+00 2.604483607992012839e+00 1.574495817030228118e+00 3.043866675186296611e+00 2.930114859308516007e+00 -2.875230461227281609e+01 1.578982257944232595e-02 1.260660891663750283e+00 1.304258665537246786e+00 1.087058528308369798e+00 1.689425916328725075e+00 1.901737975203336095e+00 1.850074441599114383e+00 1.559781944167636825e+00
6.078823873397357858e+00 6.664335258280815744e+00 5.655251867543151789e+00 6.351490722440126468e+00 6.742174363601978193e+00 5.203598002023752223e+00 6.416243966471547822e+00 8.291472549495177091e+00 6.926805759298688692e+00 8.804163315053648020e+00 8.673905355909292680e+00 5.947079822579441455e+00 -1.295145403390199874e+02 6.424463874491048720e+00 6.498237157398220276e+00 6.114335007739773786e+00 7.096804166825148030e+00 7.396002677760909805e+00 7.324779536590462214e+00 6.904573062119442994e+00
8.355247724651435615e-01 1.125780494163336032e+00 6.606117440775098881e-01 9.636274737419203706e-01 1.168638843052242970e+00 5.050270545558317448e-01 9.958587325297501014e-01 2.214976864458830352e+00 1.274261011193470461e+00 2.630169085639676219e+00 2.522060812808540220e+00 7.780138916637503455e-01 1.052687449104994059e-02 -2.329950861594507217e+01 1.037669435834481790e+00 8.515132547275104935e-01 1.376379805875792339e+00 1.567139598843388049e+00 1.520479951241020755e+00 1.261248914581827307e+00
8.030857710714711661e-01 1.086038363064395273e+00 6.333054725539483121e-01 9.277937698272281652e-01 1.127930281650891819e+00 4.828433303152558365e-01 9.592150136876461675e-01 2.157260101409800068e+00 1.231280946966973877e+00 2.568275978186661757e+00 2.461149968487001960e+00 7.471956655372471445e-01 9.884157398221479415e-03 9.632534358344826408e-01 -2.251839581670299140e+01 8.186346516977914822e-01 1.331344236901655265e+00 1.518603047445162613e+00 1.472761139186322676e+00 1.218540485480834823e+00
9.821425780936938743e-01 1.303115427937785231e+00 7.852130329784293705e-01 1.124610754213229313e+00 1.349986443872961406e+00 6.072840878567433709e-01 1.160247249737870190e+00 2.464974190113109032e+00 1.464992646553359590e+00 2.896436804677099630e+00 2.784523922412856844e+00 9.177185283083697520e-01 1.370500773977544572e-02 1.164820254727510385e+00 1.206357651697791411e+00 -2.676365918566258628e+01 1.575546078282865858e+00 1.780547346475535919e+00 1.730575319583847804e+00 1.450861860399750736e+00
5.731562411582252770e-01 7.981618979068385578e-01 4.427637852148042508e-01 6.712123602315827053e-01 8.322124183660855046e-01 3.305399492378476856e-01 6.962019979752535059e-01 1.716175715677591196e+00 9.169676275472800064e-01 2.089048174455967466e+00 1.990995593954919762e+00 5.298209163287252998e-01 5.909166825148802135e-03 6.994218058757922796e-01 7.288022369016555757e-01 5.852810782828661296e-01 -1.678980885387827726e+01 1.157790116917484013e+00 1.118884564068835630e+00 9.064632069513721691e-01
4.791850795303656541e-01 6.768596624247271709e-01 3.665659343529086289e-01 5.648475025184537257e-01 7.071013059641522158e-01 2.709800535067366511e-01 5.868014353049929577e-01 1.515279929960760663e+00 7.827161793924788391e-01 1.866439537933600290e+00 1.773631023624696823e+00 4.415849752033362274e-01 4.559677760910191453e-03 5.896335988433879516e-01 6.155130474451626643e-01 4.897343464755360420e-01 8.572421169174840871e-01 -1.432666349944420325e+01 9.646691513602345669e-01 7.733189409242763324e-01
5.003619964224074179e-01 7.044084767511675782e-01 3.836445799810579982e-01 5.889035613523713186e-01 7.355446596660525360e-01 2.842562620667419826e-01 6.115653273340723173e-01 1.561851700088248585e+00 8.133126581362105645e-01 1.918324654048481070e+00 1.824227704719141085e+00 4.614354415991144820e-01 4.850536590463613677e-03 6.144879512410209577e-01 6.411851391863224725e-01 5.112763195838477825e-01 8.898505640688351148e-01 1.036183151360235088e+00 -1.488932480834760064e+01 8.036541241518092571e-01
6.407033775874225734e-01 8.839505171101293968e-01 4.981643696382699882e-01 7.470948682828755238e-01 9.205031712320982384e-01 3.743495809563403554e-01 7.741099239841312540e-01 1.852337486248061715e+00 1.011224182421264439e+00 2.238266069825626481e+00 2.137087426418604164e+00 5.934739441676368799e-01 6.975062119443670855e-03 7.775879145818270777e-01 8.092954854808349641e-01 6.538938603997509480e-01 1.099760206951372110e+00 1.267163940924276089e+00 1.225985124151809158e+00 -1.851192651248177512e+01
