-22.151117506608664	0.7388120124023231	1.1827223752213085	0.8410172671861688	0.8340214995311397	1.046143624160223	0.6492298047076059	1.0994744523290019	0.8840594877860553	0.4296503342164478	1.2993910803755975	0.8197911458283376	2.3089015177812438	0.9636806370164964	3.0660531421669597	1.3697474467103408	1.2352109518261356	1.221373149191021	1.3465125589850246	0.8153250191872266
1.3165020124023235	-28.710795615728706	1.5316814679734276	1.125254393026394	1.116742066763748	1.3712775399944235	0.888518227576119	1.4342085365483073	1.1774403671335958	0.607207119815613	1.6668426708246196	1.0993999617862216	2.7851163531796246	1.2731664178389677	3.585571387265681	1.7475997420782146	1.5926896913072273	1.5766383077318904	1.7209896231147876	1.0939497293675178
0.8371423752213083	0.6084114679734277	-18.719791842040404	0.6973001759251116	0.6911896228483017	0.8780639008519402	0.5312130515922481	0.9255354056111142	0.7349779377126298	0.34516533542675676	1.1050651789781152	0.6787715901795808	2.041614860396699	0.8050357860664757	2.7670177755025684	1.1688009341443275	1.047169097404618	1.034717704363605	1.1477221425519133	0.674877499289661
1.1778572671861691	0.8844043930263938	1.3797201759251116	-25.85178136789438	0.9921208032467743	1.2290762095651702	0.782171938022956	1.2880644783384168	1.0483757738846327	0.5273197289882514	1.50736368116701	0.9760788368936191	2.5824897904522985	1.137420576530463	3.3663283694679578	1.583914972800078	1.437258631589871	1.4221077326531972	1.5586679344016132	0.9710400737543952
1.18666149953114	0.8916920667637477	1.389409622848302	1.00792080324678	-26.033938455896703	1.2381162101047622	0.7888565334502776	1.2973664007034997	1.0565472790481054	0.5322965625683153	1.5175558557086948	0.9838726405388124	2.595612111048082	1.146032988776655	3.3806022897035497	1.5943893587854747	1.447179839207636	1.4319687484907981	1.569050780309752	0.9788068650623203
0.9552336241602222	0.7026775399944235	1.1327339008519404	0.8013262095651702	0.7945662101047619	-21.212531799916263	0.6164219494764642	1.0517893024564953	0.842941641585971	0.4059460593793278	1.246373460785729	0.7808188401151459	2.2372028882371406	0.9200276350741051	2.986437110316466	1.3150085099584874	1.18383186433179	1.1703561787965489	1.2923336327190669	0.7765052420070075
1.4588398047076059	1.1204382275761187	1.6864030515922483	1.254941938022956	1.2458265334502776	1.5169419494764642	-31.62759419193369	1.583544419109296	1.3107478073031718	0.6925127830590353	1.8284689296038226	1.2272445931938611	2.9851332774804447	1.412782406429562	3.7997623392160884	1.9130615187851345	1.750605867818303	1.733726691539072	1.88521047188085	1.2214015816893744
0.9067144523290027	0.6637585365483074	1.0783554056111142	0.7584644783384169	0.7519664007035	0.9499393024564946	0.5811744191092958	-20.191479296524157	0.7984931665021696	0.38066370871225025	1.1885782283540767	0.7387553452352659	2.1580297278669196	0.872752667835074	2.8980261360594235	1.2552657626346528	1.1278864705493363	1.1148190759160634	1.2332249627703036	0.734611048992486
1.1256594877860553	0.8413503671335956	1.3221579377126296	0.9531357738846338	0.9455072790481055	1.1754516415859713	0.7427378073031717	1.2328531665021696	-24.769963134951393	0.498085734389655	1.44674575416546	0.9299797152434212	2.5039214266268717	1.086382573082366	3.2806308327708846	1.5215787534223664	1.3782885315479636	1.3635034118259972	1.4968893067901954	0.925103634129878
1.934050334216448	1.5339171198156127	2.1951453354267567	1.6948797289882511	1.684056562568315	2.001256059379328	1.3873027830590352	2.07782370871225	1.760885734389655	-41.27206171640228	2.3554853114126644	1.6619561485881498	3.6082422215344243	1.8804915587512994	4.455849828695984	2.450099477295624	2.267840386059937	2.248766854961063	2.4190162077946917	1.654996354752793
0.7505610803755977	0.5403226708246198	0.9018151789781155	0.6216936811670101	0.616085855708695	0.7884534607857295	0.47002892960382253	0.832508228354077	0.6563157541654605	0.3022553114126646	-16.874060463992844	0.6046957398320826	1.8914327709363883	0.7208872218741534	2.5960651883473296	1.0597755631359915	0.94583955432037	0.9342093076528273	1.0399892397081587	0.6011257268097501
1.204861145828338	0.906779961786222	1.409421590179581	1.0243088368936197	1.016302640538813	1.2567988401151462	0.8027045931938611	1.316585345235266	1.0734497152434215	0.5426261485881501	1.5385957398320824	-26.410208911625418	2.6226230477892503	1.1638395267788282	3.4099494568154904	1.6160058474481622	1.4676658034168009	1.4523316282692764	1.590480271388493	0.9948787722846155
0.31410651778124427	0.2126313531796245	0.3923998603966994	0.25085479045229836	0.24817711104808152	0.33331788823714076	0.18072827748044484	0.35599472786691977	0.2675264266268714	0.1090472215344247	0.445467770936388	0.24275804778925006	-7.183121791857717	0.29925389917069295	1.5179081066596793	0.47861424977847866	0.41598049348638694	0.4097169684014915	0.4675731108465547	0.24106497018504547
1.0372206370164974	0.7690164178389673	1.224155786066476	0.8741205765304629	0.866932988776655	1.084477635074105	0.6767124064295615	1.139052667835074	0.9183225730823658	0.44963155875129956	1.3432572218741532	0.8523095267788278	2.367588899170693	-22.929135729808813	3.130920369895742	1.4149924043283835	1.277762173375951	1.2636334547393382	1.3913092207743682	0.8477192114698878
0.16924314216695982	0.11107138726568097	0.21578777550256845	0.1326783694679578	0.13115228970355014	0.180537110316466	0.09334233921608816	0.19397613605942343	0.14222083277088485	0.05463982869598329	0.24808518834732934	0.12806945681549045	0.6158931066596793	0.1605703698957421	-3.6909621328627917	0.26854905279095365	0.23006695303659963	0.22626271508240245	0.2617082369518581	0.12710784211717358
0.7036574467103409	0.5038197420782146	0.8482909341443274	0.5809849728000778	0.5756593587854746	0.7398285099584874	0.43736151878513424	0.7819357626346525	0.6138887534223665	0.27960947729562463	0.9425155631359918	0.5648458474481618	1.8073192497784787	0.6753624043283838	2.4992690527909533	-15.866627475829901	0.8905084696365052	0.8793505414441865	0.9809623655386259	0.5614575051139136
0.7967309518261357	0.5765196913072275	0.9542690974046181	0.6619386315898713	0.6560598392076361	0.8362618643317905	0.502515867818303	0.8821664705493367	0.6982085315479639	0.32496038605993727	1.0561895543203694	0.6441158034168006	1.9722954934863868	0.7657421733759513	2.6883969530366	1.1181184696365054	-17.86041408022134	0.9879240047280362	1.0976291104179479	0.6403711861599196
0.807143149191021	0.5847183077318907	0.9660677043636043	0.6710377326531977	0.665098748490798	0.8470361787965492	0.5098866915390723	0.8933490759160635	0.7076734118259975	0.3301368549610629	1.0688093076528271	0.6530316282692763	1.9902819684014919	0.7758634547393383	2.7088427150824024	1.1312105414441864	1.0121740047280396	-18.082176737488563	1.110567059516498	0.649248202185246
0.7187425589850247	0.5155296231147879	0.8655321425519135	0.5940579344016134	0.588640780309752	0.7554736327190672	0.4478304718808499	0.7982149627703036	0.6275193067901957	0.2868462077946918	0.9610492397081595	0.5776402713884925	1.8345981108465548	0.6899992207743683	2.5307482369518577	1.0192823655386276	0.9083391104179478	0.8970270595164985	-16.191264257664017	0.5741930212033116
1.2106550191872265	0.9115897293675177	1.4157874992896609	1.029530073754394	1.0214968650623206	1.2627452420070076	0.8071215816893741	1.3227010489924858	1.0788336341298779	0.5459263547527932	1.54528572680975	1.0051387722846123	2.631189970185045	1.1695092114698877	3.4192478421171733	1.6228775051139135	1.4741811861599192	1.458808202185246	1.5972930212033116	-26.529918485761513