-3.093965417715236299e+01 1.027034312553920747e+00 5.814789855205598768e-01 8.461037711620199575e-01 3.657232184553428578e+00 5.746658278896477068e-01 1.642216375977492593e+00 6.274117159586434234e-01 1.502956876547195675e+00 3.166278809133177052e+00 3.818536821400874359e+00 9.396980972793250730e-01 3.069469758674734372e-01 1.292451361118503339e+00 1.612235141766080515e+00 5.609766196329497578e-01 3.619526737340550970e-01 4.102216413591943667e-01 4.668391401444902833e+00 3.342864584252920324e+00
9.734443125539207209e-01 -3.034486871561720989e+01 5.635560299788299199e-01 8.224415244098437494e-01 3.607920673614640528e+00 5.569051843801294810e-01 1.606267922544632354e+00 6.084149716268489883e-01 1.468731527524467451e+00 3.118810734961474207e+00 3.768742931809059726e+00 9.142411429421454239e-01 2.962737610480224437e-01 1.261138140070761748e+00 1.576644908564361014e+00 5.435445293507036313e-01 3.496986565175067008e-01 3.966377729577424960e-01 4.616792221950227315e+00 3.294661768811892877e+00
1.582948985520560292e+00 1.618616029978830140e+00 -4.337050678079980770e+01 1.375831074792242870e+00 4.602349421671725338e+00 9.899240704678383684e-01 2.386312498744914912e+00 1.067347184395520676e+00 2.218751332446092128e+00 4.085676155962081779e+00 4.770263596332368294e+00 1.502648350019267776e+00 5.724184756823484932e-01 1.959153305521213140e+00 2.350492608715506027e+00 9.696092459241916206e-01 6.621701169012067512e-01 7.390387126688799935e-01 5.644357506167754224e+00 4.272598108887256885e+00
1.171513771162020046e+00 1.201441524409843531e+00 6.997710747922425423e-01 -3.470624745122340471e+01 3.959794433479458142e+00 6.919377696474716677e-01 1.869455236035381995e+00 7.524338965244892208e-01 1.720138990534814338e+00 3.458757433775585088e+00 4.123718125140001689e+00 1.104547443494809045e+00 3.789022859931730491e-01 1.492467738054271909e+00 1.837389433372851100e+00 6.761812680083532090e-01 4.441524828160048899e-01 5.009764302353846288e-01 4.983292194123602137e+00 3.639375919623647260e+00
1.047971845534285684e-01 1.090756736146406281e-01 4.844442167172451075e-02 8.194943347945850276e-02 -5.779585124674694541e+00 4.767535488859962062e-02 2.294459052321955461e-01 5.375021798932769213e-02 1.981591058956926887e-01 7.532837186524815598e-01 1.089613242240087265e+00 9.554130695337892387e-02 2.109050698894431725e-02 1.554578381136648701e-01 2.225001157693146936e-01 4.614408512863883011e-02 2.597416506050275603e-02 3.050698421282192416e-02 1.628686415185490510e+00 8.374894490443011152e-01
1.596355827889647250e+00 1.632185184380128939e+00 1.010144070467836608e+00 1.388217769647471789e+00 4.621800354888598861e+00 -4.364666234052013749e+01 2.402605744245202235e+00 1.077935098669283054e+00 2.234559582602972050e+00 4.104754142023212538e+00 4.789808554569437327e+00 1.515675802561531560e+00 5.792112137562210883e-01 1.974098074218529675e+00 2.366686570025273717e+00 9.795463806772384263e-01 6.697526390247472428e-01 7.472581076475118822e-01 5.664239954370671626e+00 4.291827268854620847e+00
5.520463759774927315e-01 5.696879225446319639e-01 2.946724987449147459e-01 4.538752360353821014e-01 2.691710905232195472e+00 2.907457442452025531e-01 -2.024630786444510733e+01 3.213805397788101481e-01 8.980446335639183930e-01 2.249902268999139476e+00 2.839813858374939048e+00 5.131166730481678817e-01 1.441307732382864359e-01 7.488101712739758664e-01 9.778411296884128578e-01 2.828835568078404972e-01 1.729567265549266653e-01 1.988322504702216831e-01 3.638723250427856382e+00 2.407133349438792536e+00
1.497081715958643588e+00 1.531674971626849180e+00 9.355471843955200928e-01 1.296693896524489631e+00 4.475855217989328061e+00 9.259150986692832319e-01 2.281220539778810341e+00 -4.159422542130131006e+01 2.116909627780029890e+00 3.961735989934743518e+00 4.643123955911739209e+00 1.419287743774939381e+00 5.296335188566315688e-01 1.863077734871543933e+00 2.246066713065690834e+00 9.065039082593964181e-01 6.143086395035846081e-01 6.870701407144635953e-01 5.514895054588955681e+00 4.147623769096668411e+00
6.241368765471952962e-01 6.435015275244672095e-01 3.384613324460917783e-01 5.159089905348146488e-01 2.871774105895692486e+00 3.340495826029723503e-01 1.109394633563918653e+00 3.684196277800294572e-01 -2.209150310549418350e+01 2.418414270064813021e+00 3.023040983852471442e+00 5.813165348914715036e-01 1.678145223974083222e-01 8.388344298163702417e-01 1.085664669011348948e+00 3.252106918385184731e-01 2.007577585117527874e-01 2.302107824023790772e-01 3.834438160218607727e+00 2.580153625593860856e+00
1.560328091331764921e-01 1.621547349614735067e-01 7.396015596208116438e-02 1.231014337755848981e-01 1.295472718652481481e+00 7.281814202321265639e-02 3.298262689991393048e-01 8.181998993474298709e-02 2.869882700648128671e-01 -7.980204158488039212e+00 1.400584194124638859e+00 1.427419490965525783e-01 3.283721299373443259e-02 2.277298848571060186e-01 3.203553708709125369e-01 7.054217135659791860e-02 4.026563917402232323e-02 4.712268165793564306e-02 2.013909137792890824e+00 1.101941393056943497e+00
9.192882140087425824e-02 9.572493180905972121e-02 4.218559633236875633e-02 7.170012514000191628e-02 9.154402422400872430e-01 4.151055456943732180e-02 2.033758583749390447e-01 4.684595591173946333e-02 1.752529838524715111e-01 6.842221941246389161e-01 -5.170300488497511004e+00 8.372498876472288243e-02 1.826104948652003401e-02 1.370230754219254887e-01 1.971247564599989677e-01 4.016686036483500810e-02 2.251797988219226762e-02 2.647535482644945010e-02 1.513959696467803040e+00 7.628594630674452315e-01
1.062828097279324480e+00 1.090961142942144413e+00 6.243083500192673219e-01 9.022674434948091404e-01 3.771106306953378784e+00 6.171158025615318676e-01 1.726416673048167816e+00 6.727477437749390665e-01 1.583266534891471178e+00 3.276117949096552628e+00 3.933462988764723001e+00 -3.233360943331109638e+01 3.326999728699014947e-01 1.366154769890199683e+00 1.695627732946606514e+00 6.026582363206817172e-01 3.914528348268049851e-01 4.428635455484115635e-01 4.787238705689641272e+00 3.454314602392541289e+00
2.336816975867473278e+00 2.379733761048022256e+00 1.600818475682347808e+00 2.083362285993173302e+00 5.603395506988944064e+00 1.587391213756221386e+00 3.264170773238286305e+00 1.689833518856631356e+00 3.076504522397408348e+00 5.072953212993734695e+00 5.774739049486519171e+00 2.239439972869901485e+00 -5.857525238386872246e+01 2.780382375536534223e+00 3.224259267012375751e+00 1.560229508388393693e+00 1.132207895907980433e+00 1.242548063482547649e+00 6.660978964115694900e+00 5.265487040246536132e+00
7.553913611185028021e-01 7.776681400707613490e-01 4.206233055212126315e-01 6.299977380542717276e-01 3.170832838113664565e+00 4.153480742185299279e-01 1.301920171273975857e+00 4.563477348715435089e-01 1.180594429816370416e+00 2.700915884857105986e+00 3.326571075421925539e+00 7.059647698901997392e-01 2.134523755365341502e-01 -2.530457953549252892e+01 1.275682034036554002e+00 4.047678122250964461e-01 2.540052174460883938e-01 2.900127452583463050e-01 4.155324146579107314e+00 2.869159681182734900e+00
5.667151417660802881e-01 5.847149085643603694e-01 3.035026087155055508e-01 4.664594333728511732e-01 2.729415115769314504e+00 2.994765700252740026e-01 1.022491129688415157e+00 3.308767130656904976e-01 9.189646690113489891e-01 2.285081370870912565e+00 2.878212756459998634e+00 5.269777329466065474e-01 1.488692670123754058e-01 7.672220340365542013e-01 -2.062722791295025360e+01 2.914145230124102204e-01 1.785289073611153188e-01 2.051306664497920818e-01 3.679878408622365260e+00 2.443295956199283303e+00
1.623856619632949583e+00 1.660014529350703372e+00 1.031019245924189365e+00 1.413651268008353279e+00 4.661459085128639046e+00 1.020736380677235600e+00 2.435933556807840183e+00 1.099713908259395856e+00 2.266910691838518677e+00 4.143668171356598151e+00 4.829654860364835933e+00 1.542408236320681691e+00 5.932395083883935660e-01 2.004707812225096752e+00 2.399814523012410383e+00 -4.421219515469642403e+01 6.853983251408327648e-01 7.642062966561634640e-01 5.704758847783801379e+00 4.331043287819787757e+00
2.138122673734054846e+00 2.179458656517506032e+00 1.436870116901206140e+00 1.894912482816004662e+00 5.354579165060502355e+00 1.424232639024747504e+00 3.039296726554926664e+00 1.520808639503584025e+00 2.855747758511752554e+00 4.826681639174021932e+00 5.525295979882191233e+00 2.044492834826804550e+00 8.785078959079798411e-01 2.567235217446088402e+00 3.000218907361114962e+00 1.398688325140832633e+00 -5.461470202091170734e+01 1.102035711198515955e+00 6.409343558015666353e+00 5.018173093334205248e+00
1.988821641359194148e+00 2.028827772957742415e+00 1.316168712668879692e+00 1.754166430235384544e+00 5.161541984212822065e+00 1.304168107647512009e+00 2.867602250470221215e+00 1.396000140714463100e+00 2.687630782402378848e+00 4.635968681657935520e+00 5.331683354826449950e+00 1.898333545548411605e+00 7.912780634825477000e-01 2.405672745258346179e+00 2.829250666449792284e+00 1.279926296656163531e+00 9.044657111985164866e-01 -5.162172352153739752e+01 6.213706296270914642e+00 4.826510337519720473e+00
4.588140144490319983e-02 4.787222195022725058e-02 2.037750616775390808e-02 3.537219412360191606e-02 5.586114151854902898e-01 2.003995437067251570e-02 1.063832504278564850e-01 2.271505458895490409e-02 9.074816021860769577e-02 4.016451377928911270e-01 6.180576964678029528e-01 4.159870568964136456e-02 8.598964115694865754e-03 6.987414657910778759e-02 1.028884086223650490e-01 1.936884778380195543e-02 1.066355801566666595e-02 1.259629627091488416e-02 -2.687365839678594881e+00 4.540729198626402563e-01
1.352255842529200558e-01 1.406127688118922747e-01 6.348910888725647905e-02 1.063269196236472230e-01 1.182285449044300663e+00 6.249826885462090448e-02 2.896643494387923790e-01 7.031476909666786734e-02 2.513346255938606610e-01 9.045483930569439002e-01 1.281828463067445245e+00 1.235456023925411428e-01 2.797804024653541971e-02 1.985806811827350027e-01 2.811769561992836786e-01 6.052428781978742844e-02 3.436409333420522433e-02 4.027133751972038905e-02 1.868943919862640080e+00 -7.123513618285795879e+00
