-8.824779227424992101e+00 1.164264426504273642e+00 7.213813614638224514e-02 1.980238851816266410e-01 2.507880136788057535e-03 3.746496536782071285e-01 1.156115921552660573e-12 4.547847607792604441e-01 1.315432049495017519e-01 5.405082048433766939e-01 1.777998188872214502e+00 2.119072196258495466e-01 6.738278767062660934e-02 1.410933934499541964e-01 7.030223099547840138e-02 7.073322248594158257e-01 1.498031138160605069e+00 1.402361692981852981e+00 3.657950452454342312e-03 6.292248135967955930e-03
8.519644265042732867e-01 -7.379488211270250453e+00 5.659361605477509355e-02 1.586751199885938768e-01 1.905963606777512235e-03 3.060122362070619717e-01 8.545472506644300570e-13 3.740725827847422025e-01 1.043862248538433568e-01 4.475933373027838891e-01 1.565419050650446620e+00 1.701033022097042380e-01 5.280359740174542932e-02 1.121374627676998137e-01 5.512968550711198207e-02 5.925489869201261417e-01 1.305316638093670489e+00 1.217232075114925038e+00 2.785731018863494158e-03 4.808174282250911140e-03
4.116254136146381803e+00 4.413009616054774042e+00 -4.462538027328025692e+01 1.836385600530113349e+00 7.272354795368853042e-02 2.574430206243504937e+00 5.733979651171254273e-11 2.835831603970187853e+00 1.451971670779390156e+00 3.084857489116147100e+00 5.357222893191315727e+00 1.906514109750354624e+00 9.565083916121803753e-01 1.513221421145815926e+00 9.833810952479707934e-01 3.505901056101788260e+00 4.951579731293215048e+00 4.804370485138186098e+00 1.010281938285751135e-01 1.601890251193265058e-01
2.872613885181626525e+00 3.145565119988593672e+00 4.668596005301133833e-01 -2.887985371457068950e+01 2.443703814504457478e-02 1.550663671034058444e+00 1.532024911424492919e-11 1.760514815810524603e+00 7.416059695445493816e-01 1.966626344181955810e+00 4.038631984753061843e+00 1.049382034112651407e+00 4.422248450103876127e-01 7.813295321040057972e-01 4.574070596896943619e-01 2.327266749798044820e+00 3.651063197188102016e+00 3.511754068036173404e+00 3.472491893213379421e-02 5.718288051465182653e-02
8.080247880136788297e+00 8.391945963606778136e+00 4.106347547953689059e+00 5.427587038145044396e+00 -1.068546336484510846e+02 6.366599400163865496e+00 2.751726805014083271e-09 6.673924056459883403e+00 4.871165232005086665e+00 6.958458626733541763e+00 9.365732424764763309e+00 5.522903170151026053e+00 4.023168584526990443e+00 4.964314728823647549e+00 4.074817969378120353e+00 7.425484348075844565e+00 8.950052443983306460e+00 8.798310207520023241e+00 1.231675314885061212e+00 1.621898708385901777e+00
2.096849653678207304e+00 2.340512236207061836e+00 2.525142062435047907e-01 5.982736710340585962e-01 1.105940016386492211e-02 -2.009311150016407410e+01 6.110147876918118907e-12 1.162929356912361545e+00 4.246622212442124344e-01 1.327583084800015412e+00 3.165518952958819021e+00 6.326170442729643906e-01 2.377820200180751908e-01 4.506567793370114816e-01 2.468466762254359070e-01 1.625614457283195868e+00 2.802922083289819621e+00 2.674189208054633227e+00 1.589618237090763969e-02 2.668426606381543720e-02
3.091727000000115666e+01 3.122957000000085159e+01 2.687315400005734034e+01 2.824268000001531931e+01 2.283953000275172229e+01 2.919507000000610830e+01 -5.390591010058476513e+02 2.950495000000452706e+01 2.767188300002656121e+01 2.979133000000343046e+01 3.220446000000033138e+01 2.833987000001394563e+01 2.678487200006242830e+01 2.776791200002421434e+01 2.683973000005921250e+01 3.026057000000218267e+01 3.178842000000049595e+01 3.163651000000057323e+01 2.327183000181971195e+01 2.389949000099763410e+01
1.867104760779260353e+00 2.098692582784742022e+00 2.040356039701880508e-01 4.982448158105247660e-01 8.504056459883242020e-03 8.530493569123612785e-01 4.529579736575667289e-12 -1.763211841017284698e+01 3.489538679858618653e-01 1.150015134939608830e+00 2.894105148707147634e+00 5.280984933830300543e-01 1.918045891364443256e-01 3.711228821746711537e-01 1.993267449031496663e-01 1.424943426783675804e+00 2.542641146633609850e+00 2.418522679176691170e+00 1.226166263121850931e-02 2.069145699624838977e-02
3.376930204949501579e+00 3.662073224853843012e+00 6.532426707793903553e-01 1.312402969544549824e+00 3.881223200508562843e-02 1.947849221244212448e+00 2.656394803492619662e-11 2.182020867985861923e+00 -3.501427310744910670e+01 2.408730811696929486e+00 4.581845261535942626e+00 1.370903763158851874e+00 6.212162325939581953e-01 1.048782845988603718e+00 6.409748361223898128e-01 2.798939428398288687e+00 4.184752085980957048e+00 4.041311339372181344e+00 5.468948909958171178e-02 8.879562211241331937e-02
1.666448204843376635e+00 1.885833337302784019e+00 1.666814891161475520e-01 4.179763441819557834e-01 6.658626733541403789e-03 7.313230848000152884e-01 3.434627672491162159e-12 8.636351349396089727e-01 2.892838116969297935e-01 -1.553067893507027364e+01 2.650435735754672617e+00 4.439607308156943155e-01 1.564586686949073768e-01 3.082535621405461113e-01 1.627432102901670286e-01 1.252901863166416607e+00 2.310723808887122477e+00 2.191417055047669482e+00 9.626584201474035901e-03 1.631768245381062798e-02
4.908081888722143904e-01 5.905290506504463632e-01 2.591689319131578254e-02 7.685198475306140309e-02 8.024247647613534607e-04 1.561289529588193448e-01 3.324273523950643185e-13 1.945951487071476971e-01 4.926826153594288799e-02 2.373057357546725643e-01 -3.884565028781632012e+00 8.278239517533188263e-02 2.410998053231886221e-02 5.314325628086592757e-02 2.521807578450226128e-02 3.247462692816361907e-01 8.063626665758011347e-01 7.427621878839906211e-01 1.179355570360054962e-03 2.054200508110863663e-03
2.789307219625849488e+00 3.059803302209704423e+00 4.397981097503549375e-01 9.521920341126512977e-01 2.256317015102545648e-02 1.487817044272964351e+00 1.394918052794044496e-11 1.693178493383030059e+00 7.029167631588517651e-01 1.895420730815694288e+00 3.947372395175331672e+00 -2.789920800117668520e+01 4.163228702123068503e-01 7.411348417913111719e-01 4.307879476623982518e-01 2.250392315573319202e+00 3.561785210214045261e+00 3.423328142790748263e+00 3.210411051216666839e-02 5.298329975098644423e-02
4.199780787670627014e+00 4.497501597401746487e+00 1.044790391612180791e+00 1.900032845010388050e+00 7.782658452698987261e-02 2.647980020018075642e+00 6.242628161666187016e-11 2.911882589136444377e+00 1.508227232593958300e+00 3.162916668694907507e+00 5.443697980532318681e+00 1.971320870212307064e+00 -4.575686934753424140e+01 1.570782739491525692e+00 1.027679770769444501e+00 3.586670407351192136e+00 5.037369316309355582e+00 4.889854980235697646e+00 1.079269861948550929e-01 1.706275797098082414e-01
3.290451393449953965e+00 3.573795462767699771e+00 6.184634211458160946e-01 1.256097532104005543e+00 3.593272882364667575e-02 1.877814779337011464e+00 2.421543465136213484e-11 2.108160882174670903e+00 9.527538459886040201e-01 2.331671562140546161e+00 4.489691256280866405e+00 1.313092841791311249e+00 5.877427394915254455e-01 -3.393806323762046873e+01 6.066923242384776316e-01 2.717355840612918794e+00 4.093969564092486912e+00 3.951127706934085548e+00 5.070856815293623560e-02 8.254078806969411541e-02
4.147842230995478552e+00 4.444969685507111912e+00 1.016805095247968360e+00 1.860357059689694559e+00 7.461796937812020802e-02 2.602186676225435757e+00 5.921496921991248060e-11 2.864546744903149644e+00 1.473127836122389844e+00 3.114343210290166919e+00 5.389948075784501746e+00 1.930927947662398170e+00 9.728217707694454264e-01 1.534874324238477916e+00 -4.505221388114320291e+01 3.536428037345954234e+00 4.984040273918803443e+00 4.836713305496345150e+00 1.035912848437558903e-01 1.640723526647853980e-01
1.364032224859415665e+00 1.561548986920126225e+00 1.184850561017884163e-01 3.093767497980448034e-01 4.444348075843686241e-03 5.601144572831955326e-01 2.182119518938323257e-12 6.693234267836756235e-01 2.102524283982884767e-01 7.836618631664169499e-01 2.268636269281636419e+00 3.296923155733191835e-01 1.109724073511913905e-01 2.246978406129186423e-01 1.155880373459542282e-01 -1.244054034996550051e+01 1.951281425118474910e+00 1.840973712031652942e+00 6.451019592978764726e-03 1.100778166839716694e-02
6.268811381606050892e-01 7.464666380936705314e-01 3.631373129321510684e-02 1.053231971881020829e-01 1.162443983305698567e-03 2.095720832898198271e-01 4.974318028154321620e-13 2.591711466336101277e-01 6.821508598095708809e-02 3.136338088871226670e-01 1.222402666575801433e+00 1.132352102140454370e-01 3.382131630935511502e-02 7.346156409248744135e-02 3.535027391880368741e-02 4.234314251184748690e-01 -5.199072167348778528e+00 9.259673147871391174e-01 1.704686879815046300e-03 2.958435941949832514e-03
6.831216929818526573e-01 8.102920751149252920e-01 4.101448513818631986e-02 1.179240680361735016e-01 1.330207520023397308e-03 2.327492080546330333e-01 5.762711107303532671e-13 2.869626791766914375e-01 7.668433937218112340e-02 3.462370550476694953e-01 1.310712187883990465e+00 1.266881427907480817e-01 3.821698023569682079e-02 8.252970693408552549e-02 3.993330549634544618e-02 4.650337120316531125e-01 1.077877314787138996e+00 -5.742633857434984002e+00 1.949019326836215829e-03 3.377677505577560656e-03
7.649097950452454775e+00 7.960525731018862849e+00 3.702352193828574833e+00 5.005574918932134132e+00 7.993753148850605283e-01 5.939136182370907235e+00 1.819714195422225543e-09 6.245381662631218411e+00 4.454742489099581704e+00 6.529126584201473626e+00 8.933809355570359045e+00 5.100144110512166762e+00 3.620968986194854633e+00 4.546790568152935919e+00 3.671491284843755754e+00 6.995191019592978954e+00 8.518294686879814392e+00 8.366629019326836669e+00 -9.938507826024077474e+01 1.346446199927093579e+00
7.024072248135968088e+00 7.334888174282252038e+00 3.133853025119326841e+00 4.400372880514651364e+00 5.619387083859014309e-01 5.322264266063815974e+00 9.976357560235217448e-10 5.626151456996248079e+00 3.861188622112413427e+00 5.908157682453810899e+00 8.307024200508111633e+00 4.493363299750987139e+00 3.056009579709808133e+00 3.950962788069694032e+00 3.104312352664785557e+00 6.372087781668397177e+00 7.891888435941949886e+00 7.740397677505577612e+00 7.187861999270939162e-01 -8.880771938080843597e+01
