-42.40822717588597	1.6685292302190917	3.21369004633891	1.2142495502118067	1.7564597209473332	0.3983483750185884	1.8068079568382842	2.3219828109656877	1.0903524166958132	2.0271383829706484	3.437682587914842	2.213915331855904	1.6367460036203356	1.9104927107464762	1.3744616408516546	2.470429732595228	3.2950397064972594	3.9446275712453063	3.9925334367591	2.6347399635937
0.5395302302190913	-27.649239043851416	2.2612737428348306	0.6800394176026883	1.065090247227732	0.18723167622946713	1.1027899104494638	1.5051651639614194	0.5979143458329399	1.2712936338261227	2.460656321884971	1.4183876476244124	0.9767121303599182	1.1813840515529987	0.7896159828480507	1.6262527650578131	2.3333083049971757	2.9227757918512802	2.9671299716174553	1.7626877078735859
0.15015004633891024	0.3267327428348306	-10.557388603988905	0.19979576614077244	0.3548448651968333	0.04352313522880555	0.3714738993354247	0.5644728898982387	0.17031318138874488	0.4488731259210378	1.1296181061846093	0.5204852979847772	0.3168600391954735	0.4069526960456198	0.24113127950820554	0.6279785173625282	1.0461539271434046	1.4515878143555823	1.4839849522738566	0.7024563216512493
0.8125695502118067	1.407358417602688	2.8616557661407724	-36.77941417330269	1.487556285145454	0.3075195005215099	1.533653166616311	2.0118983089777474	0.8912018517544855	1.7367948543189824	3.0783443014697642	1.9106640097868808	1.3784695802996463	1.6289699308781844	1.1422329866210041	2.1516596735716975	2.940228857718836	3.5722574469525434	3.619146686179481	2.3072329985348965
0.499987720947333	0.9376172472277318	2.1619128651968333	0.6327642851454544	-26.198266863418134	0.17105968195480997	1.0361821275266312	1.4244202920479596	0.5550667825359891	1.1983285793992267	2.3576934009059123	1.3403975964008763	0.915325794027076	1.11172688375287	0.7368046864215506	1.541904817713558	2.2325930488010166	2.8130415127234087	2.8568464960698883	1.6745930446200088
2.0237083750185882	2.9415906762294677	4.732423135228806	2.33455950052151	3.05289168195481	-68.6514157792752	3.1158840092187634	3.734998122132986	2.157177593539576	3.3858885681790905	4.973480914573997	3.608478333882825	2.9009343113753543	3.2440387479310124	2.5556113394977813	3.9063993926012355	4.820308183235712	5.509831603677785	5.559972901877445	4.093238388598462
0.47882395683828377	0.903804910449464	2.107029899335424	0.6073491666163109	0.9646701275266297	0.16254000921876313	-25.40432370800499	1.3802398212863325	0.5320898362569336	1.158562947034884	2.300715354294672	1.2977841670406332	0.8820709753191875	1.073828534996272	0.7083263175795469	1.4956684743833053	2.176923310640126	2.75210128299268	2.7955834694190522	1.626211146776492
0.31072981096568797	0.6229111639614194	1.6167598898982383	0.40232530897774765	0.6696392920479595	0.09838512213298567	0.6969708212863325	-18.553062789347706	0.34836563578786905	0.8214295621217536	1.787870905657462	0.9329867703048473	0.606337546237944	0.7545624250932776	0.4760808538352461	1.0949242803780532	1.6782197114056254	2.1954771305936256	2.23532463305066	1.2037619256109726
0.9147824166958134	1.5513433458329402	3.0582831813887448	1.1173118517544858	1.6359687825359892	0.35624759353957636	1.6845038362569338	2.1840486357878692	-39.899393899787	1.897532122710456	3.279268001946805	2.0788565620197983	1.5207995806344192	1.7846278867636733	1.2697264966675386	2.3288520225757705	3.1384881580575903	3.7808759308514555	3.8283671512224213	2.4895103425447234
0.3972013829706484	0.7703556338261229	1.882476125921038	0.5085378543189825	0.8248635793992265	0.1305915681790905	0.8566099470348842	1.2027455621217535	0.4431651227104562	-22.212188074812367	2.0667387108377455	1.1270402101765993	0.7509497088929351	0.9231931583325722	0.5969848066528262	1.3092659369032569	1.9488396490258695	2.500091071324191	2.5420909528376066	1.430447093346564
0.1252225879148413	0.2771953218849706	0.8806981061846099	0.16756430146976437	0.30170540090591214	0.035660914573997206	0.3162393542946723	0.48666390565746215	0.14237800194680453	0.3842157108377454	-9.09038780669681	0.44755805145776517	0.2686060934579212	0.3473332772320403	0.20306326842192035	0.543371036511381	0.9230842051840406	1.2996095997669872	1.329989203668285	0.6102294653256899
0.33982333185590413	0.6732946476244128	1.7099332979847772	0.43825200978688084	0.7227775964008759	0.10902633388282429	0.7516761670406332	1.0701477703048472	0.3803345620197984	0.8828852101765987	1.8859260514577654	-19.821464840028106	0.6557202180238808	0.8124677030791623	0.5171306169267782	1.1692701376575794	1.7732102711009483	2.3031669966737778	2.3438248431848048	1.2825970748458557
0.5546900036203354	1.023655130359921	2.2983440391954733	0.6980935802996465	1.0897417940270764	0.19351831137535447	1.1279989753191875	1.535534546237944	0.6143135806344189	1.2988307088929347	2.4990100934579216	1.4477562180238808	-28.195041861090893	1.2077113113364617	0.809730764801113	1.6579276155804423	2.3708617158572554	2.9635297845960324	3.0080778808898687	1.7957158065856316
0.43831571074647585	0.8382060515529988	1.9983156960456196	0.5584729308781845	0.8960218837528697	0.14650174793101164	0.9296355349962713	1.2936384250932778	0.4880208867636731	1.0809531583325729	2.18761627723204	1.214382703079162	0.8175903113364614	-23.8475599320119	0.6533794506002498	1.4048547443323107	2.066564741523245	2.630653611823328	2.6734522181289786	1.5309838478631705
0.7006436408516541	1.244796982848051	2.6308532795082056	0.8700949866210039	1.3194586864215505	0.2564333394977808	1.362492317579547	1.813515853835246	0.7714784966675382	1.5531038066528258	2.8417052684219204	1.717404616926778	1.2179687648011128	1.45173845060025	-33.197331370557166	1.9467053044627622	2.7072151627519117	3.3250356848322182	3.371089390956981	2.095597336319824
0.274979732595228	0.5598017650578133	1.496068517362528	0.3578896735716976	0.6029268177135578	0.08558939260123465	0.6282024743833058	0.9107272803780535	0.30897202257577044	0.7437529369032567	1.6603810365113811	0.8479121376575798	0.5445336155804422	0.6815817443323111	0.42507330446276226	-16.93368200564216	1.5550035901576071	2.054416370985721	2.093112735511726	1.1027568573001814
0.14056970649725953	0.3078373049971764	0.9552239271434051	0.18743885771883595	0.3345950488010163	0.04047818323571118	0.3504373106401261	0.5350027114056257	0.1595881580575904	0.42430664902586956	1.0810742051840405	0.4928322711009481	0.2984477158572552	0.38427174152324534	0.22656316275191146	0.5959835901576074	-10.003815012847209	1.394928174410714	1.4265964872676224	0.6676398070712474
0.082967571245306	0.19011479185128055	0.6534678143555824	0.11227744695254399	0.20785351272340896	0.022811603677784897	0.21842528299268035	0.34507013059362546	0.09478593085145547	0.26836807132419066	0.7504095997669874	0.31559899667377744	0.1839257845960326	0.2411706118233286	0.13719368483221836	0.38820637098572114	0.6877381744107142	-6.3657857230942945	1.0257574210787137	0.4396429223589426
0.07979343675909989	0.18338897161745585	0.6347849522738567	0.10808668617948167	0.20057849606988823	0.02187290187744555	0.21082746941905242	0.33383763305066017	0.09119715122242146	0.25928795283760686	0.729709203668285	0.30517684318480476	0.1773938808898692	0.23288921812897884	0.1321673909569814	0.3758227355117256	0.6683264872676224	0.9746774210787136	-6.145756324721224	0.4259374927272735
0.24036696359370002	0.4973137078735861	1.3716233216512492	0.3145399985348966	0.5366920446200087	0.07350538859846145	0.5598221467764921	0.8206419256109727	0.2707073425447231	0.6660110933465637	1.52831646532569	0.762316074845856	0.4833988065856318	0.6087878478631706	0.3750423363198243	0.9038338573001808	1.4277368070712473	1.9069299223589427	1.9443044927272735	-15.29189054354847