-33.39771351229934	1.4775978135236225	1.7327548005500426	1.1088113939606306	2.0551179565835573	0.3580091741045147	1.9353630461719642	2.2064557177123314	1.58292913983926	5.550546451552819	3.2102761054439544	1.7553331471870444	1.1943175983837715	1.2260358523668777	0.8313404087795911	0.989253771774352	1.1988259750146295	1.9911851709645463	2.1590748554365113	0.8344851329493235
0.6384178135236224	-23.750830418268304	1.2038408231772577	0.7182864288683763	1.4704642667813104	0.2039453862581845	1.3703081611009793	1.5987825099044835	1.0833230634867543	4.732828586638763	2.4909236513000184	1.2221978579297967	0.7821339778169424	0.8060523475570208	0.5178648025114079	0.6306166971278051	0.7855260690197537	1.416837669143129	1.5584055694833543	0.52007473663934
0.510314800550043	0.8205808231772578	-20.020565018907718	0.5778625665557605	1.2387757782975557	0.15542258769450543	1.1485755189413422	1.3551617931336797	0.893566774065726	4.364927959660643	2.185279184883442	1.0162975864990387	0.6322851252186151	0.652765587815059	0.40956425339692637	0.5037500946649862	0.6351866273032236	1.1904073498683905	1.3184432967007005	0.41139731048082334
0.8985513939606306	1.3472064288683763	1.5900425665557605	-30.792569911257733	1.899358269754336	0.31231463201505066	1.7841508512008553	2.0454111700411324	1.4472175892569519	5.344435067356528	3.0244961762285305	1.6116205133296608	1.080058736954421	1.1098281778289916	0.7423437352001199	0.8885597556726683	1.084287787731111	1.8378113534724188	1.9996317926381018	0.7452439131920855
0.38797795658355694	0.6425042667813097	0.7940757782975554	0.4424782697543357	-16.218670062194985	0.1122432287624931	0.9216828104161945	1.1019344659408434	0.7038097933004535	3.944346552800535	1.852896101292977	0.8079846012518794	0.4867779540079401	0.5035351438752912	0.3077584864162035	0.3827109948430757	0.48914915487348837	0.95792712040918	1.069671526774774	0.3092058558128999
2.1512591741045144	2.836375386258184	3.1711125876945045	2.31582463201505	3.572633228762493	-60.09669594081705	3.4258676289033656	3.7546010108620353	2.9766649050818907	7.326592910448915	4.891136493285392	3.199942528744404	2.4412257398638295	2.4869472112220095	1.8831470444516998	2.1346752751858844	2.4477497912744526	3.4946052278277318	3.698023855535561	1.8883113092951342
0.42917304617196433	0.7032981611009791	0.8648255189413421	0.4882208512008551	1.0826328104161944	0.12642762890336565	-17.530452143592466	1.1898422040487342	0.7687664388038868	4.095669758660202	1.970227373413296	0.8795933640065966	0.5360658473602209	0.554130750552896	0.3418494381643983	0.42345515326007804	0.5386231826176308	1.0382711086699739	1.1559498402278792	0.3434296670719708
0.34193571771233155	0.5734425099044829	0.7130817931336793	0.3911511700411321	0.9045544659408437	0.09683101086203592	0.8315122040487344	-14.707110164146302	0.6297783335143256	3.7603591360059103	1.713893896379076	0.7259535837311148	0.43130681965432965	0.4465302281722618	0.26990203366868337	0.3371909111065496	0.4334598798543642	0.8652829665098429	0.9697463870152674	0.271197116891338
0.5814891398392593	0.921063063486754	1.1145667740657255	0.656037589256951	1.3695097933004532	0.18197490508189043	1.2735164388038869	1.4928583335143253	-22.11967760052874	4.576543500859746	2.359521036957216	1.1320560884086288	0.7158309425840688	0.7382738018842907	0.46953608766442356	0.574223191427334	0.7190123704115904	1.3180799199810533	1.4540028515106118	0.47158177149053
0.02204645155281932	0.04350858663876214	0.058867959660642226	0.026195067356527442	0.08298655280053571	0.004842910448915095	0.07335975866020232	0.0963791360059106	0.049483500859746885	-1.0615770088361096	0.2284192874692155	0.060377114306953986	0.029745561306854042	0.031130420473188397	0.016380600117444338	0.021658339555453026	0.02994012708103985	0.07774444676748526	0.09203302901208066	0.016478158762332926
0.15056610544395366	0.2703936513000178	0.3480091848834407	0.17504617622852975	0.4603261012929772	0.038176493285391855	0.4167073734132955	0.5187038963790757	0.30125103695721606	2.697209287469215	-7.644194641082028	0.35535122052946916	0.19543233385440753	0.20325497061694722	0.11579475239734917	0.14823630474496333	0.19653559276041388	0.43675839500397373	0.5000334773172072	0.1164082872041835
0.5004731471870446	0.8065178579297967	0.9838775864990377	0.567020513329661	1.2202646012518799	0.15183252874440456	1.130923364006597	1.3356135837311154	0.8786360884086294	4.334017114306954	2.1602012205294696	-19.724455025111578	0.6206721868603813	0.6408702505959908	0.40131284954700325	0.49400837082634685	0.6235334300637552	1.172350566038071	1.299213918745032	0.40311584651040655
0.8279975983837713	1.2549939778169423	1.488405125218615	0.9239987369544211	1.7875979540079403	0.2816557398638302	1.6759358473602208	1.9295068196543297	1.3509509425840696	5.191925561306854	2.888822333854408	1.5092121868603814	-28.93933470611544	1.0283122537441824	0.6809078491589066	0.8185618918231107	1.0040203734025608	1.727913438114366	1.8849859753028726	0.683630100703658
0.8036158523668779	1.222812347557021	1.452785587815059	0.8976681778289914	1.7482551438752918	0.27127721122201026	1.6379007505528962	1.8886302281722622	1.3172938018842915	5.137210420473189	2.8405449706169477	1.473310250595991	0.9722122537441833	-28.2900833856854	0.6597685979673278	0.7943785411047918	0.9761575529928379	1.6892580950107796	1.8445757932921043	0.6624278086125472
1.1900604087795912	1.7157648025114076	1.990724253396926	1.31132373520012	2.3336184864162037	0.4486170444517004	2.2067594381643985	2.493142033668683	1.829696087664424	5.903600600117444	3.53422475239735	2.014892849547003	1.4059478491589066	1.4409085979673275	-38.12105544223894	1.1780296129495589	1.4109216025467781	2.265965405426794	2.4432886454695777	1.0035692364047462
1.010823771774348	1.4913666971278048	1.7477600946649856	1.1203897556726676	2.0714209948430757	0.362995275185885	1.951215153260078	2.2232809111065492	1.5972331914273343	5.571728339555453	3.2295163047449633	1.7704383708263465	1.2064518918231102	1.2383685411047913	0.8408796129495586	-33.67190114187362	1.2109887204713619	2.007251811481062	2.175742036332476	0.8440496675217688
0.8244759750146287	1.2503560690197533	1.4832766273032227	0.9201977877311104	1.7819391548734878	0.28014979127445216	1.6704631826176302	1.9236298798543636	1.3461023704115904	5.1840901270810384	2.8818955927604133	1.5040434300637544	0.9959903734025476	1.0242275529928395	0.6778516025467778	0.8150687204713619	-28.84585086001424	1.722352473534381	1.8791753503889794	0.6805647986719076
0.4094051709645461	0.6742376691431289	0.8310673498683897	0.4662913534724187	1.0432871204091803	0.11957522782773175	0.9626811086699743	1.1480229665098431	0.7377399199810539	4.024464446767485	1.914688395003974	0.8454305660380713	0.5124534381143657	0.5298980950107793	0.32546540542679375	0.40390181148106213	0.5149224735343815	-16.905409025941374	1.1148942367406136	0.3269822709775823
0.3556848554365112	0.5941955694833538	0.7374932967007	0.4065017926381011	0.9334215267747744	0.10138385553556067	0.858749840227879	1.0308763870152693	0.6520528515106121	3.817143029012081	1.7563534773172071	0.7506839187450317	0.4479159753028722	0.46360579329210394	0.2811786454695771	0.3507820363324764	0.4501353503889798	0.8932842367406135	-15.163962073093854	0.28251963517014794
1.186075132949323	1.7108447366393396	1.9854273104808229	1.3070939131920851	2.3279358558129	0.44665130929513464	2.2012096670719705	2.4873071168913383	1.8246117714905306	5.896568158762332	3.5277082872041836	2.009565846510406	1.401540100703658	1.4364378086125469	0.9964392364047449	1.1740696675217688	1.4065047986719081	2.2603522709775827	2.437499635170148	-38.02384262436273