-2.414311914890755872e+01 9.893967433420910451e-01 2.329529284932948308e+00 1.165817521781772337e+00 1.104840451921663025e+00 7.397879926180206400e-01 1.036800644364552326e+00 1.515013249042290733e+00 1.285075872906981553e+00 1.400757686444777717e+00 1.556895476603112449e+00 1.374669875119015838e+00 1.736172242815375855e+00 1.138046035475797968e+00 1.067158247965248163e+00 8.093106115668582401e-01 9.580383676604861121e-01 1.268698884170568864e+00 1.605433867046151430e+00 1.061676093129848120e+00
1.010678743342084740e+00 -2.438560415591562602e+01 2.346512756523375209e+00 1.177609895305060217e+00 1.116237478898846502e+00 7.484472695328036052e-01 1.047737256243226112e+00 1.528789511336471563e+00 1.297597106267001532e+00 1.413933714655423390e+00 1.570880893253705946e+00 1.387702508991109029e+00 1.750991764850625687e+00 1.149660324912764597e+00 1.078302861423602987e+00 8.185453363234497237e-01 9.684152014864356728e-01 1.281123366907525485e+00 1.619654710648758433e+00 1.072783455013350817e+00
3.087992849329480594e-01 3.045007565233748270e-01 -7.602481719230286927e+00 3.786237274730386848e-01 3.523803333829527151e-01 2.091848432084869869e-01 3.238740645649981209e-01 5.413866433810188283e-01 4.318366413406787840e-01 4.858158373226736382e-01 5.623136738448561989e-01 4.734410464604238977e-01 6.552262223507788752e-01 3.665900746101953822e-01 3.364912537073156407e-01 2.345909392427666385e-01 2.919061109878549054e-01 4.243821813913396523e-01 5.869374438384845627e-01 3.342006406660993356e-01
8.507045217817720273e-01 8.412148953050601063e-01 2.084240727473038568e+00 -2.072206172585478257e+01 9.449084206847850886e-01 6.200133389580138044e-01 8.836949093519936849e-01 1.319319817373085124e+00 1.108349223002855544e+00 1.214164563755458781e+00 1.358018199213443244e+00 1.190242824757583362e+00 1.524530495368128458e+00 9.748823858144329835e-01 9.109722959710253587e-01 6.811812377380079830e-01 8.131920979747916389e-01 1.093424754687120526e+00 1.402964783958594808e+00 9.060422326855903652e-01
9.020114519216633209e-01 8.921264788988467753e-01 2.170281333382952482e+00 1.057192420684784695e+00 -2.190456471890860612e+01 6.608980673080467882e-01 9.363557981378011208e-01 1.387250596469695063e+00 1.169448333272281593e+00 1.278811203177798950e+00 1.427100734683596661e+00 1.254109480877139138e+00 1.598245143144958247e+00 1.031126908946435883e+00 9.647291868332190656e-01 7.250033127157543555e-01 8.629205491071737510e-01 1.154002749255398808e+00 1.473348387645607271e+00 9.596025824454531561e-01
1.315067992618021098e+00 1.302445269532803263e+00 2.805194843208487221e+00 1.510406338958014238e+00 1.439007067308047061e+00 -3.119367001882926616e+01 1.358749534875759224e+00 1.910957057740156229e+00 1.648714040251893609e+00 1.781328718652712473e+00 1.958162593997447853e+00 1.751547310010142855e+00 2.158497115261564847e+00 1.477948000492956604e+00 1.394637470924715572e+00 1.085332214692171116e+00 1.265015295217277513e+00 1.629820636944042667e+00 2.012672341011104926e+00 1.388166177131946011e+00
9.640806443645530965e-01 9.537352562432258596e-01 2.271884064564998251e+00 1.126087909351993765e+00 1.066464798137801706e+00 7.107495348757590925e-01 -2.332542090631380205e+01 1.468467592979424863e+00 1.242846357271898183e+00 1.356278119398194537e+00 1.509629081094820746e+00 1.330683390704122449e+00 1.686027360961021015e+00 1.098926490873851414e+00 1.029646300451481977e+00 7.783152013604524022e-01 9.231500497310414222e-01 1.226801492861965936e+00 1.557355697379410930e+00 1.024291563707784958e+00
6.174792490422909008e-01 6.099735113364714856e-01 1.664582643381019134e+00 7.368988173730851576e-01 6.925455964696948241e-01 4.381430577401561055e-01 6.436535929794250377e-01 -1.523928035058739994e+01 8.250563345746567689e-01 9.122798102309110924e-01 1.032531799746758905e+00 8.924670788079787087e-01 1.173962593339032079e+00 7.166366136965410805e-01 6.653887686527271139e-01 4.850344724370630467e-01 5.878707230907345149e-01 8.128421983783779003e-01 1.070479288000965257e+00 6.614542013095108253e-01
7.605668729069816614e-01 7.518061062670013950e-01 1.928057641340678696e+00 8.989532230028552950e-01 8.477683332722820708e-01 5.489250402518937033e-01 7.910573572718980762e-01 1.198081334574656598e+00 -1.862537840847836534e+01 1.099141398446966011e+00 1.234591478279548182e+00 1.076690563994123995e+00 1.392257742283257160e+00 8.756000478503305207e-01 8.163068672285611616e-01 6.047588639393812748e-01 7.259615764110682878e-01 9.860524538661520344e-01 1.277060772866705829e+00 8.117407344240230582e-01
6.841146864447779086e-01 6.760087146554233373e-01 1.789902837322673523e+00 8.126345637554591717e-01 7.649972031777992898e-01 4.894057186527122627e-01 7.123551193981946250e-01 1.093170810230911005e+00 9.070073984469662065e-01 -1.682574589258645403e+01 1.127639850557271783e+00 9.789084029970410716e-01 1.277001164605670702e+00 7.908855855827023884e-01 7.357746659892483443e-01 5.405360392123967905e-01 6.521178230178416024e-01 8.939559428637265937e-01 1.167792105951569459e+00 7.315372597240696884e-01
5.949884766031124927e-01 5.876918932537058549e-01 1.621136673844856047e+00 7.112241992134434865e-01 6.680227346835965196e-01 4.209755939974477168e-01 6.204420810948205744e-01 9.681587997467578921e-01 7.971934782795482288e-01 8.823758505572717459e-01 -1.469970376288068614e+01 8.630164062747802678e-01 1.138592267292295901e+00 6.914837969115709138e-01 6.415887599474738856e-01 4.664061553701462914e-01 5.662115554559297159e-01 7.852747870707940114e-01 1.037160192150210269e+00 6.377600611329253821e-01
7.005108751190156635e-01 6.922615089911091646e-01 1.820012046460423694e+00 8.311968247575833857e-01 7.827794808771390001e-01 5.021083100101423335e-01 7.292443907041222806e-01 1.115842078807978810e+00 9.270405639941234899e-01 1.021392402997042259e+00 1.150764406274779938e+00 -1.721347129889791461e+01 1.301974567426729790e+00 8.090949757720441449e-01 7.530653494688254179e-01 5.542615519031125482e-01 6.679430542403034243e-01 9.137913469727378946e-01 1.191431754489484129e+00 7.487558096312177947e-01
5.088112428153758193e-01 5.023487648506256287e-01 1.448595222350778977e+00 6.122824953681283988e-01 5.737131431449584706e-01 3.558561152615648537e-01 5.313863609610209870e-01 8.441355933390320976e-01 6.894057422832570170e-01 7.662831646056706969e-01 8.731382672922957111e-01 7.487725674267298182e-01 -1.261095370276077077e+01 5.946427071454988278e-01 5.501778991801645757e-01 3.955436900814313650e-01 4.833475151785485147e-01 6.786848741702979915e-01 9.070551370466881647e-01 5.467732002587022411e-01
8.735960354757982271e-01 8.639283249127641673e-01 2.122870074610195612e+00 1.025545385814431443e+00 9.695059089464357349e-01 6.382180004929565165e-01 9.071964908738512356e-01 1.349720613696540950e+00 1.135659047850330117e+00 1.243078585582702456e+00 1.388940796911571018e+00 1.218803975772044357e+00 1.557553707145499011e+00 -2.125058815455491157e+01 9.349679147871857721e-01 7.007051632186216406e-01 8.353727240773055618e-01 1.120499088645118047e+00 1.434477070860068038e+00 9.299492448814878909e-01
9.357202479652474425e-01 9.255828614236032426e-01 2.225783253707315446e+00 1.094647295971025169e+00 1.036120186833217938e+00 6.879194709247153927e-01 9.709283004514824844e-01 1.431484768652727002e+00 1.209377867228561110e+00 1.320979665989248097e+00 1.472057759947473787e+00 1.295786349468825538e+00 1.646100899180164667e+00 1.067979914787185791e+00 -2.267747824683054247e+01 7.539165089684988219e-01 8.956209590963681855e-01 1.193602735584581964e+00 1.519120974626986698e+00 9.947482260233165841e-01
1.218520611566858536e+00 1.206473336323449885e+00 2.664530939242766738e+00 1.405504237738008255e+00 1.337042312715754466e+00 9.192622146921718418e-01 1.260245201360452594e+00 1.791778472437063119e+00 1.538477863939381463e+00 1.666389039212397227e+00 1.837523155370146322e+00 1.637630551903112908e+00 2.032114690081431529e+00 1.374365163218621788e+00 1.294564508968499172e+00 -2.905425732247686810e+01 1.170776484296915276e+00 1.520286509558171906e+00 1.890398530586317127e+00 1.288373499265347277e+00
1.043169367660486069e+00 1.032264201486433830e+00 2.397767110987854888e+00 1.213436097974791794e+00 1.150880549107173856e+00 7.748662952172773455e-01 1.081001049731040498e+00 1.570535723090734415e+00 1.335601576411068248e+00 1.453891823017841700e+00 1.613249555455929851e+00 1.427233054240303556e+00 1.795839515178548451e+00 1.184953724077305148e+00 1.112189959096368419e+00 8.466974842969149373e-01 -2.512169856654683642e+01 1.318838909357892275e+00 1.662723623860966837e+00 1.106558946297900858e+00
7.722158841705688559e-01 7.633583669075251210e-01 1.948629181391339671e+00 9.120547546871201616e-01 8.603487492553983929e-01 5.580576369440424234e-01 8.030384928619658247e-01 1.213893198378377614e+00 1.014078453866150920e+00 1.114115942863726616e+00 1.250698787070793738e+00 1.091467346972738062e+00 1.409562874170298130e+00 8.884660886451178907e-01 8.285577355845819003e-01 6.145935095581717134e-01 7.372249093578919776e-01 -1.889780805004971143e+01 1.293502962911055709e+00 8.239431744528457058e-01
5.701048670461517087e-01 5.630437106487584664e-01 1.572338443838484645e+00 6.827487839585948404e-01 6.408483876456071426e-01 4.020633410111048023e-01 5.947466973794108824e-01 9.326842880009654779e-01 7.662407728667055551e-01 8.491061059515695453e-01 9.637381921502111704e-01 8.302617544894845825e-01 1.099087137046687479e+00 6.635980708600679456e-01 6.152299746269865866e-01 4.458595305863168323e-01 5.422636238609668258e-01 7.546569629110557731e-01 -1.410014130226451456e+01 6.115206573853833039e-01
9.407600931298474300e-01 9.305854550133501046e-01 2.234014640666099005e+00 1.100239232685589874e+00 1.041515582445452059e+00 6.919701771319458627e-01 9.760955637077861624e-01 1.438072201309510634e+00 1.215333734424023149e+00 1.327264259724069584e+00 1.478751061132925315e+00 1.301998809631217613e+00 1.653218200258702142e+00 1.073483244881487719e+00 1.005270226023311952e+00 7.582474992653468471e-01 9.005119462979006562e-01 1.199510174452845801e+00 1.525933657385383446e+00 -2.279277575956679769e+01
