-2.270355225159883261e+01 1.195638133741213860e+00 1.104251283641654036e+00 1.310767991898611484e+00 1.569502437470942979e+00 2.426056177003115710e+00 1.059923117612117993e+00 2.807089854030165310e-01 1.862362107956740731e+00 1.471782686982540778e+00 1.404789186119545841e+00 1.505378758216974200e+00 6.188404632531460670e-02 1.306626941492169180e+00 1.684190601332300696e+00 1.148079855208474997e+00 3.312527631924388483e-01 3.129810339669092389e-01 1.154478622764875118e+00 1.512897521269880752e+00
8.269641337412140247e-01 -1.903943676226994697e+01 9.188470858119403006e-01 1.102995174128743150e+00 1.337272411602553390e+00 2.135068261066611850e+00 8.796850072522581776e-01 2.184838959258880720e-01 1.606589339849100684e+00 1.248356298467621084e+00 1.187696739666726620e+00 1.278868523089381704e+00 4.631376054937511727e-02 1.099276527480711474e+00 1.442253273920465206e+00 9.576988237138033266e-01 2.594079581697441572e-01 2.445724533930027089e-01 9.633816802960493142e-01 1.285705414144755254e+00
9.025262836416542145e-01 1.085796085811940204e+00 -2.065023459001201900e+01 1.194317037602309561e+00 1.439798621536533263e+00 2.264895069985636500e+00 9.584999669951232981e-01 2.450057277913827158e-01 1.719987559358753915e+00 1.346838953115958581e+00 1.283277458860242692e+00 1.378766261269252835e+00 5.284345869996563694e-02 1.190405670968910590e+00 1.549251860200692610e+00 1.041107797550274272e+00 2.901073683047167839e-01 2.737776820182833970e-01 1.047115488501607405e+00 1.385916237798778816e+00
7.427239918986112688e-01 9.036251741287429917e-01 8.279980376023095001e-01 -1.722123696740682774e+01 1.220703398034669762e+00 1.984530534572039873e+00 7.916055891969056013e-01 1.901151931617162116e-01 1.476650634245476379e+00 1.136709451037762886e+00 1.079565958339353759e+00 1.165502159336633037e+00 3.951131867983406765e-02 9.965130623570347401e-01 1.320208611182054792e+00 8.641690821492810093e-01 2.264328431840725020e-01 2.132484514395963371e-01 8.694653091451920446e-01 1.171958167715535959e+00
5.884064374709431222e-01 7.248504116025532573e-01 6.604276215365333380e-01 8.076513980346698984e-01 -1.381746177590389024e+01 1.689538943785505065e+00 6.296086042801222193e-01 1.414681747090580921e-01 1.227301627441753862e+00 9.263708708143698622e-01 8.765733100701842417e-01 9.515535542442586925e-01 2.830797051799684161e-02 8.046423289065668394e-01 1.087861578789636852e+00 6.911772872925568967e-01 1.695173440036898682e-01 1.593065499975653276e-01 6.956894092438039578e-01 9.572083531621226049e-01
2.851901770031157746e-01 3.628762610666120825e-01 3.257540699856362187e-01 4.117085345720400413e-01 5.297689437855050976e-01 -6.733377723786836633e+00 3.082730382585359141e-01 5.889464634586427660e-02 6.770692016182402462e-01 4.838348108624981325e-01 4.532848252793291732e-01 4.994437136985177550e-01 1.080691668837607637e-02 4.099123569771081499e-01 5.857421444487566076e-01 3.433759330338422289e-01 7.157354107476904259e-02 6.692862044788845666e-02 3.459766862374277774e-01 5.029633024027734267e-01
9.423791176121169011e-01 1.130815007252258253e+00 1.042680966995123804e+00 1.242105589196905502e+00 1.493160604280122206e+00 2.331595038258536423e+00 -2.149290286696357555e+01 2.594009492512993620e-01 1.778703014328168797e+00 1.398196088171648421e+00 1.333191208641583581e+00 1.430825857127690615e+00 5.645446652284175082e-02 1.238097859993481764e+00 1.604822642019980261e+00 1.084925971221522234e+00 3.067210456610604541e-01 2.895991007931104089e-01 1.091097210064654544e+00 1.438131129571469602e+00
2.445322985403016958e+00 2.751771895925888334e+00 2.611344727791382603e+00 2.922773193161716243e+00 3.287178174709058265e+00 4.364374646345864583e+00 2.541558949251299104e+00 -5.145648679914054924e+01 3.673751410339624712e+00 3.152442823811491657e+00 3.058117124296324540e+00 3.199132279084820230e+00 2.974647625509713733e-01 2.916727197915189418e+00 3.441414356830633903e+00 2.679248418111072727e+00 1.130836678073145807e+00 1.084424897540223309e+00 2.689074784255128137e+00 3.209527493743702387e+00
4.566261079567407455e-01 5.695273398491004224e-01 5.159765593587538612e-01 6.389586342454764978e-01 8.026616274417535113e-01 1.412199201618240307e+00 4.905110143281688484e-01 1.034014103396243833e-01 -1.081688401603466865e+01 7.396178373972068787e-01 6.972423656945340165e-01 7.611288002059604096e-01 1.998124700316473643e-02 6.364239728837715049e-01 8.784712718638431062e-01 5.414840312554374258e-01 1.246047029382413296e-01 1.168662614012521694e-01 5.452351160416911702e-01 7.659665142117068060e-01
6.417466869825406706e-01 7.869942984676212561e-01 7.185279531159585176e-01 8.747174510377626611e-01 1.077430870814370056e+00 1.794664810862498072e+00 6.857040881716486291e-01 1.577928238114916781e-01 1.315317837397206979e+00 -1.500586221965555289e+01 9.475170674809223481e-01 1.026505114617508374e+00 3.200011974022422268e-02 8.715346606527926143e-01 1.169581161003936387e+00 7.512319551181715349e-01 1.886723721850702418e-01 1.774422102820113756e-01 7.560270775019058975e-01 1.032453660411910779e+00
6.816221861195458365e-01 8.332037396667263396e-01 7.618354588602426203e-01 9.244429583393537486e-01 1.134502310070184317e+00 1.870983825279329160e+00 7.275682086415835581e-01 1.703361242963245537e-01 1.379811365694534109e+00 1.054386067480922007e+00 -1.588578065720786547e+01 1.081826471599479200e+00 3.488389180142657808e-02 9.211363774421490458e-01 1.229669421104774729e+00 7.959435586326123468e-01 2.033513068268479607e-01 1.913530218576677544e-01 8.009417655296803273e-01 1.087982597964481712e+00
6.227927582169739962e-01 7.649565230893818901e-01 6.979052612692528967e-01 8.509601593366332706e-01 1.050063554244257791e+00 1.757723713698517765e+00 6.657838571276905038e-01 1.519322790848204874e-01 1.284278800205960192e+00 9.739551146175061680e-01 9.224074715994790008e-01 -1.458511917101363053e+01 3.066659992065643228e-02 8.478380003417530508e-01 1.140724383210088844e+00 7.299250401147521217e-01 1.818025063577435041e-01 1.709356729573331124e-01 7.346211265715887340e-01 1.005846349049240418e+00
4.303898046325315363e+00 4.657001760549374758e+00 4.496582458699965201e+00 4.849569318679834318e+00 5.251417970517997524e+00 6.393686916688375632e+00 4.416012466522841962e+00 2.374864762550971342e+00 5.667731247003165329e+00 5.104050119740223934e+00 5.000064891801426548e+00 5.155266599920656390e+00 -8.734653313937076291e+01 4.842808684579357426e+00 5.418591528316261119e+00 4.574427655751583721e+00 2.579947092123302088e+00 2.508314515517484189e+00 4.585649387072396443e+00 5.166647717010236285e+00
7.455649414921691198e-01 9.068885274807120256e-01 8.310686709689102392e-01 1.003495062357025347e+00 1.224676328906566747e+00 1.989716356977107914e+00 7.945798599934820183e-01 1.910511979151891804e-01 1.481097972883771430e+00 1.140508660652792994e+00 1.083241377442148545e+00 1.169362000341753305e+00 3.973268457935763553e-02 -1.728297311813944148e+01 1.324375386295093771e+00 8.673331316373535937e-01 2.275232283369288955e-01 2.142834389412851814e-01 8.726428438034651291e-01 1.175831447134327190e+00
5.322346013323007163e-01 6.589712739204651726e-01 5.990208602006924510e-01 7.362966111820549164e-01 9.170015787896366177e-01 1.574652144448756674e+00 5.704106420199800409e-01 1.248443568306338569e-01 1.132251271863842890e+00 8.476611610039366251e-01 8.008804211047745314e-01 8.713543832100892894e-01 2.462152831626075733e-02 7.334813862950937402e-01 -1.255053133339775684e+01 6.276118460349623396e-01 1.499483627105321071e-01 1.407999870742805970e-01 6.318109251595656062e-01 8.766779918998970356e-01
8.652358552084754573e-01 1.043528823713803177e+00 9.599887975502748860e-01 1.149369082149281240e+00 1.389429287292556880e+00 2.201397933033842236e+00 9.196259712215230087e-01 2.317904181110723993e-01 1.664376031255437427e+00 1.298423955118171547e+00 1.236266558632612700e+00 1.329667040114752119e+00 4.956965575158359116e-02 1.145551131637353226e+00 1.496723846034962335e+00 -1.985751989298159259e+01 2.748254341222657882e-01 2.592345351104194950e-01 1.005849862668264372e+00 1.336665674254940095e+00
2.244696763192438826e+00 2.541525958169744470e+00 2.405276368304716694e+00 2.707920843184072446e+00 3.064057344003690009e+00 4.125883541074768956e+00 2.337709045661060525e+00 8.796666780731458024e-01 3.443784702938241793e+00 2.932152372185070188e+00 2.839962306826847804e+00 2.977832506357743547e+00 2.513770921233020594e-01 2.702029228336928934e+00 3.215348362710531926e+00 2.471113434122266028e+00 -4.756620983557834137e+01 9.572180638015084231e-01 2.480648045037934235e+00 2.988007179474334141e+00
2.313245033966909503e+00 2.613510453393002919e+00 2.475766682018282872e+00 2.781556451439596511e+00 3.140666549997565671e+00 4.208058620447888920e+00 2.407407100793110821e+00 9.200748975402238683e-01 3.522866261401251808e+00 3.007742210282011275e+00 2.914784021857667273e+00 3.053785672957332942e+00 2.665645155174841130e-01 2.775609438941284868e+00 3.293019987074280674e+00 2.542342535110419188e+00 1.044038063801508986e+00 -4.889705976132654541e+01 2.551981503157211506e+00 3.064039761629512526e+00
8.599576227648751958e-01 1.037534680296047451e+00 9.543194885016078599e-01 1.142988309145192227e+00 1.382264409243804115e+00 2.192321686237427514e+00 9.141202100646552697e-01 2.299397842551278992e-01 1.656450116041691123e+00 1.291542077501905972e+00 1.229587765529680521e+00 1.322686126571588794e+00 4.911438707239627888e-02 1.139183843803464935e+00 1.489245925159565331e+00 9.941728626682705405e-01 2.726830450379338355e-01 2.571965031572112648e-01 -1.974497169175481659e+01 1.329662848702369837e+00
6.186415212698809230e-01 7.601234141447552606e-01 6.933852377987786975e-01 8.457461677155359014e-01 1.044048353162123632e+00 1.749573302402773534e+00 6.614191295714697549e-01 1.506574937437019923e-01 1.277446514211706852e+00 9.682336604119098356e-01 9.168935979644812218e-01 9.941763490492483424e-01 3.037771701023623053e-02 8.426374471343269779e-01 1.134377991899897076e+00 7.252536742549401394e-01 1.803071794743338063e-01 1.695197616295124887e-01 7.299278487023699302e-01 -1.449274636155198337e+01
