-1.527343375076829091e+01 6.899922908332540850e-01 4.034001713123089861e-01 6.904193482194889153e-01 1.115656765939342376e+00 5.510753125084260073e-01 8.363551941270106482e-01 2.948287779335396208e-01 1.217430693058346280e+00 1.264644042047043948e+00 1.354065984172757364e+00 8.692853297338867247e-01 7.954589237451512584e-01 9.770493105212741947e-01 1.148985939271959467e+00 5.003686227525632191e-01 3.184843999935882408e-01 2.706897152978631760e-01 9.689849293259544805e-01 1.006257999974534023e+00
1.391320290833254258e+00 -2.190901571816027626e+01 6.151914617286040610e-01 1.000554602490054679e+00 1.532388361955154155e+00 8.168466098331464975e-01 1.187403932310630461e+00 4.611888943060488133e-01 1.654690100988910340e+00 1.710891625355433154e+00 1.816474527871781541e+00 1.228881555928149849e+00 1.135556377371399694e+00 1.363041559114693380e+00 1.572619891751389831e+00 7.484958942391500836e-01 4.952264166775382503e-01 4.261481298768985959e-01 1.353081414296904983e+00 1.399014071231130529e+00
2.008728171312309296e+00 1.519191461728604198e+00 -3.268092470870897870e+01 1.519908723276685247e+00 2.178372806567840048e+00 1.277849864879610386e+00 1.757506256967598768e+00 7.768107490833662254e-01 2.323069127698805136e+00 2.388886472188049837e+00 2.511473130557665634e+00 1.809237424212447820e+00 1.692348780417031850e+00 1.974335021622166231e+00 2.226202252519847047e+00 1.185255082765688028e+00 8.271067626228428837e-01 7.243914505622124356e-01 1.962188888742385728e+00 2.018062280983820678e+00
1.390638348219488840e+00 9.994456024900528757e-01 6.147997232766850839e-01 -2.189732021296623543e+01 1.531667825663301841e+00 8.163642653881744149e-01 1.186784380287511320e+00 4.608758488700145373e-01 1.653938822947665477e+00 1.710127009209173377e+00 1.815686117031951818e+00 1.228248635069459249e+00 1.134954054400874490e+00 1.362367784279603145e+00 1.571888975379450715e+00 7.480428333970803312e-01 4.948951821455345179e-01 4.258543208345929587e-01 1.352410551979631892e+00 1.398329932095992767e+00
8.926267659393423148e-01 6.080303619551538086e-01 3.500148065678398979e-01 6.084188256633016323e-01 -1.347941463227117787e+01 4.822652467221400507e-01 7.417715854592571434e-01 2.538950997395471587e-01 1.094957712591493992e+00 1.139150640678867621e+00 1.223085515386323596e+00 7.720211479429552881e-01 7.042833944491864173e-01 8.713917112574354196e-01 1.031049860246890937e+00 4.366754164700841212e-01 2.747483125436099294e-01 2.326710129366224844e-01 8.639360175594410496e-01 8.984211981616869735e-01
1.644233312508426303e+00 1.208676609833146731e+00 7.656798648796102613e-01 1.209303265388174786e+00 1.798453246722140353e+00 -2.627777115139372910e+01 1.418826768699207319e+00 5.827622118456819988e-01 1.931153616340537837e+00 1.991845411254654197e+00 2.105406401601098487e+00 1.464933091524121433e+00 1.360994718403292225e+00 1.613157321789806087e+00 1.842203611943351582e+00 9.211628660468250684e-01 6.235302176234006621e-01 5.405715536439257285e-01 1.602198541316975033e+00 1.652678520029350340e+00
1.183714194127010400e+00 8.334349323106309271e-01 4.995372569675985974e-01 8.339243802875110356e-01 1.312160585459257289e+00 6.730277686992071073e-01 -1.836970366684939648e+01 3.696000050331349485e-01 1.424337997271183598e+00 1.476126905352837193e+00 1.573807286022113505e+00 1.037169412403624147e+00 9.536882762781364598e-01 1.158094259542522542e+00 1.348980681640384649e+00 6.138330201982390433e-01 3.981080779573855088e-01 3.403852326341876289e-01 1.149081170078884551e+00 1.190692224585551795e+00
2.385668777933539708e+00 1.850700894306048783e+00 1.262322749083366169e+00 1.851496848870014311e+00 2.567765099739547363e+00 1.580444211845681846e+00 2.113081005033135007e+00 -3.942897460104967422e+01 2.721982110053447812e+00 2.791823625939678699e+00 2.921432368784778077e+00 2.169523700849727454e+00 2.041740474106276793e+00 2.348567096312760505e+00 2.618848002473213477e+00 1.475340555293659817e+00 1.059725169084096974e+00 9.373362402525567960e-01 2.335448822643934275e+00 2.395726848444217794e+00
8.101406930583464616e-01 5.460721009889106803e-01 3.104511276988050072e-01 5.464298229476651780e-01 9.106977125914939020e-01 4.307056163405378335e-01 6.696889972711835837e-01 2.238521100534475172e-01 -1.210904687517527556e+01 1.041673280572247728e+00 1.121009219920603206e+00 6.977701605788986239e-01 6.349484941672016713e-01 7.903096647424374677e-01 9.398611330556460031e-01 3.891194056895310172e-01 2.425757086465198387e-01 2.048348540156789133e-01 7.833514705085838914e-01 8.155553023275370350e-01
7.751340420470441694e-01 5.200536253554333133e-01 2.940484721880493590e-01 5.203980092091734511e-01 8.726706406788673487e-01 4.091774112546541775e-01 6.392579053528373301e-01 2.114736259396784723e-01 9.594532805722488789e-01 -1.152952338694192136e+01 1.077273331037717830e+00 6.663888231644189419e-01 6.057188971984021064e-01 7.559229499024908705e-01 9.009949740646643335e-01 3.693084510844872881e-01 2.293005992768288315e-01 1.933832946981865752e-01 7.491842405382045378e-01 7.803808133785338219e-01
7.137959841727574695e-01 4.748765278717818616e-01 2.658751305576653734e-01 4.751971170319520543e-01 8.058455153863234299e-01 3.719784016010988514e-01 5.861782860221133040e-01 1.903223687847781509e-01 8.880292199206034631e-01 9.265133310377174913e-01 -1.051703532539900543e+01 6.115994469929318944e-01 5.547970749173014582e-01 6.957076143543047264e-01 8.326405071615504694e-01 3.351432154618257941e-01 2.065898703805812975e-01 1.738410085025402507e-01 6.893661135183742905e-01 7.187385917228049648e-01
1.143204329733886748e+00 8.014725559281500322e-01 4.778284242124477554e-01 8.019486350694594590e-01 1.268970147942955595e+00 6.456940915241216050e-01 9.637294124036248633e-01 3.526027008497275017e-01 1.378979160578898577e+00 1.429817823164419188e+00 1.525788446992932146e+00 -1.768406718017037704e+01 9.185685161540539934e-01 1.118145901202343140e+00 1.305061422345112021e+00 5.883408615750278514e-01 3.800360670788481832e-01 3.245151133536047783e-01 1.109332554654609115e+00 1.150031015406152601e+00
1.236916923745151164e+00 8.756863773713995380e-01 5.284787804170317793e-01 8.761930544008742494e-01 1.368771394449186385e+00 7.092947184032921681e-01 1.047787276278137059e+00 3.923584741062766112e-01 1.483696494167201951e+00 1.536686897198402013e+00 1.636525074917301481e+00 1.086107516154054098e+00 -1.927264870706168409e+01 1.210581499464767230e+00 1.406515938968878165e+00 6.477082149482822349e-01 4.222808470293447081e-01 3.616577584052368399e-01 1.201313758113750074e+00 1.244087708523118563e+00
1.023307310521276436e+00 7.079715591146935605e-01 4.152650216221661084e-01 7.084067842796032410e-01 1.140679711257435835e+00 5.662573217898059230e-01 8.569932595425225896e-01 3.039850963127602168e-01 1.243857664742437308e+00 1.291690949902490892e+00 1.382235614354304865e+00 8.904849012023435817e-01 8.153814994647671233e-01 -1.566438168320233260e+01 1.174479158079567487e+00 5.144547036461231126e-01 3.282528307637121445e-01 2.792077154306555342e-01 9.918089870929479579e-01 1.029661594082718290e+00
8.644859392719594915e-01 5.867918917513899046e-01 3.363742525198472610e-01 5.871699753794507037e-01 9.695798602468920224e-01 4.645456119433514219e-01 7.171216816403847005e-01 2.435080024732136361e-01 1.062651133055645625e+00 1.106004974064664914e+00 1.188410507161550722e+00 7.466424223451119113e-01 6.805579389688780623e-01 8.437211580795679344e-01 -1.301113785364243824e+01 4.203147573441408658e-01 2.636321733477148821e-01 2.230402138393507983e-01 8.364321635495881591e-01 8.701531966597342294e-01
1.755575622752562959e+00 1.302374894239150205e+00 8.351340827656880128e-01 1.303030833397080368e+00 1.914912416470084144e+00 1.083211866046824845e+00 1.521681020198239143e+00 6.397075552936599685e-01 2.051616405689530964e+00 2.114025451084487361e+00 2.230620215461825762e+00 1.569628861575027789e+00 1.461457214948282068e+00 1.723403703646123164e+00 1.960021757344140747e+00 -2.822055919837746174e+01 6.834160001607108015e-01 5.943734988559429278e-01 1.712053024349042607e+00 1.764314774099055683e+00
2.292161399993588144e+00 1.767575416677538147e+00 1.195455762622842366e+00 1.768353182145534275e+00 2.471455312543609839e+00 1.504049217623400381e+00 2.024426077957385051e+00 9.425621690840967348e-01 2.623542708646519728e+00 2.692487599276828902e+00 2.820536870380581096e+00 2.079794067078847952e+00 1.954499847029344650e+00 2.255671830763712027e+00 2.521809173347714594e+00 1.401886000160710744e+00 -3.774349079655290495e+01 8.823946780792122357e-01 2.242773472303065674e+00 2.302056010838368305e+00
2.489589715297863215e+00 1.943720129876898906e+00 1.337963450562212220e+00 1.944535320834593017e+00 2.674601012936622890e+00 1.666313553643925971e+00 2.211926232634187528e+00 1.065396240252556304e+00 2.831024854015679271e+00 2.901793294698186809e+00 3.033011008502540573e+00 2.269496113353604905e+00 2.139099758405237139e+00 2.451849715430655774e+00 2.726440213839350868e+00 1.558066498855943172e+00 1.127617678079212427e+00 -4.131076490928585088e+01 2.438501971724010176e+00 2.499818146342571712e+00
1.031669929325955026e+00 7.144384142969050222e-01 4.195458887423859640e-01 7.148765519796318468e-01 1.149651017559440991e+00 5.717255413169751721e-01 8.644071700788846790e-01 3.072938226439341225e-01 1.253326470508583812e+00 1.301379240538204529e+00 1.392321113518374176e+00 8.980985546546095266e-01 8.225407581137501589e-01 1.008235987092950037e+00 1.183617163549588458e+00 5.195310243490426361e-01 3.317814723030659829e-01 2.822869717240102938e-01 -1.580478548799743699e+01 1.038058395701144221e+00
9.937679999745340220e-01 6.851960712311305768e-01 4.002442809838208104e-01 6.856209320959925080e-01 1.108961198161686479e+00 5.470305200293501535e-01 8.308432245855518206e-01 2.923968484442176496e-01 1.210355302327536853e+00 1.257400813378533710e+00 1.346518591722805080e+00 8.636220154061525767e-01 7.901397085231186557e-01 9.709135940827193778e-01 1.142163196659733870e+00 4.966177740990559419e-01 3.158890108383686779e-01 2.684281463425716163e-01 9.628833957011444511e-01 -1.516899262458802511e+01
