-20.61707355061243	1.0269783311726743	0.9828986113884713	0.43245601024081565	0.3453370714013669	1.3858358565490354	0.9977816427994672	0.43431760358043386	0.649704584532984	5.00349484895222	0.9854264909861343	1.0408310361523558	1.2645859489721138	1.0436162573733532	0.8099893310830706	0.7112375844965539	0.9258818712782249	0.9517953685453191	0.9692419680665494	0.6556631330412861
0.9734983311726756	-20.115215915721773	0.9567034917109261	0.4183051699460367	0.33357680927996064	1.3532490093656262	0.9713195449037634	0.4201174559557035	0.6302387897469006	4.951544782294034	0.9591858408988818	1.0136112000842388	1.2337513156017104	1.0163481276466881	0.7870968260101694	0.6904112596568509	0.9007341075885513	0.9261667039262607	0.9432941358419874	0.6360630140908109
1.0172986113884717	1.044583491710926	-20.944467091137636	0.441760353760034	0.35308209331626894	1.407037114563184	1.015054799014344	0.4436540657714646	0.6624614260864155	5.036943271537394	1.0025571760073768	1.058591457361126	1.2846658621238434	1.0614077215747881	0.8249621434111092	0.7248751616210999	0.9423089783066881	0.9685321632716424	0.9861842173085511	0.6685069830029048
1.9263660102408162	1.9656951699460368	1.901270353760034	-38.117357813350125	0.8328477737395177	2.4629774497298933	1.9231179781947247	1.0034690020717894	1.3816610153466196	6.472721985692936	1.9049881416680705	1.9857688481889115	2.299799043348384	1.9897951366895457	1.6395858187996786	1.4826769340455157	1.816632372854653	1.8552880306316752	1.881135363532469	1.3915613848688557
2.194547071401367	2.2362668092799605	2.1678920933162686	1.1881477737395176	-43.21316003731157	2.758839736011989	2.1910987256725085	1.1920253774558656	1.6091432424917431	6.8253869327961265	2.1718425771535244	2.257536120337701	2.5882879715345077	2.261800257217735	1.8882460791302562	1.7189083807772323	2.077793378811565	2.118982308101605	2.1464865306492205	1.6199286714328716
0.6934358565490354	0.7143290093656258	0.6802371145631829	0.2766674497298925	0.21722973601198864	-14.777161310595154	0.6917217483877923	0.27795295606844117	0.4306329187056048	4.336561473338318	0.682185885429798	0.725090752395717	0.9019363891984773	0.7272572388713299	0.5488437748296524	0.4755815299597727	0.6364906728889878	0.6563231731023582	0.6697225121902046	0.434961119008975
1.0022216427994635	1.0292395449037641	0.9850947990143479	0.4336479781947249	0.3463287256725088	1.3885617483877932	-20.659128291122187	0.4355136994782653	0.6513406975803233	5.007810617360936	0.9876264596787109	1.043112294143359	1.2671668491471495	1.0459015232313147	0.81191095444802	0.7129871331224049	0.9279910504635754	0.9539445056304332	0.9714176177851825	0.6573104500799098
1.9212976035804339	1.9605774559557032	1.8962340657714636	0.9965390020717859	0.8297953774558651	2.457332956068441	1.9180536994782644	-38.021257597509106	1.3774201807920035	6.465851438148381	1.8999470628099002	1.9806264430244227	2.2943091308241845	1.984647817255455	1.6349170876745103	1.478260024841398	1.811708297034061	1.8503119502447367	1.8761252214190574	1.387302783059035
1.458024584532984	1.4920387897469007	1.436381426086415	0.696071015346619	0.5682532424917435	1.9313529187056049	1.4552206975803226	0.6987601807920036	-29.262844590653017	5.794982290293308	1.439584714177165	1.5094441447798657	1.785419330751004	1.5129388131202772	1.213683043539648	1.08295419047757	1.363746529246248	1.3968506621865662	1.419051335484455	1.0080866813143194
0.03478484895222107	0.036314782294034315	0.033833271537394266	0.010101985692935439	0.0074669327961268545	0.06025147333831821	0.03466061736093519	0.010161438148381016	0.017952290293308287	-0.5649528213207686	0.03397304587486422	0.03711418094388717	0.05138407070996288	0.03727604792846889	0.02497937245135932	0.020521196158839718	0.03076122902021482	0.03213841208472533	0.03308343714922127	0.01819418858557037
1.0147164909861335	1.0419558408988818	0.9974471760073892	0.4403681416680705	0.3519225771535248	1.4038758854297984	1.0124764596787117	0.44225706280990074	0.6605547141771653	5.031973045874864	-20.895606698706366	1.0559407490788373	1.2816709087196863	1.0587524033755118	0.8227256963689398	0.7228373513931659	0.9398563376111696	0.9660335055626147	0.983655034787065	0.666587317124938
0.9602510361523579	0.9865112000842369	0.9436114573611262	0.41127884818891164	0.32774612033770145	1.3369107523957178	0.9580922941433586	0.4130664430244231	0.6205441447798663	4.925244180943887	0.9460707490788383	-19.864212451504308	1.2183048505675882	1.002712448032133	0.7756747662889814	0.6800314192002763	0.8881722123228617	0.9133614538970609	0.9303273160119044	0.6263007586930759
0.7751759489721143	0.7978213156017102	0.760855862123843	0.31647904334838367	0.2496679715345077	1.1049263891984782	0.7733168491471495	0.3179191308241851	0.4876893307510045	4.530684070709964	0.7629709087196863	0.8094748505675878	-16.34379571624274	0.8118199940324028	0.6176507556509793	0.5372430208299452	0.713310592866863	0.7348811629056259	0.7494398301362758	0.4924686883220347
0.9576162573733541	0.9838281276466893	0.941007721574789	0.4098851366895458	0.3265902572177357	1.3336572388713306	0.9554615232313147	0.41166781725545554	0.6186188131202778	4.919986047928469	0.9434624033755115	0.9972924480321532	1.215229994032403	-19.814277946093732	0.7734047072877563	0.6779694005248998	0.885674446969718	0.9108150489604898	0.9277486132283048	0.6243619427735352
1.2176293310830713	1.2482168260101696	1.1982021434111094	0.5533158187996787	0.44667607913025675	1.648883774829653	1.2151109544480199	0.5555770876745108	0.8130030435396484	5.40132937245136	1.20107569636894	1.2638947662889815	1.5147007556509793	1.2670447072877564	-24.728548013075226	0.8852003299194868	1.1332112360038378	1.1627914915914006	1.182666639209065	0.8200179593772992
1.3579975844965544	1.3906512596568508	1.3372351616210998	0.6355269340455156	0.5164583807772325	1.8147415299597733	1.355307133122405	0.6380400248413985	0.9213941904775697	5.63599119615884	1.3403073513931658	1.407371419200276	1.6734130208299451	1.4107294005248996	1.1243203299194864	-27.376138327798433	1.267643852716719	1.299343835850824	1.3206188527593448	0.929046869446534
1.0779718712782258	1.1063041075885514	1.059998978306688	0.47481237285465294	0.38067337881156493	1.480980672888988	1.0756410504635754	0.47681829703406137	0.707516529246248	5.151561229020215	1.062656337611169	1.1208422123228614	1.354810592866863	1.1237644469697177	0.8776612360038373	0.772973852716719	-22.09177282403705	1.0272837086542217	1.0456388595839916	0.7138630898148969
1.0498053685453197	1.0776567039262608	1.0321421632716428	0.45938803063167494	0.36778230810160517	1.4467331731023585	1.0475145056304334	0.4613419502447372	0.6865406621865664	5.098858412084725	1.0347535055626147	1.09195145389706	1.3223011629056258	1.0948250489604894	0.8531614915914008	0.750593835850824	0.9732037086542208	-21.55933387770022	1.0180320995809067	0.6927482929717512
1.03140196806655	1.0589341358419877	1.0139442173085533	0.44938536353246905	0.3594365306492207	1.4242825121902052	1.029137617785184	0.4513052214190578	0.6728913354844551	5.063953437149221	1.0165250347870634	1.0730673160119055	1.3010098301362756	1.0759086132283038	0.8371866392090651	0.7360188527593448	0.9557088595839922	0.9821820995809086	-21.211287023142912	0.6790074384191489
1.4478531330412867	1.481733014090811	1.4262969830029046	0.6898413848688557	0.5629086714328718	1.9195511190089758	1.44506045007991	0.6925127830590354	0.9919566813143185	5.77909418858557	1.4294873171249383	1.4990707586930763	1.7740686883220351	1.502551942773535	1.204567959377299	1.0744768694465345	1.353963089814897	1.3869282929717515	1.4090374384191489	-29.07096076542776