-2.871079561572870986e+01 6.072071198156130389e-01 3.585571387265681143e+00 2.785116353179624582e+00 1.720989623114787648e+00 1.316502012402323452e+00 1.093949729367517776e+00 1.116742066763747765e+00 1.099399961786221569e+00 1.531681467973427635e+00 1.666842670824619566e+00 1.747599742078214557e+00 1.371277539994423478e+00 1.273166417838967668e+00 8.885182275761190906e-01 1.177440367133596011e+00 1.434208536548307267e+00 1.125254393026394073e+00 1.592689691307227484e+00 1.576638307731890398e+00
1.533917119815612740e+00 -4.127206171640228405e+01 4.455849828695983561e+00 3.608242221534424754e+00 2.419016207794691731e+00 1.934050334216447897e+00 1.654996354752793053e+00 1.684056562568315263e+00 1.661956148588149773e+00 2.195145335426756716e+00 2.355485311412664373e+00 2.450099477295624606e+00 2.001256059379327823e+00 1.880491558751299586e+00 1.387302783059035205e+00 1.760885734389654900e+00 2.077823708712250195e+00 1.694879728988251344e+00 2.267840386059936986e+00 2.248766854961063100e+00
1.110713872656809709e-01 5.463982869598329323e-02 -3.690962132862791734e+00 6.158931066596793347e-01 2.617082369518580753e-01 1.692431421669598202e-01 1.271078421171735751e-01 1.311522897035501400e-01 1.280694568154904789e-01 2.157877755025684186e-01 2.480851883473293440e-01 2.685490527909536462e-01 1.805371103164659929e-01 1.605703698957421099e-01 9.334233921608815765e-02 1.422208327708848474e-01 1.939761360594234041e-01 1.326783694679578018e-01 2.300669530365996307e-01 2.262627150824024491e-01
2.126313531796244771e-01 1.090472215344246987e-01 1.517908106659679346e+00 -7.183121791857717930e+00 4.675731108465546737e-01 3.141065177812442655e-01 2.410649701850454685e-01 2.481771110480815168e-01 2.427580477892500588e-01 3.923998603966993848e-01 4.454677709363880078e-01 4.786142497784787175e-01 3.333178882371407581e-01 2.992538991706929496e-01 1.807282774804448433e-01 2.675264266268714275e-01 3.559947278669197690e-01 2.508547904522983596e-01 4.159804934863869375e-01 4.097169684014915214e-01
5.155296231147878938e-01 2.868462077946917765e-01 2.530748236951858132e+00 1.834598110846554553e+00 -1.619126425766402022e+01 7.187425589850248153e-01 5.741930212033116154e-01 5.886407803097519764e-01 5.776402713884924989e-01 8.655321425519133527e-01 9.610492397081594751e-01 1.019282365538627610e+00 7.554736327190670897e-01 6.899992207743682604e-01 4.478304718808499008e-01 6.275193067901957411e-01 7.982149627703035710e-01 5.940579344016132524e-01 9.083391104179476816e-01 8.970270595164985261e-01
7.388120124023231927e-01 4.296503342164478267e-01 3.066053142166959677e+00 2.308901517781244195e+00 1.346512558985024643e+00 -2.215111750660866008e+01 8.153250191872265518e-01 8.340214995311396873e-01 8.197911458283374531e-01 1.182722375221308519e+00 1.299391080375597474e+00 1.369747446710340988e+00 1.046143624160223107e+00 9.636806370164964219e-01 6.492298047076058287e-01 8.840594877860551426e-01 1.099474452329001872e+00 8.410172671861688709e-01 1.235210951826135606e+00 1.221373149191020913e+00
9.115897293675176982e-01 5.459263547527931637e-01 3.419247842117173697e+00 2.631189970185045190e+00 1.597293021203311625e+00 1.210655019187226511e+00 -2.652991848576151312e+01 1.021496865062320625e+00 1.005138772284612347e+00 1.415787499289660856e+00 1.545285726809749960e+00 1.622877505113913488e+00 1.262745242007007329e+00 1.169509211469887733e+00 8.071215816893740902e-01 1.078833634129877872e+00 1.322701048992485751e+00 1.029530073754393982e+00 1.474181186159919221e+00 1.458808202185245984e+00
8.916920667637476816e-01 5.322965625683152568e-01 3.380602289703549701e+00 2.595612111048081427e+00 1.569050780309751980e+00 1.186661499531139974e+00 9.788068650623202860e-01 -2.603393845589670619e+01 9.838726405388125151e-01 1.389409622848301940e+00 1.517555855708694779e+00 1.594389358785474942e+00 1.238116210104762249e+00 1.146032988776655159e+00 7.888565334502776194e-01 1.056547279048105414e+00 1.297366400703499956e+00 1.007920803246779906e+00 1.447179839207636043e+00 1.431968748490798138e+00
9.067799617862219996e-01 5.426261485881500590e-01 3.409949456815490887e+00 2.622623047789250261e+00 1.590480271388492683e+00 1.204861145828338032e+00 9.948787722846155201e-01 1.016302640538812918e+00 -2.641020891162542128e+01 1.409421590179581019e+00 1.538595739832082421e+00 1.616005847448162225e+00 1.256798840115146199e+00 1.163839526778828182e+00 8.027045931938611156e-01 1.073449715243421476e+00 1.316585345235266047e+00 1.024308836893619734e+00 1.467665803416800863e+00 1.452331628269276420e+00
6.084114679734275999e-01 3.451653354267567586e-01 2.767017775502568444e+00 2.041614860396699260e+00 1.147722142551913072e+00 8.371423752213082992e-01 6.748774992896610092e-01 6.911896228483016547e-01 6.787715901795806639e-01 -1.871979184204040436e+01 1.105065178978115181e+00 1.168800934144327508e+00 8.780639008519401933e-01 8.050357860664757448e-01 5.312130515922480756e-01 7.349779377126297586e-01 9.255354056111142480e-01 6.973001759251116205e-01 1.047169097404617943e+00 1.034717704363605106e+00
5.403226708246198218e-01 3.022553114126645957e-01 2.596065188347329578e+00 1.891432770936388064e+00 1.039989239708158708e+00 7.505610803755976557e-01 6.011257268097501827e-01 6.160858557086950071e-01 6.046957398320824684e-01 9.018151789781155836e-01 -1.687406046399284421e+01 1.059775563135991527e+00 7.884534607857294208e-01 7.208872218741534388e-01 4.700289296038224762e-01 6.563157541654605076e-01 8.325082283540768957e-01 6.216936811670100704e-01 9.458395543203700351e-01 9.342093076528271700e-01
5.038197420782145608e-01 2.796094772956246866e-01 2.499269052790953349e+00 1.807319249778478687e+00 9.809623655386259244e-01 7.036574467103409170e-01 5.614575051139135686e-01 5.756593587854745842e-01 5.648458474481617975e-01 8.482909341443274354e-01 9.425155631359918296e-01 -1.586662747582990107e+01 7.398285099584873681e-01 6.753624043283839029e-01 4.373615187851342956e-01 6.138887534223663733e-01 7.819357626346524759e-01 5.809849728000777702e-01 8.905084696365052066e-01 8.793505414441863399e-01
7.026775399944235057e-01 4.059460593793278171e-01 2.986437110316465748e+00 2.237202888237140641e+00 1.292333632719066872e+00 9.552336241602220612e-01 7.765052420070075456e-01 7.945662101047619164e-01 7.808188401151459068e-01 1.132733900851940367e+00 1.246373460785729081e+00 1.315008509958487393e+00 -2.121253179991626325e+01 9.200276350741050102e-01 6.164219494764643370e-01 8.429416415859709577e-01 1.051789302456495268e+00 8.013262095651701999e-01 1.183831864331789996e+00 1.170356178796548852e+00
7.690164178389673477e-01 4.496315587512995648e-01 3.130920369895742184e+00 2.367588899170692596e+00 1.391309220774368249e+00 1.037220637016497360e+00 8.477192114698878234e-01 8.669329887766550335e-01 8.523095267788277640e-01 1.224155786066476015e+00 1.343257221874153196e+00 1.414992404328383468e+00 1.084477635074104773e+00 -2.292913572980880943e+01 6.767124064295615415e-01 9.183225730823657562e-01 1.139052667835074084e+00 8.741205765304628228e-01 1.277762173375950994e+00 1.263633454739338191e+00
1.120438227576118662e+00 6.925127830590352973e-01 3.799762339216088414e+00 2.985133277480444658e+00 1.885210471880849781e+00 1.458839804707605881e+00 1.221401581689374405e+00 1.245826533450277829e+00 1.227244593193860922e+00 1.686403051592248348e+00 1.828468929603822346e+00 1.913061518785134529e+00 1.516941949476464435e+00 1.412782406429561988e+00 -3.162759419193368515e+01 1.310747807303171752e+00 1.583544419109295998e+00 1.254941938022956283e+00 1.750605867818302963e+00 1.733726691539072329e+00
8.413503671335954559e-01 4.980857343896549772e-01 3.280630832770884631e+00 2.503921426626871227e+00 1.496889306790195606e+00 1.125659487786055513e+00 9.251036341298779497e-01 9.455072790481054978e-01 9.299797152434211567e-01 1.322157937712629572e+00 1.446745754165460252e+00 1.521578753422366592e+00 1.175451641585971263e+00 1.086382573082365965e+00 7.427378073031718486e-01 -2.476996313495139290e+01 1.232853166502169362e+00 9.531357738846336636e-01 1.378288531547963602e+00 1.363503411825997214e+00
6.637585365483075206e-01 3.806637087122502483e-01 2.898026136059423497e+00 2.158029727866919600e+00 1.233224962770303801e+00 9.067144523290027180e-01 7.346110489924859710e-01 7.519664007034998487e-01 7.387553452352658701e-01 1.078355405611113982e+00 1.188578228354076671e+00 1.255265762634652837e+00 9.499393024564946053e-01 8.727526678350739919e-01 5.811744191092957923e-01 7.984931665021696157e-01 -2.019147929652415385e+01 7.584644783384169031e-01 1.127886470549336329e+00 1.114819075916063440e+00
8.844043930263938424e-01 5.273197289882515237e-01 3.366328369467957771e+00 2.582489790452298095e+00 1.558667934401613220e+00 1.177857267186169121e+00 9.710400737543952721e-01 9.921208032467743188e-01 9.760788368936189618e-01 1.379720175925111425e+00 1.507363681167009695e+00 1.583914972800078091e+00 1.229076209565170386e+00 1.137420576530463023e+00 7.821719380229559260e-01 1.048375773884632656e+00 1.288064478338416752e+00 -2.585178136789437531e+01 1.437258631589871216e+00 1.422107732653197232e+00
5.765196913072274665e-01 3.249603860599372673e-01 2.688396953036599868e+00 1.972295493486386997e+00 1.097629110417947862e+00 7.967309518261357359e-01 6.403711861599196142e-01 6.560598392076361085e-01 6.441158034168006363e-01 9.542690974046180719e-01 1.056189554320369428e+00 1.118118469636505408e+00 8.362618643317903944e-01 7.657421733759512961e-01 5.025158678183030414e-01 6.982085315479638066e-01 8.821664705493367231e-01 6.619386315898713180e-01 -1.786041408022133936e+01 9.879240047280360981e-01
5.847183077318907074e-01 3.301368549610628755e-01 2.708842715082402375e+00 1.990281968401491630e+00 1.110567059516497812e+00 8.071431491910210365e-01 6.492482021852460372e-01 6.650987484907979752e-01 6.530316282692762986e-01 9.660677043636043404e-01 1.068809307652827112e+00 1.131210541444186424e+00 8.470361787965492439e-01 7.758634547393382652e-01 5.098866915390722898e-01 7.076734118259975226e-01 8.933490759160634953e-01 6.710377326531976605e-01 1.012174004728039645e+00 -1.808217673748856313e+01
