-20.788373197670527	1.1237158830255547	1.0934141508158088	0.9140246949654603	1.048272603507848	1.2798092602057105	1.036918435879265	0.9248285109668101	1.0167980172778721	1.023074797222398	1.1529690993895265	1.0794171542262554	1.4185848069954243	1.134019743561828	1.0349222936384537	1.2515968196272347	1.1813907352377164	0.9996750352083684	1.0846147604411227	0.990326395477867
0.885715883025555	-18.371379287861416	0.9719424209051098	0.8067334366976355	0.9302225502850358	1.1451698891778024	0.9197440951827016	0.816637815594745	0.901190658077884	0.90697650968539	1.027125922799254	0.9589962323868745	1.2750689028648972	1.0095502099508058	0.9179025443577083	1.1188555066021262	1.0535169080075493	0.885416652784025	0.9638025786076297	0.8768105708686866
0.9120641508158082	1.0285924209051092	-18.92965033784377	0.8314241007844406	0.9574657076139464	1.176373525416812	0.9467790216152204	0.8415413862453975	0.9278531886914108	0.9337556815291703	1.0562258416225316	0.9868035643223734	1.3084041023217075	1.0383223690962624	0.9449007200043139	1.1496044815094555	1.0831017299068868	0.9117588106461562	0.991703074026852	0.9029764607699157
1.0912046949654601	1.2219134366976356	1.1899541007844405	-22.709385505028095	1.142277697239363	1.386019939774941	1.1302733228535917	1.0114785860283808	1.1089879502808007	1.1156299106395224	1.25273435524996	1.1751796060754829	1.5312397512957194	1.232773096350536	1.12816233634843	1.356421712440445	1.282649224021426	1.0908605556268507	1.1806668072988273	1.0809584210562806
0.9532326035078486	1.0731825502850354	1.0437757076139458	0.8700576972393627	-19.800676735482973	1.224930385252653	0.9889956636776291	0.8805009240010193	0.9695015013729859	0.9755820399691166	1.10158814590907	1.0301979855736478	1.360187414096196	1.0831860440035423	0.9870612893746307	1.197471787298805	1.1292012763872854	0.9529179315852615	1.0352394596892924	0.9438663286456478
0.7642892602057104	0.8676498891778022	0.842203525416812	0.6933199397749409	0.8044503852526528	-15.789904852635445	0.7949843138636108	0.7021977133441367	0.7782395508885198	0.7834591477792742	0.8922935282271617	0.8304774063445315	1.119345243299396	0.8763214692800995	0.7933213620510525	0.9759263365902167	0.9163085783444296	0.764019652406322	0.8348296638352953	0.7562678865534808
0.9639684358792638	1.0847940951827015	1.0551790216152206	0.8801433228535919	1.0110856636776273	1.2375543138636107	-20.027575927668188	0.8906702254279988	0.9803602809053265	0.9864864261203576	1.1133970020143449	1.0415037685598845	1.3736325515081085	1.0948675001929118	0.9980512674997016	1.209919946754692	1.1411984102525192	0.9636513725837902	1.0465815596882417	0.9545307630882924
1.0791385109668108	1.2089478155947453	1.1772013862453976	0.9886085860283844	1.1298509240010195	1.3720277133441365	1.1179302254279988	-22.455616709973256	1.0967948432945016	1.1033897760144598	1.2395675453903003	1.1625268190969407	1.516425083451954	1.2197361285959294	1.1158340213162836	1.3426067154735737	1.2692909367194565	1.0787968424322567	1.1679767955015254	1.0689660410775796
0.9833880172778725	1.1057806580778844	1.0757931886914114	0.8983979502808009	1.0311315013729843	1.2603495508885196	1.0199002809053266	0.9090748432945017	-20.437752107589418	1.0062077926422726	1.134736312357734	1.0619434685389675	1.3978926540080718	1.1159790618757324	1.0179258485591902	1.2324013840695294	1.1628742095459028	0.9830666717642267	1.06708622821532	0.9738224852231684
0.977274797222399	1.0991765096853903	1.0693056815291708	0.8926499106395227	1.0248220399691157	1.2531791477792737	1.0136364261203623	0.9032797760144596	0.9938177926422634	-20.308664721042625	1.128021693498214	1.0555106138479549	1.3902639469864102	1.1093357655779221	1.0116700464691601	1.2253291940766728	1.1560542269208314	0.9769547937430446	1.0606330214240713	0.9677493368963892
0.8611990993895265	0.9733559227992526	0.9458058416225317	0.7837843552499602	0.9048581459090704	1.1160435282271615	0.8945770020143452	0.7934875453903004	0.8763763123577342	0.8820516934982139	-17.8513320954904	0.9330969973540773	1.24391057249868	0.9827355123877646	0.8927702697638492	1.0901619040745543	1.025930324991135	0.8609056532939304	0.937814991777144	0.8524664228911639
0.9245771542262546	1.0421562323868743	1.0133135643223716	0.8431596060754829	0.9703979855736469	1.1911574063445316	0.959613768559884	0.8533768190969405	0.9405134685389681	0.9464706138479555	1.0700269973540775	-19.19455570859381	1.3241818532556817	1.0519702518506122	0.9577182517875101	1.164176127597611	1.0971295637294425	0.9242689502891367	1.0049431180618147	0.9154039756950146
0.6731748069954244	0.7676589028648976	0.7443441023217073	0.6086497512957194	0.7098174140961958	0.8894552432993964	0.7011725515081085	0.6167050834519541	0.6858926540080721	0.69065394698641	0.79027057249868	0.7336118532556816	-13.84263619722502	0.7756118774626733	0.6996543782420329	0.8672369404290103	0.8123355320081337	0.6729291265608718	0.7375943645634803	0.6658670953765695
0.8769797435618274	0.9905102099508021	0.9626323690962615	0.7985530963505358	0.921186044003542	1.134801469280099	0.9107775001929121	0.8083861285959293	0.8923490618757327	0.8980957655779219	1.0174655123877616	0.9497702518506116	1.2639818774626732	-18.186134415178785	0.9089482868380507	1.1086402050888835	1.0436934087170597	0.8766825633566849	0.9545453014945003	0.8681356194969927
0.9658722936384515	1.086852544357708	1.057200720004313	0.88193233634843	1.0130512893746326	1.2397913620510523	1.0019512674996858	0.8924740213162841	0.9822858485591905	0.9884200464691643	1.1154902697638491	1.0435082517875114	1.3760143782420327	1.0969382868380508	-20.0678030841638	1.212125995939621	1.143324897956827	0.9655548080579051	1.0485924533561786	0.9564220126029098
0.7846168196272345	0.8898755066021263	0.8639744815094552	0.7122617124404449	0.8255317872988046	1.0244663365902156	0.8158899467546921	0.7213167154735737	0.7988313840695292	0.8041491940766731	0.914951904074554	0.8520361275976109	1.1456669404290105	0.8987002050888837	0.8141959959396211	-16.223098472268997	0.9393816709830118	0.7843420786846659	0.856467360189167	0.7764423048397254
0.8382007352377162	0.9483269080075497	0.9212617299068866	0.7622792240214261	0.8810512763872853	1.0886385783444297	0.8709584102525194	0.7717909367194564	0.853094209545903	0.8586642269208319	0.9745103249911345	0.9087795637294427	1.2145555320081336	0.957543408717059	0.8691848979568273	1.0631716709830117	-17.36297025054786	0.8379128035983365	0.9134131842291249	0.8296326289907832
1.0003250352083488	1.124066652784025	1.0937588106461564	0.9143305556268502	1.0486079315852628	1.280189652406322	1.0372513725837895	0.9251368424322569	1.0171266717642262	1.0234047937430415	1.1533256532939302	1.079758950289136	1.4189891265608716	1.1343725633566846	1.035254808057905	1.2519720786846658	1.1817528035983365	-20.795231253599727	1.084957623016614	0.9906493279613022
0.9199047604411228	1.0370925786076293	1.0083430740268482	0.8387768072988275	0.9655694596892942	1.185639663835295	0.9548215596882412	0.8489567955015256	0.9357862282153196	0.9417230214240715	1.064874991777144	0.9950731180618265	1.3182943645634804	1.0468753014945	0.9529324533561786	1.1587373601891668	1.0918931842291244	0.9195976230166147	-19.095655765095348	0.9107634196791404
1.0097363954778622	1.1342205708686868	1.1037364607699156	0.9231884210562807	1.058316328645649	1.2911978865534806	1.0468907630882924	0.9340660410775794	1.0266424852231697	1.0329593368963896	1.1636464228911643	1.089653975695015	1.4306870953765694	1.144585619496993	1.0448820126029101	1.2628323048397252	1.1922326289907832	1.0094093279613077	1.0948834196791402	-20.993767497190916