-1.879189189418206851e+01 1.419586397318080451e+00 9.245771542262548603e-01 9.125293422383435882e-01 8.771215002963117513e-01 3.927436648054396962e+00 7.792150056964950444e-01 4.967486336947988801e-01 8.724018114794339640e-01 8.090167692674308242e-01 9.623838231804362486e-01 1.380344498714955126e+00 1.156283247468737341e-01 8.427859768958604336e-01 8.839767243973563060e-01 8.544540271732646852e-01 4.897263507579127650e-01 4.509834032444520746e-01 9.272258566464537388e-01 8.657496461529532450e-01
6.725663973180804334e-01 -1.280432527194820302e+01 6.159479205496090071e-01 6.069727627775377554e-01 5.807076546313761911e-01 3.242915213448375411e+00 5.089794218048525609e-01 3.101120915733481254e-01 5.772194375444014147e-01 5.306703637485932212e-01 6.442365164217570550e-01 9.685468453395035260e-01 6.557989221568887028e-02 5.554006287864513558e-01 5.857795863623820320e-01 5.639824105118816933e-01 3.053353957315824152e-01 2.791409272274246178e-01 6.179236813640028858e-01 5.723081245913532733e-01
1.079417154226254505e+00 1.517807920549608669e+00 -2.023811168826462392e+01 9.872942719442433512e-01 9.499199813549917826e-01 4.072876210053984813e+00 8.463089282379827605e-01 5.448470955549127304e-01 9.449344107959808392e-01 8.778900071186480636e-01 1.039835301023176228e+00 1.477024881705377934e+00 1.296154354074397774e-01 9.136295328529208115e-01 9.571598009644386451e-01 9.259673147871392285e-01 5.372971554263706873e-01 4.955877181845449453e-01 1.002792594698647122e+00 9.379059733779634422e-01
1.092889342238343442e+00 1.534352762777537071e+00 1.012814271944241895e+00 -2.048338900357672188e+01 9.623009841695860933e-01 4.096943575039054153e+00 8.577453861119556100e-01 5.531106022425129609e-01 9.572714735089008498e-01 8.896214848958761134e-01 1.052983945359673879e+00 1.493319438331130344e+00 1.320621597005259829e-01 9.256872700640874640e-01 9.696043482696546922e-01 9.381358483896350409e-01 5.454718976063759328e-01 5.032627746915340206e-01 1.015630599534065093e+00 9.501808387020272972e-01
1.133851500296311432e+00 1.584457654631376222e+00 1.051809981354992152e+00 1.038670984169588030e+00 -2.122912254969586954e+01 4.169121423284838812e+00 8.926128793182427357e-01 5.784185914701387432e-01 9.948389096174582447e-01 9.253740682862148237e-01 1.092979449304169792e+00 1.542682155132434563e+00 1.396346798762435337e-01 9.624179347605613666e-01 1.007493625138956128e+00 9.751984913393970666e-01 5.705113719494608882e-01 5.267895520885418348e-01 1.054697298184406717e+00 9.875619994925395329e-01
8.413664805439677319e-02 1.466352134483754344e-01 7.473621005398485562e-02 7.328357503905424952e-02 6.909142328483847129e-02 -1.293388963964775984e+00 5.808940196504497333e-02 3.101761410851152506e-02 6.854126890383467618e-02 6.134756179686686600e-02 7.938187517336571519e-02 1.400194317151664258e-01 5.092002988416345285e-03 6.513512482503414081e-02 6.989411666589188943e-02 6.646761635605910601e-02 3.043024982799187941e-02 2.726297673401950269e-02 7.505736539522733786e-02 6.776928762869564860e-02
1.259005005696494539e+00 1.735789421804852184e+00 1.171258928237982833e+00 1.157175386111955584e+00 1.115672879318242217e+00 4.381179401965044740e+00 -2.350803525966687602e+01 6.574144384601372515e-01 1.110127975782260634e+00 1.035357134346781560e+00 1.215332033717590576e+00 1.691910010282923649e+00 1.640324322761086695e-01 1.075263388435194756e+00 1.123721278953060843e+00 1.089013992445761358e+00 6.487001248630170913e-01 6.004212833338808952e-01 1.174352639216667216e+00 1.102307504418918338e+00
1.764008633694799100e+00 2.324392091573348473e+00 1.657267095554913361e+00 1.640010602242513826e+00 1.588948591470138672e+00 5.141577614108512329e+00 1.444884438460137810e+00 -3.273857976071774090e+01 1.582102357185302566e+00 1.489204358411617690e+00 1.711044707887018568e+00 2.274005649362632386e+00 2.828722371889685339e-01 1.538921389868207923e+00 1.598875627973405988e+00 1.555979847098690527e+00 9.882563342706215392e-01 9.227384556189233145e-01 1.661053077882928664e+00 1.572436650865064234e+00
1.139471811479433550e+00 1.591309437544401018e+00 1.057164410795980558e+00 1.043981473508902136e+00 1.005178909617461480e+00 4.178911268903833687e+00 8.974079757822605030e-01 5.819123571853018762e-01 -2.133144233894516617e+01 9.302892184525211050e-01 1.098469104611743852e+00 1.549434263603837847e+00 1.406894101518183504e-01 9.674656676576952608e-01 1.012698298106858186e+00 9.802912050903270780e-01 5.739684589006825988e-01 5.300398745970925640e-01 1.060061332218819485e+00 9.926978607361927054e-01
1.218906769267430468e+00 1.687580363748592882e+00 1.132940007118648618e+00 1.119151484895876791e+00 1.078534068286213676e+00 4.314537561796867315e+00 9.654571343467833744e-01 6.318343584116175027e-01 1.073109218452521274e+00 -2.277773964430517140e+01 1.176106909919632626e+00 1.644349454864678872e+00 1.560065360207443241e-01 1.039009419515438459e+00 1.086408972472909129e+00 1.052456331167497483e+00 6.233763920564888705e-01 5.765465925850724593e-01 1.135969268126812981e+00 1.065458801251340626e+00
1.038583823180437848e+00 1.467456516421757229e+00 9.611953010231766292e-01 9.488239453596749584e-01 9.124494493041690468e-01 3.998881875173365685e+00 8.117420337175910161e-01 5.199847078870181161e-01 9.075991046117442007e-01 8.424169099196329169e-01 -1.949461252936949407e+01 1.427451521816762936e+00 1.223310660941566014e-01 8.771535120836223554e-01 9.194936847179289163e-01 8.891505228433712604e-01 5.127051425767045201e-01 4.725165834932006370e-01 9.639147740665295894e-01 9.007620550786525904e-01
6.969044987149550785e-01 1.032126845339503607e+00 6.387448817053781314e-01 6.295194383311308872e-01 6.025121551324346125e-01 3.299879431715166511e+00 5.286800102829239956e-01 3.233056493626318417e-01 5.989242636038386580e-01 5.510194548646789592e-01 6.678115218167627321e-01 -1.325205270090441267e+01 6.888982892410754066e-02 5.764759787845767924e-01 6.077285481966584468e-01 5.853065912904014123e-01 3.183586887000847687e-01 2.912172333359784315e-01 6.407755151893061996e-01 5.938721656138946647e-01
3.535998324746874033e+00 4.232969892215689534e+00 3.395145435407440182e+00 3.372072159700526761e+00 3.303274679876243347e+00 7.268762002988417237e+00 3.104612432276109057e+00 2.435982237188968558e+00 3.293989410151819008e+00 3.166486536020744591e+00 3.466501066094156869e+00 4.172699828924107734e+00 -6.596522086987408784e+01 3.235079427381063688e+00 3.316712267660566926e+00 3.258423669344601148e+00 2.416880569475720275e+00 2.308579999065690558e+00 3.400195933862230735e+00 3.280854997493126035e+00
1.175645976895860700e+00 1.635280628786451418e+00 1.091649532852921656e+00 1.078187270064088654e+00 1.038547934760562619e+00 4.241295124825033902e+00 9.283333884351950838e-01 6.045213898682078035e-01 1.033255667657696719e+00 9.619794195154403038e-01 1.133813512083622133e+00 1.592775978784576774e+00 1.475694273810639334e-01 -2.199002881417335331e+01 1.046231201640510200e+00 1.013111810362844256e+00 5.963423760698116638e-01 5.510876537415282383e-01 1.094607503079487509e+00 1.025793017368449522e+00
1.125756724397355857e+00 1.574579586362381711e+00 1.044099800964439329e+00 1.031024348269656832e+00 9.925436251389466724e-01 4.154974116665891337e+00 8.857112789530604546e-01 5.733956279734051531e-01 9.874082981068598164e-01 9.182989724729088143e-01 1.085073684717928755e+00 1.532948548196658045e+00 1.381222676605661226e-01 9.551512016405102612e-01 -2.108175483240954406e+01 9.678667336640249808e-01 5.655413056662148552e-01 5.221176205613078380e-01 1.046973227453027011e+00 9.801678635444014409e-01
1.161204027173264430e+00 1.617752410511881678e+00 1.077877314787139662e+00 1.064525848389635154e+00 1.025218491339397353e+00 4.216517616356059150e+00 9.159739924457618310e-01 5.954698470986905523e-01 1.019971205090326016e+00 9.493163311674975846e-01 1.119700522843370738e+00 1.575496591290401538e+00 1.448036693446010659e-01 9.870018103628441786e-01 1.032836733664025175e+00 -2.172709247071693994e+01 5.873844987099511306e-01 5.426582394779579932e-01 1.080811071076809959e+00 1.012572249587324613e+00
1.780566350757913030e+00 2.343195395731582753e+00 1.673297155426371141e+00 1.655951897606376733e+00 1.604621371949460862e+00 5.164570249827992399e+00 1.459750124863017806e+00 1.011836334270622473e+00 1.597738458900683112e+00 1.504326392056489325e+00 1.727345142576704573e+00 2.292638688700085137e+00 2.873505694757202411e-01 1.554322376069811495e+00 1.614601305666215625e+00 1.571474498709951151e+00 -3.304266092345448413e+01 9.339514385977536470e-01 1.677102480483385838e+00 1.588020691784351124e+00
1.876963403244452211e+00 2.452140927227424605e+00 1.766727718184545326e+00 1.748882774691534525e+00 1.696039552088541624e+00 5.296542976734019526e+00 1.546611283333881204e+00 1.081458455618922843e+00 1.688949874597093226e+00 1.592636592585072508e+00 1.822296583493200561e+00 2.400637233335978671e+00 3.141899990656905617e-01 1.644207653741528219e+00 1.706317620561308424e+00 1.661888239477958162e+00 1.069091438597753463e+00 -3.481516280932483909e+01 1.770641905252810178e+00 1.678938577493121587e+00
1.076485856646453021e+00 1.514203681364002740e+00 9.972125946986519773e-01 9.845305995340615235e-01 9.472272981844054307e-01 4.067617365395227225e+00 8.438226392166677803e-01 5.430530778829283367e-01 9.422513322188195151e-01 8.753392681268132858e-01 1.036974774066528049e+00 1.473475515189306195e+00 1.290859338622306340e-01 9.110075030794876350e-01 9.544532274530280747e-01 9.233210710768099405e-01 5.355224804833856878e-01 4.939219052528102116e-01 -2.018474261334489128e+01 9.352364896132693284e-01
1.147459646152952484e+00 1.601038124591352974e+00 1.064775973377963370e+00 1.051530838702027681e+00 1.012541999492538425e+00 4.192779287628694895e+00 9.042275044189181932e-01 5.868866508650635305e-01 1.007337860736201796e+00 9.372788012513411093e-01 1.106272055078651784e+00 1.559022165613894284e+00 1.421949974931253080e-01 9.746430173684493825e-01 1.020097863544401351e+00 9.875322495873285478e-01 5.788906917843501532e-01 5.346685774931210222e-01 1.067686489613268952e+00 -2.147686479479364507e+01
