-27.280910013224982	1.3906807717765308	1.7714259752522956	1.207945107930689	1.507123533073404	0.18555109425779634	1.4214145747413827	1.342006969821683	1.424249471105404	1.2160135682532645	2.076221807512944	1.47829632397366	1.717303054621157	1.4526512830044431	1.4421999000538084	1.421308718751378	1.490206619092955	1.6661197476445677	1.712760133989476	1.3574313583681408
0.6903927717765308	-19.526600681220067	1.3164180875285771	0.8531063200399821	1.0953552349725741	0.11165707215869779	1.0250400756776132	0.9605361964731727	1.02735446299504	0.8595179230060417	1.5785128910861994	1.0716270435376165	1.2706532375241646	1.0505846997429835	1.0420272595750824	1.0249536709127358	1.081421079427044	1.2276033658465173	1.266823125370805	0.973016163568689
0.4935889752522956	0.7388690875285773	-14.295901481851699	0.6211126617905718	0.8165377817563948	0.07209012370125956	0.7591743047164994	0.7070017417331872	0.7610543555412896	0.6262022777542108	1.2230684412913602	0.7971242153689958	0.9616481863661163	0.7799555906968445	0.7729863994391911	0.7591041261031475	0.8051305117191536	0.9257442236237251	0.9584469969115218	0.7170614805573532
0.8174101079306892	1.1628593200399824	1.5084146617905718	-22.76749181884992	1.2676973770139117	0.1402419624921316	1.1904532403608885	1.1192747342824616	1.1930013366534666	1.0071454384467005	1.7902027873813837	1.241670105197641	1.4588284277545835	1.2185558169230892	1.209146723853132	1.1903581027656693	1.252417860487497	1.412070170899348	1.4546729103032687	1.1330707342734974
0.6218265330734041	0.9103462349725746	1.2090777817563947	0.7729353770139119	-17.736085386506005	0.09722039888963865	0.9338559438511905	0.8733438775810747	0.9360300957625926	0.7789142871649563	1.4589282938470753	0.9776588943281667	1.1656612145803849	0.9578639708340763	0.9498185499425567	0.9337747785486893	0.9868779034627637	1.1248817881687674	1.1620306606871278	0.8850388020406553
2.952694094257796	3.5790880721586977	4.117070123701259	3.297919962492131	3.749660398889638	-70.24890477904572	3.62470068282053	3.5059202154349056	3.628885887283127	3.310728690903118	4.514271463246623	3.707987025708702	4.043799009491349	3.670614995277366	3.6553015261807684	3.6245443344384793	3.725247319868508	3.9736313116604087	4.037606259047886	3.5292334061844346
0.6714575747413823	0.9753710756776113	1.2870543047164993	0.8310312403608883	1.0691959438511909	0.10760068282053038	-19.035219671277748	0.9365691487045841	1.0022767252077494	0.8373260815351963	1.5458929234502736	1.0458397161233537	1.241915987003234	1.0251320766319842	1.016712073104492	0.9999150024089264	1.0554795241795671	1.1994725006094094	1.2381391479791952	0.9488379421716778
0.7217129698216828	1.0405301964731721	1.3645447417331873	0.8895157342824616	1.1383468775810748	0.11848321543490584	1.0662321487045838	-20.334467905471115	1.068607143650568	0.8961161004519811	1.6318307548878155	1.1140209612171246	1.3177779459490655	1.0924404685846798	1.0836619714670543	1.0661434793814895	1.1240628748905912	1.2737574038907729	1.3138625940737727	1.0128203229951303
0.669742471105404	0.9731354629950385	1.2843843555412897	0.8290293366534663	1.066820095762593	0.10723588728312715	0.9977267252077191	0.9343941436505684	-18.99059813190006	0.8353135011991633	1.5429234868759292	1.0434979659242913	1.2393035884510288	1.0228210016515717	1.0144135920673516	0.9976418565326257	1.0531236369336376	1.1969157793600396	1.235531641771968	0.9466436029332486
0.8112215682532643	1.1550139230060419	1.4992472777542107	0.9928884384467018	1.259419287164956	0.1387936909031178	1.182491081535196	1.111618100451981	1.185028501199163	-22.611675580166867	1.7801546143942577	1.2334967037413689	1.449833151273491	1.210476880025455	1.201106648360996	1.1823963429134317	1.2442010146864038	1.4032422811624232	1.4456923072486776	1.1253537676457308
0.3811748075129442	0.5837538910861994	0.8058584412913602	0.48569078738138377	0.6491782938470754	0.05208146324662408	0.6008029234502735	0.5570777548878153	0.6023834868759294	0.4898996143942578	-11.162241147832296	0.6327722253374035	0.7728693023887261	0.6182924531493419	0.612422625138156	0.6007439306476974	0.6395339971951167	0.7420959944280088	0.7701211916977715	0.5654879638762111
0.6380193239736597	0.9316380435376169	1.2346842153689956	0.7919281051976409	1.0226788943281642	0.10056702570870205	0.9555197161233526	0.8940379612171245	0.9577279659242899	0.7980117037413688	1.4875422253374035	-18.16177222433936	1.1906927843027855	0.9799014813495124	0.9717314957908849	0.9554372769007194	1.0093590161316128	1.1493581340857542	1.1870134065923477	0.905923448727428
0.517176054621157	0.7708142375241647	1.0393581863661179	0.6492364277545833	0.8508312145803845	0.07652900949134891	0.7917459870032337	0.7379449459490653	0.7936835884510289	0.654498151273491	1.2677893023887261	0.8308427843027854	-14.93851556474735	0.813159141288178	0.8059790901804728	0.7916736586393325	0.8390871152579433	0.9631295909037675	0.9967136080307212	0.7483234707408475
0.6528442830044431	0.9510656997429837	1.2579855906968447	0.8092838169230891	1.0433539708340767	0.10366499527736613	0.9752820766319853	0.9129274685846799	0.9775210016515747	0.815461880025455	1.513532453149342	1.0203714813495095	1.2134791412881778	-18.549934006274942	0.9917179909026224	0.9751984913393981	1.029856346097926	1.1716467465403522	1.2097560068910906	0.9249845653440248
0.6590029000538083	0.959118259575082	1.267626399439191	0.816484723853132	1.051918549942556	0.10496152618076872	0.9834720731044903	0.9207589714670544	0.9857235920673522	0.8227016483609959	1.5242726251381558	1.0288114957908834	1.222909090180473	1.0083279909026184	-18.71075329142209	0.9833880172778725	1.038347999934049	1.1808728199865246	1.219168036567628	0.9328865715994548
0.6715217187513778	0.9754546709127345	1.2871541261031476	0.8311061027656691	1.0692847785486892	0.10761433443847994	1.0000850024082153	0.93665047938149	1.0023618565326446	0.8374013429134318	1.5460039306476976	1.0459272769007204	1.2420136586393324	1.0252184913393982	1.0167980172778721	-19.03688812521561	1.0555676131298137	1.199568092397182	1.2382366368626647	0.9489199952650493
0.6312696190929551	0.9227720794270434	1.2240305117191537	0.784015860487497	1.0132379034627654	0.09916731986850835	0.9464995241795665	0.8854198748905913	0.9486936369336378	0.7900560146864034	1.4756439971951165	0.9906990161316174	1.180277115257943	0.9707263460979262	0.9626079999340498	0.9464176131298133	-17.984551131802768	1.1391724131500824	1.1766179563150476	0.8972263298430466
0.5406627476445678	0.8024343658465174	1.0781242236237252	0.6771481708993479	0.8847217881687675	0.08103131166040858	0.8239725006094095	0.7685944038907726	0.8259657793600395	0.6825772811624236	1.3116859944280088	0.8641781340857544	1.0377995909037656	0.8459967465403521	0.8386128199865248	0.8238980923971819	0.8726524131500826	-15.573769578601269	1.0344313241577447	0.7792818900858753
0.5192131339894761	0.7735641253708052	1.042736996911523	0.6516609103032686	0.8537806606871279	0.07691625904788583	0.7945491479791952	0.7406095940737728	0.7964916417719681	0.6569373072486776	1.2716211916977715	0.8337434065923477	1.0032936080307326	0.8160160068910906	0.8088180365676283	0.7944766368626647	0.8420079563150474	0.9663413241577454	-14.993793189936587	0.7510152454378585
0.711605358368141	1.0274781635686894	1.3490724805573528	0.8777797342734974	1.1245098020406552	0.11626440618443458	1.0529689421716768	0.9872883229951323	1.0553246029332488	0.8843197676457311	1.614708963876211	1.1003744487274274	1.3026244707408474	1.0789655653440244	1.0702575715994551	1.0528809952650489	1.1103373298430466	1.2589128900858755	1.2987362454378584	-20.074410061658355