-22.703685351498834	1.1044423142342361	1.0980336381488802	0.7807653408654894	1.038153728568606	0.4405442207783081	1.4333930956417988	1.3726847704555938	1.3536465673450289	1.2035229983341125	1.4220684920876858	1.2562230787351827	1.279851977757761	1.3097637378352358	1.1585734003526054	1.3241908127455686	1.3574683346184755	1.255304509359816	1.2757719750001266	1.239282358634325
0.9023593142342362	-20.537621586652108	0.9939960640562242	0.6989428396261189	0.9379768474184578	0.38824420505817125	1.3101862754321172	1.2526615802214913	1.234646433073805	1.0930234444981817	1.299446594014876	1.1426496018236112	1.16493232378506	1.1931677813375714	1.0507758461196766	1.206797289981347	1.2382618700489598	1.141783761185759	1.1610833697576286	1.1266861449788148
0.9079826381488797	1.0060280640562282	-20.662878913205624	0.7036308861983407	0.9437509094414148	0.3912095100465038	1.3173390556099513	1.2596226921747498	1.2415460266747003	1.0994132634301652	1.3065641331548852	1.1492234783132642	1.1715869064446132	1.19992294815052	1.0570041413233258	1.213600347286477	1.24517386780285	1.148354477729683	1.167724096173408	1.1332014710456677
1.2568723408654894	1.3771328396261189	1.369788886198341	-28.322873285957723	1.3009495483534246	0.5860975760063775	1.748627524180716	1.6808126247737265	1.659481134603736	1.4901208971803965	1.7360006280028797	1.5498147992051217	1.5764930932426173	1.6101906563289454	1.4389882536876135	1.626414544782457	1.663765789325858	1.5487766210405047	1.5718902933658274	1.5306552351875713
0.9627927285686064	1.0646988474184584	1.0584409094414142	0.7494815483534245	-21.880446513268318	0.4204125187210123	1.3866864406308506	1.3271560011909387	1.3084966160602085	1.161526370056689	1.3755781395687723	1.2130849905449639	1.2362144239405197	1.2655045909903944	1.117581220632672	1.2796360581736768	1.3122419712378788	1.2121859900598864	1.2322201279192095	1.1965070197587424
1.904517220778308	2.0543002050581713	2.0452335100465038	1.5739635760063775	1.9597465187210124	-42.11808511231183	2.501236169972435	2.4212092538914978	2.3959041647934876	2.19257330354767	2.4863828543188338	2.264750957279695	2.2968244620039515	2.3371800106276304	2.130275574866013	2.356548419500279	2.4009921629026474	2.2635005684936327	2.2912987449101307	2.2416474345935553
0.6642460956417986	0.7431222754321174	0.7382430556099511	0.5033735241807159	0.6929004406308505	0.26811616997243454	-15.168426382614765	0.9516841287968238	0.9366136407732601	0.8191889969370313	0.9909574214829425	0.8601195620349039	0.8785747375205701	0.9020273042271022	0.7845343901100675	0.9133746214272251	0.9396357651546943	0.8594034013699164	0.8753835649046955	0.8469272864076621
0.7017777704555939	0.7838375802214915	0.7787666921747496	0.5337986247737264	0.7316100011909386	0.2863292538914981	1.049924128796824	-16.0239488497351	0.9844167960702015	0.8628070674424799	1.040584610334866	0.9052357412626962	0.924352395496834	0.9486333130687228	0.8268496043514888	0.9603765775055355	0.9875421661557393	0.9044937383644119	0.9210474552247959	0.8915653329525046
0.7140695673450287	0.7971524330738048	0.7920200266747002	0.5437971346037359	0.7442806160602082	0.29235416479348775	1.0661836407732603	1.0157467960702014	-16.303324547266307	0.8770524490606253	1.056749506342353	0.9199605252281499	0.9392886746144956	0.9638342851266559	0.84067760073255	0.9757040100043488	1.00315831800613	0.9192102575182066	0.9359473672150995	0.9061371740232657
0.8208269983341121	0.9124104444981812	0.9067682634301654	0.6313178971803963	0.8541913700566889	0.3459043035476699	1.2056399969370313	1.1510180674424801	1.1339334490606257	-18.71403109062854	1.1954344403645614	1.046854170892026	1.067919867993186	1.0946372150168007	0.9601809713807564	1.107543394885763	1.1373613052567455	1.0460359619710984	1.0642799295366827	1.031773042843569
0.6710614920876857	0.7505225940148762	0.7456081331548849	0.5088866280028796	0.6999321395687723	0.27140285431883365	1.0090974214829453	0.9604846103348643	0.9453195063423538	0.8271234403645615	-15.32406409293975	0.868329964646233	0.8869070524750108	0.9105123422877544	0.7922290061607735	0.9219326822071531	0.9483606816512212	0.8676090419900192	0.8836949093519935	0.8550495924969354
0.7812380787351826	0.8697476018236113	0.8642894783132643	0.5987227992051216	0.813460990544964	0.32579295727969493	1.1542815620349034	1.1011577412626967	1.0845525252281498	0.9545651708920261	1.1443519646462328	-17.823251190998946	1.0204414136954358	1.0463790639545478	0.9159867146026968	1.0589133653852918	1.0878837737935674	0.9992062101453407	1.0169087406938033	0.9853710387624112
0.7642589777577611	0.85142232378506	0.846044906444613	0.5847930932426172	0.7959824239405198	0.3172584620039516	1.1321287375205695	1.0796663954968349	1.0632726746144956	0.9350228679931869	1.1223210524750107	0.9798334136954341	-17.4400832273798	1.025594197120886	0.8969894384761095	1.0379646060846488	1.0665613104168796	0.9790503707984809	0.9965145588667972	0.9654034166459462
0.7434117378352358	0.8288987813375718	0.8236219481505198	0.5677316563289452	0.7745135909903944	0.3068550106276305	1.104822304227102	1.053188313068723	1.0370592851266556	0.9109812150168007	1.0951673422877541	0.9550120639545484	0.9748351971208881	-16.96866830958296	0.8736279578054759	1.0121654360451344	1.0402945957827434	0.9542424489949084	0.9714087909529476	0.9408306339289797
0.8566014003526052	0.9508868461196753	0.9450831413233255	0.6609092536876137	0.8909702206326722	0.36433057486601306	1.2517093901100675	1.1957846043514888	1.1782826007325504	1.0409049713807568	1.2412640061607736	1.0889997146026962	1.1106104384761095	1.1380079578054754	-19.51593868834012	1.1512383376263173	1.1817945851949823	1.0881601789904098	1.1068768797964157	1.0735235861301733
0.7336058127455685	0.818295289981347	0.813066347286477	0.559722544782457	0.7644120581736769	0.3019904195002788	1.091936621427225	1.0406985775055344	1.0246960100043494	0.8996543948857629	1.0823546822071526	0.9433133653852913	0.9629726060846487	0.9879324360451339	0.8626253376263172	-16.746557399365866	1.0279058462772968	0.9425501570920065	0.9595743743742102	0.9292505179811333
0.7115813346184753	0.7944578700489601	0.7893378678028502	0.5417717893258576	0.7417159712378786	0.29113216290264804	1.0628957651546946	1.0125621661557367	0.9968483180061427	0.874170305256746	1.0534806816512212	0.916981773793568	0.9362673104168785	0.9607595957827427	0.8378795851949822	0.9726038462772985	-16.24680208584028	0.9162331713937732	0.9329333300823596	0.9031892407374675
0.7819075093598159	0.8704697611857587	0.8650084777296826	0.5992726210405044	0.8141499900598865	0.32613056849363264	1.1551534013699165	1.1020037383644117	1.085390257518207	0.9553349619710986	1.1452190419900192	1.0007942101452947	1.0212463707984787	1.0471974489949094	0.9167351789904099	1.0597381570920077	1.088723171393773	-17.838344184837368	1.0177118509544418	0.98615746738512
0.767157975000127	0.8545523697576286	0.8491610961734082	0.5871692933658275	0.7989671279192095	0.31871174491013055	1.1359165649046956	1.0833404552247956	1.0669103672150995	0.9383619295366835	1.1260879093519935	0.9832797406938047	1.00349355886679	1.0291467909529473	0.9002348797964158	1.0415453743742096	1.0702063300823597	0.9824948509544419	-17.505553912740513	0.9688155536599489
0.7936993586343247	0.8831861449788152	0.8776694710456678	0.6089652351875711	0.826285019758742	0.3320914345935554	1.1704912864076618	1.1168893329525047	1.100131174023266	0.9688860428435695	1.1604735924969356	1.0147730387624088	1.0354134166459448	1.0615996339289795	0.9299125861301742	1.0742525179811335	1.1034932407374674	1.0139714673851172	1.0318465536599488	-18.104030548153787