-2.331491723577761022e+01 1.088437686901589485e+00 5.024131230240934665e-01 8.402403944419334358e-01 7.693414780393057484e-01 1.105034217208805236e+00 1.610159942968003133e+00 2.401387450137661972e+00 1.084496093603650291e+00 2.093255763650064605e+00 1.539697242157624713e+00 8.900741403237012461e-01 1.173110657111622546e+00 1.193867904473257857e+00 1.130669277865045563e+00 9.254025381821175955e-01 1.517847348190861201e+00 2.180552490787577291e+00 7.251985653405678134e-01 5.437309213701264632e-01
9.164876869015896599e-01 -2.149067411344319822e+01 4.525387064786639546e-01 7.663571463928902094e-01 7.000589875641159976e-01 1.015702337223839624e+00 1.497590384529076779e+00 2.264311555613552684e+00 9.962721438477752933e-01 1.964319484662665483e+00 1.429950287844248047e+00 8.130810897568104822e-01 1.080206546400170886e+00 1.099904432770707263e+00 1.039974358314100567e+00 8.462643259051585432e-01 1.409000885207865261e+00 2.049148191880958869e+00 6.588901673689787630e-01 4.906153947800245274e-01
1.750843123024093284e+00 1.872918706478663875e+00 -3.920006431958248783e+01 1.522970687122069844e+00 1.418367124058078188e+00 1.895538363389663861e+00 2.548725974685986717e+00 3.479799282657738413e+00 1.867533649959344233e+00 3.126990782479729614e+00 2.461112495603305472e+00 1.595153202132214565e+00 1.987425698658450424e+00 2.015167970093200367e+00 1.930305959086517920e+00 1.645700268980098580e+00 2.433744148975041099e+00 3.228018383313795425e+00 1.352015023008466210e+00 1.067733475876028626e+00
1.178830394441933160e+00 1.276897146392889981e+00 6.131306871220697507e-01 -2.717237735396390619e+01 9.198716807289564201e-01 1.295232810214892449e+00 1.844599436786387159e+00 2.680494830604799983e+00 1.272539443241082591e+00 2.357757462513026425e+00 1.768860331627077898e+00 1.056028863215531688e+00 1.370229531056728289e+00 1.393030617081977063e+00 1.323513577447250400e+00 1.095610568840202470e+00 1.745321462376155486e+00 2.449507500521573178e+00 8.697212336228987706e-01 6.611997761284779118e-01
1.272711478039305621e+00 1.375378987564115807e+00 6.733071240580781325e-01 1.084651680728956125e+00 -2.917495121228333232e+01 1.394541398726983017e+00 1.964507857069142993e+00 2.820342534246922384e+00 1.370823283979105689e+00 2.491183923791363775e+00 1.886355607837642889e+00 1.143695927778583199e+00 1.472815155412142696e+00 1.496580198532667216e+00 1.424077415248284462e+00 1.185338243891864485e+00 1.862041775672484745e+00 2.584902275308138542e+00 9.468850525333223356e-01 7.248112918642278801e-01
9.018422172088049749e-01 9.844603372238363015e-01 4.439163633896639483e-01 7.534508102148924635e-01 6.879793987269831046e-01 -2.116903960477712943e+01 1.477623916748897592e+00 2.239767584228724129e+00 9.807713495365579792e-01 1.941305655607277858e+00 1.410505597306287884e+00 7.996143852395751761e-01 1.063853306617085215e+00 1.083357847143859187e+00 1.024023853958944130e+00 8.324103515720449042e-01 1.389722429688621030e+00 2.025671475465278704e+00 6.473435634438688968e-01 4.814191614559277244e-01
5.677469429680032098e-01 6.271273845290767923e-01 2.578829746859869765e-01 4.635964367863874003e-01 4.187248570691431415e-01 6.384029167488974865e-01 -1.365283220371539308e+01 1.627250432560697568e+00 6.244555597833754135e-01 1.375223220953684100e+00 9.475397308428628040e-01 4.956406308763877111e-01 6.850796420457853086e-01 6.994463049632678731e-01 6.558996521465528806e-01 5.186038305079808675e-01 9.313982926640453908e-01 1.445694822419258951e+00 3.912245906109027005e-01 2.818939805530948362e-01
2.910374501376619683e-01 3.259115556135528946e-01 1.210192826577386055e-01 2.315548306048001714e-01 2.066225342469225901e-01 3.326095842287239424e-01 5.593134325606976542e-01 -7.025563170198060980e+00 3.243279165632365624e-01 8.163934003966067943e-01 5.250641876969396327e-01 2.496204976302982825e-01 3.605889656090376927e-01 3.692813339322860711e-01 3.430503476904598337e-01 2.626967710911949916e-01 5.146147980528531507e-01 8.668976081847649118e-01 1.915590940926978902e-01 1.333995792075873543e-01
9.200110936036510756e-01 1.003737143847774904e+00 4.546186499593444230e-01 7.694644432410827628e-01 7.029682839791059346e-01 1.019478349536556916e+00 1.502383559783375455e+00 2.270192916563236629e+00 -2.156797316522801466e+01 1.969837542533840802e+00 1.434619174139683206e+00 8.163225209884997779e-01 1.084138034471985534e+00 1.103882089281132961e+00 1.043809657150985837e+00 8.495984243262354463e-01 1.413630163417555430e+00 2.054776202766436910e+00 6.616717516832715251e-01 4.928331639542608000e-01
3.757777636500646001e-01 4.187914846626656917e-01 1.610827824797298191e-01 3.016894625130269181e-01 2.703359237913640079e-01 4.270196556072781147e-01 7.001582209536842960e-01 1.209265400396606793e+00 4.168445425338410115e-01 -9.111665462860887743e+00 6.594904578662704742e-01 3.242934093737691592e-01 4.612806665287933483e-01 4.718893779368469321e-01 4.398250206221238634e-01 3.405975504644409013e-01 6.470443924216311427e-01 1.057923961805102619e+00 2.512989857553232231e-01 1.770564034983243829e-01
6.041062421576247621e-01 6.663092878442482547e-01 2.770914956033057042e-01 4.946793316270781671e-01 4.473946078376433433e-01 6.781065973062881946e-01 1.054361730842863665e+00 1.699823187696939630e+00 6.635131741396835814e-01 1.441377457866270584e+00 -1.449087222996562474e+01 5.283935901439956728e-01 7.268971634751603128e-01 7.418998750657066488e-01 6.964043204584327018e-01 5.525275223524062085e-01 9.832594706233769299e-01 1.513752520211336217e+00 4.183701769521165348e-01 3.026044777611481273e-01
1.118624140323701388e+00 1.213581089756810671e+00 5.752732021322148892e-01 9.459888632155325494e-01 8.688759277785833568e-01 1.231356385239575690e+00 1.766603630876387943e+00 2.588520497630298678e+00 1.209357520988499912e+00 2.270321409373769139e+00 1.692534590143995876e+00 -2.588043029021584829e+01 1.304127269052512528e+00 1.326272186769495542e+00 1.258785441314680398e+00 1.038199346871570006e+00 1.669531115974781432e+00 2.360684233041305369e+00 8.206943016877518149e-01 6.210991380443817711e-01
8.448196571116229903e-01 9.238655464001714890e-01 4.107046986584506065e-01 7.033485310567284543e-01 6.411541554121431563e-01 9.387543066170848105e-01 1.399201642045785787e+00 2.142647965609037808e+00 9.203320344719855273e-01 1.850467666528793576e+00 1.334197163475160153e+00 7.472862690525122753e-01 -1.991144289451259652e+01 1.018728984793366044e+00 9.617845671586808809e-01 7.785417640514799009e-01 1.314086734957982561e+00 1.932936698044382728e+00 6.026265831109288706e-01 4.459579259563007381e-01
8.283499044732578476e-01 9.063364327707079671e-01 4.012199700932004842e-01 6.889226170819769957e-01 6.276921985326676667e-01 9.210318471438597721e-01 1.376341304963268009e+00 2.114113333932285954e+00 9.028490892811327218e-01 1.823849377936846983e+00 1.311972875065706479e+00 7.322041867694951689e-01 9.815019847933648123e-01 -1.954656481865458417e+01 9.437667790134945944e-01 7.630048833352689464e-01 1.292064647638391239e+00 1.905740859041061386e+00 5.897834530788744756e-01 4.358190737097260015e-01
8.798082778650456737e-01 9.610633583141012792e-01 4.310149590865181013e-01 7.340625774472505638e-01 6.698464152482845879e-01 9.763548539589419484e-01 1.447451652146552803e+00 2.202539347690459781e+00 9.574336571509851623e-01 1.906442020622123756e+00 1.381134320458432541e+00 7.793744413146803662e-01 1.039214567158680991e+00 1.058423779013493382e+00 -2.068411526928427335e+01 8.115813656066979132e-01 1.360606205863942320e+00 1.990093175102907175e+00 6.300189622040694992e-01 4.676513330311063421e-01
1.078502538182117609e+00 1.171314325905158604e+00 5.503702689800988868e-01 9.101205688402028704e-01 8.350682438918648476e-01 1.188702351572045623e+00 1.714116830507981026e+00 2.526146771091195120e+00 1.167183424326235786e+00 2.211175550464441031e+00 1.641218522352406506e+00 9.627493468715696556e-01 1.259932764051480136e+00 1.281622883335269192e+00 1.215542365606698372e+00 -2.501582333730603125e+01 1.618589916911084003e+00 2.300553641292906182e+00 7.882286526813603311e-01 5.946843704419118026e-01
6.159263481908612281e-01 6.790298852078653358e-01 2.833931489750412536e-01 5.048104623761555665e-01 4.567507756724848988e-01 6.909934296886212080e-01 1.071890292664045230e+00 1.723043798052853237e+00 6.761941634175554494e-01 1.462601392421631230e+00 1.016929470623372911e+00 5.390601159747812066e-01 7.404567349579822544e-01 7.556616476383913872e-01 7.095462058639422365e-01 5.635689169110840169e-01 -1.476205532601268899e+01 1.535569675765177111e+00 4.272360355543079469e-01 3.093928260565332877e-01
3.493804907875771026e-01 3.899261918809586169e-01 1.484163833137953081e-01 2.797455005215734314e-01 2.503602753081388688e-01 3.976914754652784989e-01 6.569358224192590745e-01 1.146075608184765171e+00 3.880892027664367694e-01 9.442299618051036569e-01 6.181715202113362562e-01 3.009622330413049274e-01 4.300556980443827615e-01 4.400868590410613179e-01 4.097821751029072646e-01 3.162816412929059240e-01 6.063186757651770620e-01 -8.468327399168256164e+00 2.325446721586376941e-01 1.632730120576559862e-01
1.336748565340567962e+00 1.442390167368978959e+00 7.151350230084664306e-01 1.142681233622898640e+00 1.055065052533322945e+00 1.462085563443869196e+00 2.045187590610903161e+00 2.913459094092698098e+00 1.437706751683272000e+00 2.580326985755323044e+00 1.965511176952116745e+00 1.203694301687751933e+00 1.542467583110929130e+00 1.566851453078874634e+00 1.492429962204069538e+00 1.246678652681360466e+00 1.940707035554308346e+00 2.675266672158638226e+00 -3.053333011637056771e+01 7.689372514822225835e-01
1.659620921370126512e+00 1.778455394780025012e+00 9.351934758760288569e-01 1.438499776128478125e+00 1.337331291864228389e+00 1.800501161455927868e+00 2.440196980553094974e+00 3.359639579207587712e+00 1.773208163954261174e+00 3.010424403498324519e+00 2.354085477761147960e+00 1.508439138044381789e+00 1.890138925956300842e+00 1.917227073709726115e+00 1.834402333031106780e+00 1.557474370441911837e+00 2.327203826056533309e+00 3.110335012057656279e+00 1.273277251482222594e+00 -3.730565455722906876e+01
