-2.523288519497026527e+01 9.599056113699416803e-01 5.062530540532698131e-01 8.393309852835252327e-01 2.959777040599270936e+00 4.879048366629985534e-01 9.006083512767788513e-01 1.054422832035782465e+00 1.443565371209621251e+00 1.742141124152817966e+00 2.199426932652783773e+00 5.896664411184441290e-01 5.631761327471968004e-01 7.417508820011152748e-01 1.584130709771685241e+00 7.161197365469335052e-01 5.359673104486407658e-01 1.333753815826030698e+00 2.484320511209663795e+00 3.590663516003762101e+00
1.041195611369941876e+00 -2.611806761774455410e+01 5.314403515617175389e-01 8.759239282636859247e-01 3.030741418397046694e+00 5.123767182190744895e-01 9.390173911040401444e-01 1.097065802374127097e+00 1.495152482257831927e+00 1.799193304021937445e+00 2.263034503414514731e+00 6.179804046498518222e-01 5.905187758248638952e-01 7.752849145931426378e-01 1.638423696501342119e+00 7.488142587311226173e-01 5.622915729085135039e-01 1.383046294083010830e+00 2.551124937382217350e+00 3.665441252086570678e+00
1.742013054053269894e+00 1.685910351561717313e+00 -4.067396369965297254e+01 1.513455014452435909e+00 4.085048052130156648e+00 9.696925086003101990e-01 1.601830327600157755e+00 1.817258132375164648e+00 2.329848821617425347e+00 2.699666097662400954e+00 3.238418591540005664e+00 1.134730882721816325e+00 1.092460074507500378e+00 1.369278256898426527e+00 2.506071250293893105e+00 1.330642056870946943e+00 1.048551178811283346e+00 2.189197709590582797e+00 3.561481140439878956e+00 4.758410197925595497e+00
1.179970985283525398e+00 1.135273928263686338e+00 6.183350144524361047e-01 -2.906784172147178325e+01 3.260491228825041166e+00 5.969015820076838397e-01 1.068913794939019057e+00 1.240428514714713160e+00 1.666496490263535968e+00 1.987323936957090753e+00 2.470982888754154061e+00 7.151785034547558650e-01 6.845252723880446144e-01 8.894968016841707792e-01 1.818108769741049846e+00 8.603054350169122566e-01 6.529429391090052492e-01 1.547271684116691137e+00 2.768606745872443486e+00 3.906287205627823056e+00
1.844870405992710127e-01 1.741614183970467966e-01 7.399805213015683836e-02 1.445612288250411881e-01 -5.625688692482555098e+00 7.058770097750642625e-02 1.593328604321325725e-01 1.988906978865625230e-01 3.151128297368638309e-01 4.204093732965851760e-01 6.096274535031547259e-01 9.013104115890946400e-02 8.489601251133979676e-02 1.221903874630221459e-01 3.629129846444608121e-01 1.165480986019151316e-01 7.962699243919725556e-02 2.799386080481369721e-01 7.448439903621908442e-01 1.393431921469062029e+00
1.784904836662998484e+00 1.728086718219074003e+00 1.030932508600310271e+00 1.553261582007683383e+00 4.142877700977506628e+00 -4.154484855536077248e+01 1.642884491565192118e+00 1.861069427830110534e+00 2.378858490085659305e+00 2.751479873475823013e+00 3.293260540337693776e+00 1.168292026759849556e+00 1.125221989472163786e+00 1.406888549525495247e+00 2.556502363469634442e+00 1.367627704569642777e+00 1.080458536536449410e+00 2.236949072859630405e+00 3.617673924933654028e+00 4.817618217472203312e+00
1.106448351276778208e+00 1.063567391104039084e+00 5.719103276001575864e-01 9.341137949390189155e-01 3.140462860432132519e+00 5.517244915651924320e-01 -2.751084555939262444e+01 1.164529348575854995e+00 1.576170347246703241e+00 1.888401183770247682e+00 2.361971070491158731e+00 6.633396659396496586e-01 6.343617720147185501e-01 8.287532973895481714e-01 1.723505453262795584e+00 8.009829496781938341e-01 6.045423098462964218e-01 1.460604476512614935e+00 2.654766234144360304e+00 3.780690233603163364e+00
9.474828320357828737e-01 9.088358023741270886e-01 4.745581323751648650e-01 7.928485147147131817e-01 2.867240697886562550e+00 4.571294278301110126e-01 8.517493485758552696e-01 -2.409714231502243464e+01 1.377280174001076274e+00 1.668532632824785811e+00 2.116953978208809151e+00 5.539416037818430949e-01 5.287051682156732602e-01 6.992577171719689400e-01 1.514226919167632301e+00 6.747184461640108877e-01 5.028090834985285973e-01 1.270526230474369411e+00 2.397490574649927542e+00 3.492855031071489869e+00
6.581943712096213206e-01 6.284914822578319127e-01 3.087178216174254475e-01 5.404854902635356506e-01 2.305031829736863713e+00 2.964874900856594997e-01 5.849593472467035093e-01 6.988491740010761566e-01 -1.765018874611648059e+01 1.242147533902796530e+00 1.628714631199614349e+00 3.650689922630475093e-01 3.470424321744431384e-01 4.707830275758985716e-01 1.112895529401866757e+00 4.527108860856998707e-01 3.286525049658369224e-01 9.132579992636640220e-01 1.877763460133949680e+00 2.889934742730948525e+00
5.061971241528178123e-01 4.819593040219373736e-01 2.279620976624009976e-01 4.107399369570908232e-01 1.959755373296585335e+00 2.185358734758234556e-01 4.466171837702476166e-01 5.395286328247856922e-01 7.915745339027967509e-01 -1.407581143039022464e+01 1.341555459139613937e+00 2.716991312866415265e-01 2.576544991738269896e-01 3.550009543484174412e-01 8.881639091025802513e-01 3.406513639536733473e-01 2.433779227491640329e-01 7.181028467489533051e-01 1.566487036400794564e+00 2.510248247422072865e+00
3.439389326527837465e-01 3.262565034145146203e-01 1.471705915400052800e-01 2.748548887541539254e-01 1.529429453503154734e+00 1.407725403376936246e-01 3.006430704911591256e-01 3.684059782088088264e-01 5.585976311996144750e-01 7.220114591396140646e-01 -1.002283721488490897e+01 1.771154587206099640e-01 1.674545005654488050e-01 2.352364217790631484e-01 6.336887383694063125e-01 2.251285677973883792e-01 1.576774043805061198e-01 5.022629640396166772e-01 1.189081480797879564e+00 2.023110629193486609e+00
1.567076441118443908e+00 1.514100404649851406e+00 8.763808827218163566e-01 1.351948503454755812e+00 3.842831041158909500e+00 8.487020267598497369e-01 1.434909665939649637e+00 1.638291603781842909e+00 2.127849992263047607e+00 2.485053131286641293e+00 3.010013458720609769e+00 -3.710474678383182123e+01 9.611173997896593768e-01 1.217249098723202083e+00 2.297695909559617000e+00 1.181296051916382206e+00 9.208218651119401965e-01 1.992814396038053770e+00 3.326859094919608850e+00 4.509735815917940371e+00
1.619386132747197005e+00 1.565438775824864015e+00 9.129100745075005019e-01 1.400095272388044876e+00 3.916396012511340174e+00 8.844319894721637265e-01 1.484731772014719065e+00 1.691855168215673277e+00 2.188623432174443106e+00 2.549808499173827236e+00 3.079152500565449202e+00 1.039917399789659580e+00 -3.817518848682280463e+01 1.262472468848597984e+00 2.360479134671472412e+00 1.225693889499500866e+00 9.586025110365203883e-01 2.051822968546590520e+00 3.397985421252321725e+00 4.585385063582920750e+00
1.312190882001115444e+00 1.264434914593142611e+00 7.039582568984266153e-01 1.119296801684170894e+00 3.467920387463022003e+00 6.803285495254957072e-01 1.193353297389548429e+00 1.376637717171969033e+00 1.826594027575898727e+00 2.161384954348417597e+00 2.661164421779063094e+00 8.102790987232022513e-01 7.767024688485980599e-01 -3.183986113603936730e+01 1.985179341752626003e+00 9.683657769816398364e-01 7.420350837638259867e-01 1.701364279463148721e+00 2.966396246195184716e+00 4.122274629880869234e+00
5.808747097716853158e-01 5.538776965013421094e-01 2.670552502938933759e-01 4.742127697410499776e-01 2.134946984644460866e+00 2.562463634696349191e-01 5.144094532627959682e-01 6.179109191676324109e-01 8.950105294018669833e-01 1.120851909102579924e+00 1.485920738369406413e+00 3.170299095596170180e-01 3.010131346714726153e-01 4.114833417526260750e-01 -1.585309200319123235e+01 3.952756029736195220e-01 2.847023122840046661e-01 8.147321436906667103e-01 1.723578825669408454e+00 2.703959408863470859e+00
1.350509736546933182e+00 1.301914258731122542e+00 7.292720568709468720e-01 1.154055435016911657e+00 3.526228098601915217e+00 7.050177045696427447e-01 1.229532949678193710e+00 1.416048446164010599e+00 1.872471886085699699e+00 2.210985363953672955e+00 2.715006567797388470e+00 8.382760519163821034e-01 8.038738894995005602e-01 1.032315776981638900e+00 2.032921602973619013e+00 -3.263737501447444345e+01 7.683332803741381722e-01 1.745628024562620340e+00 3.022218046581782058e+00 4.182765837568332756e+00
1.676147310448640848e+00 1.621181572908513280e+00 9.529711788112823490e-01 1.452482939109005278e+00 3.995096992439197248e+00 9.236385365364490063e-01 1.538882309846296481e+00 1.749929083498528604e+00 2.254203504965836657e+00 2.619501922749163825e+00 3.153345404380506256e+00 1.083591865111940278e+00 1.042572511036520932e+00 1.311775083763825789e+00 2.428138312284004563e+00 1.274123280374138245e+00 -3.933355591899589854e+01 2.115572428637046087e+00 3.474207192455219140e+00 4.666194489639785559e+00
7.271928158260306807e-01 6.951952940830105065e-01 3.468767095905829212e-01 6.000706841166908445e-01 2.448667608048136657e+00 3.333880728596305687e-01 6.482034765126153397e-01 7.709052304743689854e-01 1.092067999263664380e+00 1.347485846748953220e+00 1.751189964039616465e+00 4.088433960380536969e-01 3.890519685465902433e-01 5.243632794631483129e-01 1.211427143690666508e+00 5.046770245626204243e-01 3.688314286370458772e-01 -1.922315890820013706e+01 2.009152961255799674e+00 3.045568004442913423e+00
2.718625112096639262e-01 2.573769373822174522e-01 1.132631404398789787e-01 2.155087458724432303e-01 1.307675990362191065e+00 1.082159249336547696e-01 2.364682341443605229e-01 2.919725746499276520e-01 4.506764601339496856e-01 5.899730364007942374e-01 8.321114807978797767e-01 1.369910949196093686e-01 1.293174212523220401e-01 1.834982461951845945e-01 5.143768256694082330e-01 1.753700465817820964e-01 1.215691924552192438e-01 4.032559612557999329e-01 -8.103725038512530787e+00 1.764241213856243773e+00
1.106135160037616527e-01 1.041012520865704089e-01 4.260019792559531504e-02 8.559720562782310860e-02 6.886719214690620872e-01 4.056821747220393237e-02 9.480023360316341963e-02 1.197450310714893440e-01 1.952557427309484783e-01 2.661422474220725420e-01 3.985486291934864922e-01 5.227581591794003280e-02 4.912506358292068054e-02 7.178462988086979635e-02 2.271654088634708635e-01 6.832583756833263133e-02 4.596448963978543717e-02 1.720790044429132692e-01 4.966492138562438319e-01 -3.330013658358653039e+00
