-39.7736344187234	1.773171640281152	2.691683949821133	2.034608717361487	2.413503104783032	3.3609960084277346	1.9482362394226564	1.5364877554073895	1.1491785952789848	1.5561928339121207	2.96213690042967	2.143266113966409	2.399212080452854	2.047672438739392	1.7354580493695522	1.4232048529342887	2.452525705546483	2.2619049366707102	2.3364922589381782	1.5477022369801667
0.4928486402811516	-23.278439713673464	1.704741147753235	1.1905360699037435	1.481324937797521	2.271418847304157	1.1266266906188955	0.8353373667795001	0.5835122136367893	0.8487476130180567	1.929125984296	1.2722274840109324	1.4700643008660794	1.2002823695453326	0.9732478982080991	0.759334494628703	1.5121840460934584	1.3630111773015974	1.4209058849623073	0.8429625466678993
0.22945094982113287	0.5228311477532349	-12.484278040706991	0.6445585007258395	0.8409995044593369	1.431118407288403	0.6030862004655345	0.422451338344574	0.27832471109929086	0.430451752209143	1.166180448467367	0.6984843160483782	0.8331653590030631	0.6509387539189277	0.506210498252652	0.37771362747327275	0.8625588908556183	0.7595830850150147	0.7991739869014309	0.42699656260477514
0.3947157173614867	0.8309660699037436	1.4668985007258395	-19.533853250803546	1.2622925743187516	1.9957003512539082	0.9430345630724056	0.6869546272641537	0.4710040751083041	0.6986055312351247	1.6747355497861665	1.0731877883978174	1.2520471387638836	1.008710142948564	0.8074321932309741	0.621198080066506	1.2904038113182268	1.1549886642848732	1.2074001909116685	0.6935776808511478
0.2881501047830318	0.6362949377975212	1.1778795044593369	0.7768325743187519	-15.120862956645256	1.650473375124706	0.7291638023196342	0.518858516995036	0.3472844154764249	0.5282750960224613	1.3615715373637214	0.8385108932937829	0.9911761073636791	0.7841476882647623	0.6169529064257511	0.466006013017018	1.0242529537536056	0.908001841168197	0.9528211236089779	0.5242095650888551
0.1332530084277342	0.32399884730415746	0.6656084072884032	0.40785035125390806	0.5480833751247057	-7.703667048082449	0.3790058553498036	0.25679739335211615	0.16376131984062947	0.2620848830887593	0.7919289562874743	0.44576582380922475	0.5423823059464488	0.4123124618046014	0.31274562453903515	0.22745969850574027	0.5638171172518985	0.48926455103406935	0.5177472285403925	0.2597998393333465
0.42452323942265635	0.883236690618896	1.5416062004655342	1.0592145630724061	1.3308038023196342	2.083035855349803	-20.699390252865435	0.7326132452615551	0.5053111011298046	0.744825260524495	1.7549348816826835	1.13516530591103	1.3202253055716995	1.0682608585782087	0.8586687327356798	0.6635969488241932	1.359817241252649	1.2198952237307776	1.274099937064284	0.7395558593494443
0.6058257554073895	1.1849983667795	1.954022338344574	1.3961856272641535	1.713549516995036	2.5538783933521163	1.3256642452615555	-27.305662043807402	0.7116116597780172	1.0151623663429326	2.193095216563096	1.4859009391468812	1.7013574041039021	1.4069139287409844	1.155110019161921	0.9137184341073005	1.7469242527902054	1.585073919996381	1.6480460121926281	1.0086236474788306
0.8643265952789847	1.5789832136367892	2.4557057110992906	1.826045075108304	2.187785415476425	3.1066523198406295	1.7441721011298044	1.3574216597780173	-35.701895825739776	1.375784029218236	2.7177725309745164	1.9293683964643813	2.1740712376830786	1.838448615738712	1.5435373463684434	1.252173592359775	2.225258771253867	2.0425747298347767	2.1139444474767695	1.3678700370189758
0.5953578339121206	1.1682356130180571	1.9318497522091433	1.3776635312351246	1.6927930960224613	2.528992883088759	1.307703260524495	0.9849893663429331	0.6998010292182361	-26.943373151180364	2.169714644220626	1.466700687774354	1.6806787276998845	1.3883086734727756	1.1386162095542043	0.8996008747910024	1.7259580768980645	1.5651678953661425	1.627714466652595	0.993526529179384
0.1841339004296701	0.4314459842960002	0.8504104484673671	0.5366255497861663	0.7089215373637213	1.2416689562874745	0.5006448816826834	0.3457542165630964	0.22462153097451648	0.35254664422062626	-10.31641877103396	0.5836245569688266	0.701994932323106	0.5421738237879141	0.41718905801369655	0.30789789946250645	0.7280058116709127	0.6371543340980206	0.6719923731797127	0.34961233145794274
0.36040311396640856	0.7696874840109323	1.3778543160483785	0.930217788397817	1.1810008932937832	1.8906458238092247	0.8760153059110298	0.6336999391468813	0.43135739646438115	0.6446726877743539	1.5787645569688264	-18.15775354282931	1.1711702954007963	0.9385142678214631	0.7474132089917719	0.5718728988246522	1.2079874653962483	1.0781767621577474	1.1283625012505865	0.6399368371940274
0.291559080452854	0.6427343008660794	1.187745359003063	0.7842871387638837	1.0088761073636823	1.6624723059464488	0.7362853055716996	0.5243664041039019	0.3512702376830784	0.5338607276998846	1.372344932323106	0.8463802954007961	-15.268911023393308	0.7916523864894275	0.6232443604918056	0.47106695953919137	1.0332709966352105	0.9163180045123724	0.9614144211033394	0.5297616994434843
0.39040943873939166	0.8233423695453325	1.4559087539189277	0.9913401429485639	1.2522376882647623	1.9827924618046013	0.9347108585782085	0.680312928740984	0.4660376157387119	0.6918806734727757	1.662913823787914	1.0641142678214635	1.2420423864894279	-19.363239898376005	0.79996237072896	0.6150388414110565	1.2802130633968563	1.1454757506631814	1.197617836297965	0.6868886260269207
0.5091250493695522	1.0272378982080985	1.7421104982526519	1.2209921932309742	1.515972906425751	2.3141556245390356	1.1560487327356794	0.8594390191619207	0.6020563463684434	0.8731182095542045	1.9688590580136964	1.3039432089917722	1.5045643604918058	1.23089237072896	-23.875624784024225	0.7818632333112653	1.5472318335580855	1.396049438063786	1.4547473721637678	0.8672174308547749
0.6703738529342881	1.286826494628703	2.0871156274732723	1.508260080066506	1.838528013017018	2.7023716985057398	1.4344789488241934	1.0915494341073007	0.7841945923597753	1.1076048747910017	2.3330698994625068	1.601904898824652	1.8258889595391914	1.5194708414110567	1.2553652333112655	-29.496529121491204	1.8731078449456966	1.7051555004707706	1.7705801418203515	1.1006821849979138
0.27905270554648326	0.6190340460934581	1.1513188908556182	0.756823811318227	0.9761329537536039	1.6180871172518982	0.7100572412526491	0.5041132527902052	0.3366377712538672	0.5133200768980642	1.332535811670913	0.8173774653962483	0.9674509966352114	0.7640030633968564	0.6000918335580854	0.45246584494569664	-14.723226483418044	0.8856560313757867	0.9297226429404428	0.50934492648473
0.3265619366707101	0.7079911773015973	1.2864730850150148	0.8595386642848735	1.0980118411681965	1.781664551034069	0.8082652237307777	0.580392919996381	0.3920837298347764	0.5906598953661426	1.4798143340980208	0.9256967621577472	1.0886280045123715	0.8673957506631809	0.687039438063786	0.5226435004707704	1.1237860313757868	-16.760672961655096	1.0477981055641779	0.586228010346713
0.30702925893817806	0.6717658849623073	1.231943986901431	0.8178301909116689	1.0487111236089783	1.7160272285403926	0.7683499370642843	0.5492450121926284	0.36933344747676977	0.5590864666525949	1.4205323731797126	0.8817625012505863	1.0396044211033397	0.8254178362979647	0.6516173721637679	0.4939481418203514	1.0737326429404424	0.9536781055641763	-15.934453815299985	0.5548378837304117
0.5998422369801667	1.175425546667899	1.9413695626047751	1.385610680851148	1.7017025650888549	2.539682839333347	1.3154088593494442	0.9914256474788358	0.7048620370189757	1.0065015291793868	2.1797553314579425	1.4749398371940274	1.6895546994434842	1.3962916260269207	1.1456904308547748	0.9056531849979138	1.7349579264847297	1.573711010346713	1.6364408837304116	-27.098826435089748