-8.698350492544363988e+00 6.110479886785407544e+00 8.206632273163533622e-03 1.983856143082663587e-02 4.326390444003853418e-06 1.150217758216889763e+00 2.703408259259838435e-27 1.288115166022596458e-01 1.279574404264798883e-02 1.283923945849142212e-01 8.041824610565686052e-03 2.418695794131489954e-02 3.338081082107483694e-02 2.407615945003232019e-02 2.196563730035275188e-04 3.399074246428502311e-01 2.426529649884824891e-01 4.671350878806420637e-01 2.776659206341744404e-06 8.850640206917175878e-09
1.374988678540813199e-02 -4.222307217153259407e-02 3.520953846190996267e-05 9.243352266678432465e-05 1.367564658925360798e-08 1.746771638082044581e-02 6.650729754024786059e-30 7.982707379379440533e-04 5.706939067561391470e-05 7.951105298130273485e-04 3.444535089849384152e-05 1.151825065867776224e-04 1.652464032514719514e-04 1.145949962741788311e-04 7.731959143198309220e-07 2.754953499603296323e-03 1.764940891590249979e-03 4.277216040706862711e-03 8.699743516588939542e-09 2.553297946475607879e-11
6.715426632273163499e+00 1.280398520953846209e+01 -5.782290219150507937e+01 1.615765022056217193e+00 1.964320226001728485e-03 7.000392140327678092e+00 1.985149052397196162e-24 3.547742279766361584e+00 1.285246587449418776e+00 3.543680213879920604e+00 9.881472028877125169e-01 1.781045011128640665e+00 2.070451901837363273e+00 1.777105051489159315e+00 6.930159848968295289e-02 4.872286274076222057e+00 4.384644699066878815e+00 5.364421569668602174e+00 1.291482151086975443e-03 4.995192502794603468e-06
5.676258561430826965e+00 1.175324243352266684e+01 5.649650220562165703e-01 -4.576968048242564180e+01 7.730968345164625785e-04 5.958804110337341697e+00 7.065597394544188905e-25 2.624747125485008770e+00 7.599507099994369241e-01 2.621041874577628494e+00 5.571278637365921771e-01 1.125184186079513760e+00 1.351863845005786491e+00 1.122162545619579843e+00 3.011683351717833745e-02 3.870813293626718110e+00 3.404551067467542769e+00 4.347570777160861155e+00 5.052662574807800615e-04 1.869710742469362420e-06
1.506302432639044220e+01 2.115975001367564801e+01 8.357764320225999910e+00 9.407373096834515280e+00 -1.841391459556191990e+02 1.534977330964609443e+01 7.242996195822054830e-21 1.178909944964909506e+01 8.881835114244717388e+00 1.178465981385295080e+01 8.334005913406848265e+00 9.647943242267183805e+00 1.004366668967356446e+01 9.642346378635467730e+00 4.320737063822862822e+00 1.318933467052179687e+01 1.268255937843495573e+01 1.369447545670760213e+01 7.814424897124964131e-01 9.355227916966791374e-03
8.634677582168901466e-01 5.827447716380820708e+00 6.422140327678187328e-03 1.563411033734220593e-02 3.309646095179215300e-06 -7.873408956442692563e+00 2.038351239988278515e-27 1.041464507593357347e-01 1.004610312232159623e-02 1.038009030379698217e-01 6.292302148940405633e-03 1.909725384026095610e-02 2.644657587538068108e-02 1.900890202954040598e-02 1.692718385109754427e-04 2.814884907756046717e-01 1.990438458463171523e-01 3.908916926221724930e-01 2.122905203420744941e-06 6.732308366261410672e-09
6.535511999999999944e+01 7.145184999999999320e+01 5.864789999999999281e+01 5.969869999999999521e+01 5.029209999999999070e+01 6.564186999999999728e+01 -1.131801580000000058e+03 6.208110999999999535e+01 5.917269999999999186e+01 6.207666999999999291e+01 5.862409999999999144e+01 5.993941999999999126e+01 6.033532999999999191e+01 5.993381999999999721e+01 5.455179999999999296e+01 6.348140999999999678e+01 6.297461999999999449e+01 6.398655999999999011e+01 4.981759999999999167e+01 4.373889999999999390e+01
3.402821516602259511e+00 9.371538270737937992e+00 1.145322797663609338e-01 2.423371254850089085e-01 8.944964909587010168e-05 3.664906450759334966e+00 6.783845836880407050e-26 -2.462584449369292727e+01 1.678480700048594898e-01 9.977816427994672388e-01 1.125256035977962032e-01 2.850336793627979426e-01 3.690578567304359514e-01 2.839720325821262215e-01 4.046231427347799468e-03 1.858450878354464875e+00 1.512416259653452277e+00 2.238429052643738260e+00 5.789514127843358674e-05 1.983951618996654561e-07
6.195215744042648076e+00 1.227920706939067585e+01 7.604465874494180655e-01 1.285950709999436947e+00 1.235114244716845142e-03 6.479216103122320547e+00 1.185070798932145611e-24 3.076258070004859402e+00 -5.160849216501930670e+01 3.072350835521934886e+00 7.506552551568368425e-01 1.431874946591275233e+00 1.691498717528038709e+00 1.428375540668080479e+00 4.594005868427269990e-02 4.367456172802204328e+00 3.888747412394368830e+00 4.853251266272361697e+00 8.095015872321049705e-04 3.059558626178335111e-06
3.406842394584914224e+00 9.375975110529813250e+00 1.149102138799203698e-01 2.430718745776290768e-01 8.981385295178822181e-05 3.669000903037969774e+00 6.813545743333930888e-26 1.002221642799463464e+00 1.683808355219354458e-01 -2.465714362761638512e+01 1.128975154917984808e-01 2.858778055655947781e-01 3.701054833399256005e-01 2.848134906560345070e-01 4.061849688238274719e-03 1.861645177191205924e+00 1.515281867206293986e+00 2.241909318748695590e+00 5.813171424188680851e-05 1.992297567158556873e-07
6.739061824610565132e+00 1.282778444535089868e+01 1.011947202887710118e+00 1.631727863736592399e+00 2.005913406849931142e-03 7.024062302148940340e+00 2.032137321057297906e-24 3.569535603597796314e+00 1.299255255156837263e+00 3.565467515491798078e+00 -5.811343778636080515e+01 1.797839243262330911e+00 2.088504729941055071e+00 1.793880477558665199e+00 7.058715620364056087e-02 4.895353558549293105e+00 4.407375598218705726e+00 5.387724960861329571e+00 1.319028039783705711e-03 5.107338013571426992e-06
5.439886957941315160e+00 1.151254518250658698e+01 4.895250111286405525e-01 8.844641860795142696e-01 6.232422671848759834e-04 5.721547253840260971e+00 5.576390539383592287e-25 2.426723679362798425e+00 6.651549465912757197e-01 2.423127805565594706e+00 4.825192432623310324e-01 -4.323463369935359424e+01 1.210983064041559309e+00 9.972026133319690233e-01 2.474992204078958757e-02 3.647608878625571815e+00 3.188453156916748910e+00 4.119110222245543795e+00 4.068417305014458631e-04 1.491875406431635497e-06
5.053170810821073999e+00 1.111668524640325018e+01 3.830219018373626216e-01 7.152338450057863506e-01 4.366896735640541749e-04 5.332986575875380275e+00 3.778077040796626155e-25 2.114837856730436005e+00 5.288687175280386565e-01 2.111445483339924767e+00 3.772747299410546540e-01 8.150730640415584372e-01 -3.925812997004177163e+01 8.126432325067537432e-01 1.785568740528615042e-02 3.287510121669997343e+00 2.842261443604925830e+00 3.748538996074404217e+00 2.845389114078235933e-04 1.028671569988444131e-06
5.445376159450032283e+00 1.151814459499627397e+01 4.911850514891585306e-01 8.870425456195796254e-01 6.263786354679920553e-04 5.727058902029539489e+00 5.607182012787801683e-25 2.431262032582126142e+00 6.672555406680802381e-01 2.427663490656033485e+00 4.841604775586648146e-01 1.002802613331976511e+00 1.214153232506753888e+00 -4.329260841081509881e+01 2.486368180363440761e-02 3.652767606059538430e+00 3.193435475857426376e+00 4.124400227661724649e+00 4.089001743254185397e-04 1.499734756368493733e-06
1.080353965637300284e+01 1.690005077319591464e+01 4.165401598489682833e+00 5.177016833517178895e+00 6.103706382286407106e-02 1.109023927183851121e+01 1.109847651333909819e-22 7.533356231427347893e+00 4.666840058684273096e+00 7.528931849688238920e+00 4.142887156203641119e+00 5.412369922040789483e+00 5.801385687405287150e+00 5.406883681803635433e+00 -1.155231157613319226e+02 8.930792523149960971e+00 8.424671691945277985e+00 9.435513878489439676e+00 4.198012826026773642e-02 2.177549966071182447e-04
2.213617424642850384e+00 7.973194953499603166e+00 3.877627407622213224e-02 8.810329362671841247e-02 2.467052179866624905e-05 2.441948490775604164e+00 1.710096026826813569e-26 4.581508783544653851e-01 5.874617280220451737e-02 4.569051771912056026e-01 3.804355854929295649e-02 1.056188786255718298e-01 1.414301216699976049e-01 1.051776060595388945e-01 1.182523149960210259e-03 -1.616260274451970602e+01 7.679169476006573181e-01 1.273749818610869111e+00 1.590212031649244396e-05 5.264282850250477921e-08
2.623152964988483049e+00 8.478994940891590559e+00 5.792469906687868625e-02 1.286310674675436305e-01 3.937843495647862523e-05 2.866293845846317190e+00 2.816019057708691010e-26 6.189062596534529170e-01 8.682741239437012648e-02 6.173318672062940715e-01 5.685559821870603270e-02 1.532531569167490948e-01 2.029714436049268877e-01 1.526354758574272052e-01 1.851691945279069790e-03 1.274706947600657836e+00 -1.891028567041494313e+01 1.589883417424769796e+00 2.541775501909702463e-05 8.514151961282910285e-08
1.835695087880642618e+00 7.469567216040707613e+00 2.576156966860205372e-02 5.971077716086207327e-02 1.545670760215994016e-05 2.046201692622172441e+00 1.040108962346115467e-26 3.329790526437391707e-01 3.939126627236211320e-02 3.320193187486958908e-01 2.526496086132958355e-02 7.197022224554382175e-02 9.730899607440547661e-02 7.166022766172587544e-02 7.538784894385160097e-04 7.685998186108693453e-01 5.779434174247699563e-01 -1.375485294201376618e+01 9.950322042624883695e-06 3.257825593181606244e-08
1.553752277665920722e+01 2.163425000869974468e+01 8.831591482151088357e+00 9.881605266257482256e+00 1.255942489712499111e+00 1.582427212290520657e+01 1.153118711892177399e-20 1.226356789514128032e+01 9.355909501587234445e+00 1.225912813171424354e+01 8.807819028039785891e+00 1.012222684173050347e+01 1.051801453891140881e+01 1.011662890017432659e+01 4.776180128260269164e+00 1.366382590212031900e+01 1.315704541775502001e+01 1.416896995032204565e+01 -1.921884595979034600e+02 1.395921576177995907e-02
2.161622000885063954e+01 2.771295000002553266e+01 1.490900499519250211e+01 1.595980186971074311e+01 6.562555227916966771e+00 2.190297000673231054e+01 4.418806072336100708e-18 1.834221019839516131e+01 1.543380305955862575e+01 1.833777019922975526e+01 1.488520510733801316e+01 1.620052149187540280e+01 1.659643102867156728e+01 1.619492149973475748e+01 1.081311775499660577e+01 1.974251005264282810e+01 1.923572008514151932e+01 2.024766003257825631e+01 6.092659215761777602e+00 -3.007860318343529684e+02
