-1.856059447150601827e+01 9.025663967801050847e-01 9.914132191885443035e-01 1.222747475743497736e+00 9.395465871592483253e-01 8.984458413683316103e-01 8.876395311985325609e-01 9.037899703890929226e-01 9.455992487632529642e-01 9.356012046608505051e-01 9.084651400477802285e-01 8.653065228311476176e-01 1.416380883089336962e+00 1.075932748467087530e+00 1.012091848163237495e+00 9.360650058343790159e-01 9.594168085591450179e-01 9.135396968737294898e-01 9.129641379249104904e-01 9.330822044638079626e-01
1.104205396780105319e+00 -2.060774080719662038e+01 1.095040499957362856e+00 1.340797726081001562e+00 1.039605960191124057e+00 9.955825239168094587e-01 9.839933267258563765e-01 1.001311572906941283e+00 1.046081807659976270e+00 1.035383740273358111e+00 1.006322267791796010e+00 9.600228517775410975e-01 1.544857504028060990e+00 1.185101048993405293e+00 1.117105417556387925e+00 1.035880125705378907e+00 1.060858634202995088e+00 1.011759738846923939e+00 1.011143084463743458e+00 1.032687579337853823e+00
1.008636219188543626e+00 9.106244999573630539e-01 -1.873018841001912094e+01 1.232572363135858495e+00 9.478286003673519478e-01 9.064786452306073938e-01 8.956056484570911191e-01 9.118555723953495340e-01 9.539173789567441109e-01 9.438595955954141026e-01 9.165593370432132403e-01 8.731332528277353511e-01 1.427106976013164052e+00 1.084994023320694945e+00 1.020797205630446847e+00 9.443261769663224836e-01 9.678168388652769183e-01 9.216648290068241156e-01 9.210857667363879786e-01 9.413254803247287361e-01
8.061014757434975531e-01 7.225127260810014773e-01 7.987033631358585462e-01 -1.475615699736388109e+01 7.541449170374922018e-01 7.189953066118554004e-01 7.097777107471379132e-01 7.235574835925712156e-01 7.593332559532929293e-01 7.507645905255215801e-01 7.275505964367047218e-01 6.907602869966358305e-01 1.171407951711319839e+00 8.717778031397807048e-01 8.165295184797199957e-01 7.511618984554555567e-01 7.711891113310344048e-01 7.318869492474772143e-01 7.313950071167188982e-01 7.486070450208045512e-01
1.062992587159248048e+00 9.614129601911235445e-01 1.054051600367351904e+00 1.294236917037492329e+00 -1.979789220833291807e+01 9.571107649352497138e-01 9.458255875323028361e-01 9.626903693772876913e-01 1.006311723665774815e+00 9.958851595003562762e-01 9.675708143731945876e-01 9.224912753235111618e-01 1.494287378870050809e+00 1.141968017254061385e+00 1.075579674517466167e+00 9.963689056161886271e-01 1.020716613084104107e+00 9.728674212762655760e-01 9.722667170294749805e-01 9.932577212224118490e-01
1.108932841368331035e+00 1.004430523916827411e+00 1.099742645230607163e+00 1.346128306611855452e+00 1.044151764935249416e+00 -2.070065451397043788e+01 9.883763881083188485e-01 1.005745963384297337e+00 1.050646174064011173e+00 1.039917399789658248e+00 1.010771398801439958e+00 9.643338776280928615e-01 1.550638815977448015e+00 1.190045301491895913e+00 1.121868213754765087e+00 1.040415214846035941e+00 1.065465057483002465e+00 1.016224810174117366e+00 1.015606350934066482e+00 1.037213465470415930e+00
1.121464531198532733e+00 1.016179326725858312e+00 1.112207648457091080e+00 1.360248710747137935e+00 1.056204587532302286e+00 1.011714388108315044e+00 -2.094697103684232076e+01 1.017504964366548581e+00 1.062747940512264622e+00 1.051938196471488896e+00 1.022569277604866267e+00 9.757674581470339170e-01 1.565945102017879620e+00 1.203148325167618937e+00 1.134493080912037044e+00 1.052439781367721316e+00 1.077677713220681843e+00 1.028064729797678156e+00 1.027441510521169610e+00 1.049213763966099000e+00
1.102806970389093477e+00 9.986895729069672489e-01 1.093649572395349656e+00 1.339220483592571398e+00 1.038261369377287746e+00 9.942759633842945810e-01 9.826969643665520726e-01 -2.058025667142229054e+01 1.044731715771977987e+00 1.034042748868259975e+00 1.005006326654133364e+00 9.587478349596108007e-01 1.543146574264397275e+00 1.183638353709951518e+00 1.115696512543949748e+00 1.034538710612802559e+00 1.059496077726617580e+00 1.010439073876068905e+00 1.009822954356118352e+00 1.031348891666286738e+00
1.056448248763252717e+00 9.552918076599762331e-01 1.047543378956743210e+00 1.286828255953293088e+00 9.937147236657828397e-01 9.510081740640110581e-01 9.397719405122648695e-01 9.565637157719781847e-01 -1.966931853058789414e+01 9.896171849251315100e-01 9.614231866081150990e-01 9.165400099821435775e-01 1.486228603516451585e+00 1.135113712613308845e+00 1.068984850094718997e+00 9.900988945689201959e-01 1.014344943319734460e+00 9.666971079926333088e-01 9.660989725531278216e-01 9.870008190663104308e-01
1.067288204660850059e+00 9.654317402733580966e-01 1.058323595595413558e+00 1.299097590525521539e+00 1.004126159500338122e+00 9.611173997896592658e-01 9.498001964714887224e-01 9.667127488682608627e-01 1.010455184925127314e+00 -1.988229004860875548e+01 9.716069172897274786e-01 9.263988868094072959e-01 1.499572745345302494e+00 1.146466332974906743e+00 1.079908310927994552e+00 1.000485078408333894e+00 1.024899289206506525e+00 9.769183670414116616e-01 9.763159820732036920e-01 9.973653179219462706e-01
1.097486140047780223e+00 9.937042677917892197e-01 1.088357337043213136e+00 1.333217596436704566e+00 1.033145814373193527e+00 9.893053988014366418e-01 9.777652776048673111e-01 9.950103266541318048e-01 1.039595186608114785e+00 1.028940917289727697e+00 -2.047568598544347651e+01 9.538975186874905088e-01 1.536633531000118680e+00 1.178072423868594010e+00 1.110335723449343837e+00 1.029435263653153410e+00 1.054312023107825125e+00 1.005414737989370089e+00 1.004800657604604686e+00 1.026255843432017700e+00
1.147994522831147890e+00 1.041071851777541690e+00 1.138598252827735635e+00 1.390094286996635731e+00 1.081733275323511156e+00 1.036534877628091822e+00 1.024630458147034462e+00 1.042418834959611296e+00 1.088379009982143319e+00 1.077399886809407459e+00 1.047564518687490231e+00 -2.146851385289150471e+01 1.598259108119019167e+00 1.230871801154280742e+00 1.161217801354427204e+00 1.077909358327818978e+00 1.103540708602973819e+00 1.053147954855262469e+00 1.052514774011919396e+00 1.074632570495451134e+00
6.745158830893366320e-01 6.013535040280612032e-01 6.680189760131641785e-01 8.461889517113200254e-01 6.289763788700505343e-01 5.982868159774481498e-01 5.902551020178795627e-01 6.022645742643971678e-01 6.335146035164515022e-01 6.260207453453027204e-01 6.057475310001185775e-01 5.737061081190191203e-01 -1.217792725653120911e+01 7.323686750443816340e-01 6.836805744914966620e-01 6.263680905692990963e-01 6.438927119247537245e-01 6.095313137853973773e-01 6.091019834094648644e-01 6.241347333538657116e-01
9.277267484670881359e-01 8.352560489934053312e-01 9.195650233206951185e-01 1.140217803139780939e+00 8.703160172540612693e-01 8.313523014918958731e-01 8.211173251676189278e-01 8.364153537099519031e-01 8.760587126133091429e-01 8.665733329749071290e-01 8.408454238685943993e-01 7.999778011542808542e-01 1.326027675044381793e+00 -1.714180800393949156e+01 9.392239643422818363e-01 8.670132792364981800e-01 8.891731435470184852e-01 8.456547773720134442e-01 8.451092543617850783e-01 8.641840178799222727e-01
9.880048481632346391e-01 8.913794175563877209e-01 9.794872056304483321e-01 1.209088518479720431e+00 9.280466745174658083e-01 8.872942137547654706e-01 8.765810809120367919e-01 8.925925125439496677e-01 9.340488500947190520e-01 9.241343109279950285e-01 8.972277234493436504e-01 8.544428013544270728e-01 1.401458574491496689e+00 1.063342964342281372e+00 -1.832505971235768172e+01 9.245942260358319675e-01 9.477519163229320975e-01 9.022590495352333928e-01 9.016883864488624001e-01 9.216364377965513555e-01
1.066782005834379099e+00 9.649581257053799765e-01 1.057820176966322023e+00 1.298524898455455601e+00 1.003639905616196204e+00 9.606452148460375984e-01 9.493317813677216721e-01 9.662387106128028647e-01 1.009966894568923301e+00 9.995150784082522666e-01 9.711312636531544973e-01 9.259383583278195662e-01 1.498950090569299176e+00 1.145936279236498212e+00 1.079398226035831909e+00 -1.987234438777529277e+01 1.024406383205244131e+00 9.764409662699171655e-01 9.758387791368380304e-01 9.968812489592226989e-01
1.041711808559145691e+00 9.415146342029947490e-01 1.032888838865276382e+00 1.270130111331034151e+00 9.795656130841060572e-01 9.372730574830028250e-01 9.261477132206815677e-01 9.427740777266165884e-01 9.857909433197341587e-01 9.755072892065062007e-01 9.475860231078246931e-01 9.031477086029734425e-01 1.468052711924753506e+00 1.119674143547018108e+00 1.054133916322933073e+00 9.759843832052423895e-01 -1.937982375599076335e+01 9.528085390612779371e-01 9.522162246590485379e-01 9.729160185605975064e-01
1.091750696873728943e+00 9.883317388469251563e-01 1.082652829006824025e+00 1.326743949247477294e+00 1.027632421276264862e+00 9.839488101741172832e-01 9.724507297976772158e-01 9.896330738760641399e-01 1.034059107992634452e+00 1.023442367041411227e+00 9.946047379893628859e-01 9.486709548552636484e-01 1.529607313785397604e+00 1.172071777372013734e+00 1.104557049535233926e+00 1.023934966269916647e+00 1.048724539061278715e+00 -2.036297198070350944e+01 9.993881248480279700e-01 1.020766792853891269e+00
1.092399137924911168e+00 9.889390844637420130e-01 1.083297766736387668e+00 1.327476007116718870e+00 1.028255717029474603e+00 9.845543509340698440e-01 9.730515105211688942e-01 9.902409543561117022e-01 1.034684972553126192e+00 1.024063982073204704e+00 9.952146576045944881e-01 9.492617740119199121e-01 1.530401983409464650e+00 1.172750254361785149e+00 1.105210386448862270e+00 1.024556779136839957e+00 1.049356224659047987e+00 1.000612124847990225e+00 -2.037571500039238614e+01 1.021387332202967624e+00
1.070043204463807518e+00 9.680095793378535873e-01 1.061063480324729635e+00 1.302214045020804623e+00 1.006772721222410905e+00 9.636874654704168375e-01 9.523497639661006042e-01 9.692928916662845173e-01 1.013112819066312786e+00 1.002639317921918849e+00 9.741958434320204807e-01 9.289055704954505277e-01 1.502960733353865708e+00 1.149351017879922221e+00 1.082684437796550991e+00 1.003125248959226834e+00 1.027582018560598387e+00 9.795167928538930369e-01 9.789133322029699436e-01 -1.993642028399513677e+01
