-1.989904624305850334e+01 1.081221578438769537e+00 5.852249526607226082e-01 1.185483366020111395e+00 1.043960895720305260e+00 7.538581825561117000e-01 8.530314163211563105e-01 1.312850381284348833e+00 1.424856126035598081e+00 1.294618719652944616e+00 1.391530631721730638e+00 1.000730177633293749e+00 1.031523443655801564e-01 1.571151656965005694e+00 1.214566865585647859e+00 8.505760517701551615e-01 1.017991622134648999e+00 1.116322910011422920e+00 1.030310182010867326e+00 1.067608182170082909e+00
9.229515784387695154e-01 -1.834844020253694552e+01 5.332646450405553740e-01 1.099208429620726069e+00 9.646271768355425547e-01 6.908658683887011209e-01 7.841054340436137693e-01 1.220833009546274939e+00 1.328151460445663679e+00 1.203395657651355366e+00 1.296186707970458984e+00 9.236432753921630656e-01 9.156570952264676821e-02 1.468794977347304131e+00 1.126940199826242273e+00 7.817923953710178564e-01 9.400002081845673096e-01 1.033362973648933147e+00 9.516792924858273883e-01 9.870712027765824459e-01
1.575654952660722641e+00 1.681964645040555428e+00 -3.136118761807805555e+01 1.816020939607129403e+00 1.633409527793027394e+00 1.241611511612164653e+00 1.378551546144274331e+00 1.976490379503853978e+00 2.114937219806501290e+00 1.953726870865224674e+00 2.073988576179496057e+00 1.576618505325192876e+00 2.110642615818763557e-01 2.292440802761172680e+00 1.852967908760830618e+00 1.375201842031144261e+00 1.599354567394860149e+00 1.727386721891845722e+00 1.615530904823113456e+00 1.664265934295067639e+00
8.349533660201116092e-01 9.069484296207255269e-01 4.750609396071294177e-01 -1.657088830597450624e+01 8.738651205005563138e-01 6.196839357427497141e-01 7.058629742638029558e-01 1.114577509568333902e+00 1.216103171940265959e+00 1.098118170543681771e+00 1.185823888544656812e+00 8.355985936787038160e-01 7.910294100551602814e-02 1.349712155972581096e+00 1.026077817078590249e+00 7.037199449413180652e-01 8.508625540606049587e-01 9.381981128030633110e-01 8.617681322131427457e-01 8.948505478689707804e-01
9.572908957203040137e-01 1.036227176835541552e+00 5.563095277930274474e-01 1.137725120500556297e+00 -1.904014807251619956e+01 7.188655520623195017e-01 8.147777386445578252e-01 1.261956039473777436e+00 1.371405601299434895e+00 1.244157877075237728e+00 1.338821836162624512e+00 9.579999888009832487e-01 9.665104766025389704e-02 1.514623283526930653e+00 1.166069960960889107e+00 8.124005322677355645e-01 9.747658915112746847e-01 1.070377315658698869e+00 9.867341845077645113e-01 1.022988502054287485e+00
1.294648182556111804e+00 1.389925868388701025e+00 7.919715116121647247e-01 1.511003935742749826e+00 1.346325552062319630e+00 -2.578864963307779590e+01 1.119872805586964670e+00 1.657212849614015715e+00 1.784390417836986709e+00 1.636391717150154745e+00 1.746679604067728153e+00 1.295508677755639715e+00 1.535207736024859215e-01 1.948734413851161529e+00 1.544548127820381200e+00 1.116924807690628851e+00 1.315829513076601343e+00 1.430837108420131898e+00 1.330306622191867127e+00 1.374017144051002504e+00
1.162951416321156284e+00 1.252295434043613875e+00 6.980415461442741609e-01 1.366312974263802937e+00 1.211367738644557823e+00 8.890028055869648727e-01 -2.316325508574353265e+01 1.504660840199526062e+00 1.625547345470718552e+00 1.484916914020988132e+00 1.589651340490833453e+00 1.163756765493926926e+00 1.297942747206352332e-01 1.782453214726525736e+00 1.397991327576100007e+00 9.972625025320789316e-01 1.182783686736948781e+00 1.290762579122720632e+00 1.196348704973593913e+00 1.237353674674562587e+00
7.413003812843488305e-01 8.075530095462748470e-01 4.145103795038538319e-01 8.935575095683341296e-01 7.770760394737775689e-01 5.448728496140158306e-01 6.231908401995261970e-01 -1.467036358578466881e+01 1.094782598791130157e+00 9.846741034235182433e-01 1.066470536546516357e+00 7.418929729995886735e-01 6.672204251210259174e-02 1.220133890521986064e+00 9.177326824916598458e-01 6.212379449670809572e-01 7.559180113015443458e-01 8.363901393963451003e-01 7.659457399230636954e-01 7.964019137200047949e-01
6.693761260355980403e-01 7.309414604456637710e-01 3.690272198065011611e-01 8.111531719402660379e-01 7.025956012994349908e-01 4.881204178369866198e-01 5.601473454707188715e-01 9.108525987911296751e-01 -1.320382384414986632e+01 8.964698221590948757e-01 9.733362813646712075e-01 6.699258878842985210e-01 5.781921083405981016e-02 1.118392804701470844e+00 8.337566476318014619e-01 5.583472678228794672e-01 6.829420970680867287e-01 7.578004822855344269e-01 6.922541763503581302e-01 7.205652244213108792e-01
7.538787196529443957e-01 8.209256576513552783e-01 4.225568708652248651e-01 9.079081705436818917e-01 7.900878770752378655e-01 5.548617171501548651e-01 6.342569140209881606e-01 1.015484103423519358e+00 1.111209822159095140e+00 -1.492618922624812683e+01 1.082622274412278873e+00 7.544785813265071361e-01 6.833270892621055859e-02 1.237720572930358198e+00 9.323480100128597181e-01 6.322779110437548589e-01 7.686747944806088251e-01 8.500972067191061576e-01 7.788238775960931726e-01 8.096434362581469424e-01
6.898606317217307327e-01 7.527867079704591013e-01 3.818885761794961753e-01 8.346838885446568046e-01 7.238218361626242991e-01 5.042196040677283664e-01 5.780613404908334640e-01 9.363505365465167873e-01 1.027146281364673230e+00 9.216922744122788558e-01 -1.362216796831738641e+01 6.904228147677619054e-01 6.030179450057143037e-02 1.147579952273522386e+00 8.577453861119558320e-01 5.762171182831523630e-01 7.037316638141037917e-01 7.802208091059384953e-01 7.132514153631112075e-01 7.421853366362740623e-01
9.992701776332877373e-01 1.080453275392163404e+00 5.847285053251929376e-01 1.184668593678703585e+00 1.043209988800982257e+00 7.532586777556397051e-01 8.523767654939266025e-01 1.311982972999588659e+00 1.423945887884298322e+00 1.293758581326507118e+00 1.390632814767762238e+00 -1.988438182320711078e+01 1.030395944824422372e-01 1.570189935911867396e+00 1.213739686826346809e+00 8.499227213890443444e-01 1.017253096083742703e+00 1.115538605721356546e+00 1.029565756468113769e+00 1.066846185266144609e+00
3.676722344365580319e+00 3.823405709522647022e+00 2.794204261581875848e+00 4.003202941005516102e+00 3.756891047660253946e+00 3.186300773602485759e+00 3.393444274720635256e+00 4.211842042512103035e+00 4.386869210834059452e+00 4.182642708926210595e+00 4.335541794500571200e+00 3.678069594482442195e+00 -7.260110140129705769e+01 4.605489452860315858e+00 4.051839099539494171e+00 3.388486843367813695e+00 3.709762175038096021e+00 3.884936964928659808e+00 3.732199035229725403e+00 3.799251126618564900e+00
5.875516569650056642e-01 6.434649773473041234e-01 3.184108027611726732e-01 7.166421559725808521e-01 6.176932835269305366e-01 4.243444138511614505e-01 4.889332147265256778e-01 8.080838905219860369e-01 8.902728047014707435e-01 7.948605729303583889e-01 8.656499522735223717e-01 5.880499359118677161e-01 4.831945286031592152e-02 -1.152702833838533714e+01 7.373275672095893629e-01 4.873145888291592898e-01 5.998526352595341393e-01 6.679280209875961827e-01 6.083028623136021995e-01 6.340255494356556998e-01
8.123268655856477061e-01 8.829701998262420304e-01 4.602979087608305986e-01 9.743678170785898818e-01 8.504999609608889788e-01 6.015181278203810544e-01 6.858313275760998806e-01 1.087042682491660361e+00 1.186996647631801460e+00 1.070848010012859453e+00 1.157175386111955584e+00 8.129596868263466725e-01 7.602909953949409105e-02 1.318687567209589462e+00 -1.611259488727838374e+01 6.837333454922388531e-01 8.279317174654103884e-01 9.136530511259499665e-01 8.386305472573978292e-01 8.710949385050003047e-01
1.165976051770154953e+00 1.255462395371018003e+00 7.001718420311442426e-01 1.369649944941317754e+00 1.214470532267735603e+00 8.915348076906284280e-01 1.002742502532079305e+00 1.508187944967080973e+00 1.629227267822879410e+00 1.488417911043754982e+00 1.593287118283152282e+00 1.166782721389044264e+00 1.303168433678136284e-01 1.786314588829159167e+00 1.401373345492239020e+00 -2.322366969148178839e+01 1.185840637134498277e+00 1.293988310525417296e+00 1.199427517882051930e+00 1.240497408140620150e+00
9.822216221346502518e-01 1.062500208184567141e+00 5.731545673948602593e-01 1.165622554060605109e+00 1.025665891511273298e+00 7.392695130766014922e-01 8.370936867369488388e-01 1.291698011301544158e+00 1.402652097068087134e+00 1.273644794480609077e+00 1.369631663814103950e+00 9.829430960837454156e-01 1.004221750380960565e-01 1.547682635259534312e+00 1.194401717465410462e+00 8.346706371344982944e-01 -1.954169952710338620e+01 1.097209268786637493e+00 1.012174004728039867e+00 1.049041382843572290e+00
8.920529100114232834e-01 9.673629736489322006e-01 5.126867218918454983e-01 1.064458112803064127e+00 9.327773156586982584e-01 6.657771084201318246e-01 7.565725791227205788e-01 1.183670139396344911e+00 1.289010482285534387e+00 1.166567206719106187e+00 1.257620809105938431e+00 8.927286057213560388e-01 8.709696492866007833e-02 1.427258020987596243e+00 1.091623051125950150e+00 7.543183105254175347e-01 9.087092687866377139e-01 -1.772513251686690694e+01 9.201221616685139049e-01 9.547197740590377402e-01
9.702901820108659203e-01 1.049929292485827670e+00 5.650809048231132392e-01 1.152278132213142792e+00 1.013384184507765795e+00 7.294966221918668392e-01 8.264087049735940882e-01 1.277475739923063847e+00 1.387714176350357986e+00 1.259543877596093209e+00 1.354901415363111372e+00 9.710057564681147113e-01 9.860903522972547242e-02 1.531882862313602045e+00 1.180850547257397576e+00 8.240075178820518431e-01 9.879240047280408721e-01 1.084372161668514023e+00 -1.930173044661549397e+01 1.036575328629244730e+00
9.353081821700827136e-01 1.013041202776580940e+00 5.415359342950677446e-01 1.113080547868970926e+00 9.773585020542883139e-01 7.009271440510024265e-01 7.951336746745625295e-01 1.235651913720004824e+00 1.343745224421310835e+00 1.218083436258146968e+00 1.311555336636274216e+00 9.360061852661444304e-01 9.338112661856504126e-02 1.485325549435655645e+00 1.141034938504999818e+00 7.927974081406198303e-01 9.525113828435721741e-01 1.046689774059037070e+00 9.642953286292440529e-01 -1.859746279242412825e+01
