-1.2933889639647762	0.08413664805439679	0.061347561796866866	0.027262976734019503	0.03101761410851153	0.005092002988416345	0.06989411666589189	0.030430249827991883	0.06646761635605909	0.14663521344837543	0.07938187517336573	0.06854126890383469	0.07328357503905424	0.06513512482503414	0.07473621005398486	0.14001943171516643	0.07505736539522732	0.06776928762869566	0.06909142328483847	0.05808940196504497
3.927436648054397	-18.79189189418206	0.8090167692674308	0.45098340324445213	0.49674863369479894	0.11562832474687373	0.8839767243973562	0.48972635075791277	0.8544540271732647	1.4195863973180805	0.9623838231804361	0.872401811479434	0.9125293422383435	0.8427859768958605	0.9245771542262549	1.380344498714955	0.9272258566464537	0.8657496461529532	0.8771215002963118	0.7792150056964949
4.314537561796867	1.2189067692674307	-22.777739644305168	0.5765465925850725	0.6318343584116175	0.15600653602074432	1.0864089724729091	0.6233763920564889	1.0524563311674975	1.6875803637485929	1.1761069099196328	1.073109218452521	1.1191514848958768	1.0390094195154387	1.1329400071186486	1.6443494548646789	1.1359692681268132	1.0654588012513406	1.0785340682862135	0.9654571343467834
5.29654297673402	1.876963403244452	1.5926365925850725	-34.81516280932483	1.081458455618923	0.31418999906569056	1.7063176205613084	1.0690914385977535	1.6618882394779582	2.4521409272274246	1.8222965834932006	1.6889498745970932	1.7488827746915345	1.6442076537415282	1.7667277181845453	2.4006372333359787	1.7706419052528102	1.6789385774931216	1.6960395520885416	1.5466112833338814
5.141577614108512	1.7640086336947989	1.4892043584116177	0.9227384556189233	-32.73857976071775	0.2828722371889686	1.598875627973406	0.9882563342706215	1.5559798470986905	2.3243920915733485	1.7110447078870183	1.5821023571853026	1.6400106022425138	1.538921389868208	1.6572670955549136	2.274005649362632	1.6610530778829287	1.5724366508650642	1.5889485914701387	1.4448844384601378
7.268762002988417	3.535998324746874	3.166486536020744	2.3085799990656906	2.4359822371889686	-65.9652208698741	3.316712267660567	2.4168805694757203	3.2584236693446007	4.2329698922156895	3.466501066094157	3.293989410151819	3.372072159700527	3.2350794273810637	3.39514543540744	4.172699828924108	3.400195933862231	3.2808549974931256	3.3032746798762433	3.1046124322761095
4.154974116665891	1.125756724397356	0.9182989724729087	0.5221176205613078	0.5733956279734052	0.13812226766056612	-21.081754832409544	0.565541305666215	0.967866733664025	1.5745795863623817	1.0850736847179288	0.9874082981068598	1.0310243482696568	0.9551512016405103	1.0440998009644396	1.532948548196658	1.046973227453027	0.9801678635444014	0.9925436251389467	0.8857112789530605
5.164570249827992	1.7805663507579128	1.5043263920564893	0.9339514385977536	1.0118363342706227	0.2873505694757202	1.6146013056662156	-33.042660923454484	1.5714744987099512	2.3431953957315823	1.7273451425767046	1.5977384589006831	1.6559518976063767	1.5543223760698115	1.6732971554263711	2.292638688700085	1.6771024804833858	1.5880206917843511	1.6046213719494606	1.4597501248630178
4.216517616356059	1.1612040271732644	0.9493163311674976	0.542658239477958	0.5954698470986906	0.1448036693446011	1.0328367336640252	0.5873844987099511	-21.72709247071694	1.617752410511882	1.1197005228433707	1.0199712050903258	1.0645258483896352	0.9870018103628441	1.0778773147871397	1.5754965912904015	1.08081107107681	1.0125722495873246	1.0252184913393974	0.9159739924457619
3.2429152134483754	0.6725663973180804	0.5306703637485932	0.2791409272274246	0.31011209157334807	0.06557989221568886	0.585779586362382	0.30533539573158236	0.5639824105118816	-12.804325271948201	0.644236516421757	0.5772194375444015	0.6069727627775378	0.5554006287864514	0.615947920549609	0.9685468453395035	0.6179236813640029	0.5723081245913533	0.5807076546313762	0.5089794218048526
3.998881875173366	1.0385838231804378	0.8424169099196329	0.4725165834932007	0.5199847078870181	0.1223310660941566	0.9194936847179288	0.5127051425767045	0.8891505228433711	1.4674565164217572	-19.494612529369498	0.9075991046117442	0.948823945359675	0.8771535120836224	0.9611953010231766	1.427451521816763	0.9639147740665295	0.9007620550786525	0.9124494493041692	0.811742033717591
4.178911268903834	1.1394718114794333	0.9302892184525211	0.5300398745970926	0.5819123571853018	0.14068941015181835	1.0126982981068582	0.5739684589006825	0.9802912050903271	1.591309437544401	1.0984691046117439	-21.33144233894516	1.0439814735089021	0.9674656676576953	1.0571644107959806	1.5494342636038378	1.0600613322188197	0.9926978607361927	1.0051789096174615	0.8974079757822605
4.096943575039054	1.0928893422383434	0.8896214848958762	0.503262774691534	0.553110602242513	0.13206215970052598	0.9696043482696547	0.5454718976063759	0.9381358483896352	1.5343527627775373	1.0529839453596737	0.9572714735089008	-20.48338900357672	0.9256872700640875	1.012814271944242	1.4933194383311303	1.0156305995340653	0.9501808387020273	0.9623009841695861	0.8577453861119555
4.241295124825035	1.1756459768958607	0.9619794195154403	0.5510876537415282	0.6045213898682079	0.14756942738106393	1.0462312016405102	0.5963423760698117	1.0131118103628445	1.6352806287864514	1.1338135120836224	1.0332556676576967	1.0781872700640887	-21.990028814173353	1.0916495328529219	1.592775978784577	1.0946075030794875	1.0257930173684493	1.0385479347605626	0.9283333884351951
4.072876210053985	1.0794171542262545	0.8778900071186481	0.49558771818454495	0.5448470955549127	0.12961543540743978	0.9571598009644385	0.5372971554263707	0.9259673147871392	1.5178079205496084	1.0398353010231762	0.9449344107959808	0.9872942719442435	0.9136295328529208	-20.238111688264627	1.477024881705378	1.0027925946986471	0.9379059733779634	0.9499199813549917	0.8463089282379828
3.2998794317151665	0.6969044987149551	0.551019454864679	0.29121723333597843	0.3233056493626318	0.06888982892410754	0.6077285481966584	0.3183586887000847	0.5853065912904014	1.0321268453395036	0.6678115218167627	0.5989242636038387	0.629519438331131	0.5764759787845768	0.6387448817053781	-13.252052700904414	0.6407755151893062	0.5938721656138946	0.6025121551324346	0.528680010282924
4.067617365395228	1.076485856646453	0.8753392681268132	0.4939219052528102	0.5430530778829283	0.12908593386223063	0.9544532274530282	0.5355224804833857	0.9233210710768099	1.514203681364003	1.036974774066528	0.9422513322188195	0.9845305995340615	0.9110075030794876	0.997212594698652	1.4734755151893062	-20.184742613344888	0.9352364896132694	0.9472272981844054	0.8438226392166678
4.192779287628695	1.1474596461529525	0.9372788012513411	0.534668577493121	0.5868866508650635	0.14219499749312534	1.0200978635444014	0.5788906917843502	0.9875322495873285	1.601038124591353	1.1062720550786518	1.0073378607362016	1.051530838702028	0.9746430173684493	1.0647759733779634	1.5590221656138943	1.067686489613269	-21.476864794793645	1.0125419994925384	0.9042275044189181
4.169121423284839	1.1338515002963114	0.9253740682862147	0.5267895520885417	0.5784185914701386	0.13963467987624353	1.0074936251389561	0.5705113719494609	0.9751984913393971	1.5844576546313762	1.0929794493041696	0.9948389096174584	1.038670984169588	0.9624179347605614	1.0518099813549922	1.5426821551324346	1.0546972981844067	0.9875619994925396	-21.229122549695873	0.8926128793182427
4.381179401965045	1.2590050056964945	1.0353571343467816	0.6004212833338809	0.6574144384601373	0.16403243227610867	1.1237212789530608	0.648700124863017	1.0890139924457616	1.7357894218048522	1.2153320337175906	1.1101279757822604	1.1571753861119556	1.0752633884351948	1.1712589282379828	1.6919100102829236	1.1743526392166672	1.1023075044189183	1.1156728793182422	-23.508035259666883