-21.626366207163425	1.0648098474174799	1.8931943707320396	0.6824753113321654	0.8273740739669615	0.08673068026550422	1.1240126836484268	0.8394640263024785	1.0888743920675545	1.0596737375943672	1.7155873314857346	1.1964542467110342	1.1478900508483236	1.3983262312420237	1.2361176059610115	1.2462715484214366	1.4042301581211427	1.279407289451511	1.29915073461859	1.0363218869756385
0.9378748474174786	-20.314167971482018	1.8021833971686247	0.6352673472410143	0.7729717616105387	0.07872709343470045	1.0568454435278376	0.7844921209681791	1.023095610307236	0.9950726197068932	1.629111698662	1.1265202182753942	1.0797968150976693	1.3213154839877284	1.1647214408562663	1.1745069045899865	1.32702561945719	1.2064564064350591	1.2255046953773767	0.9726784473608466
0.44480137073203985	0.48072539716862484	-9.602685189433375	0.279827178844364	0.3527815867250802	0.027654661389122336	0.5141795556131643	0.3590486082393056	0.49425083624170596	0.47785165879170227	0.8798591476703385	0.5559285005075528	0.5278421558412864	0.6768566259785929	0.579160595982209	0.5851501249024358	0.6804923932796679	0.6048143196350677	0.6166165935114251	0.46484387837968955
1.4034073113321657	1.4831343472410143	2.4491521788443635	-30.01408685384062	1.1869698336030627	0.14811032327235973	1.5553062592054099	1.2023378148994184	1.5125439856171505	1.4768441160182628	2.2487236732150886	1.642816998548799	1.5842452024673264	1.8824992840490864	1.6903782112623582	1.7025154194683698	1.8894240155026822	1.7420165341548597	1.765476533258238	1.4481848118806049
1.1951140739669617	1.2676467616105387	2.1689145867250805	0.8337778336030629	-25.70914998268554	0.11432532197015803	1.3335912570113455	1.0137625625505116	1.2944867308144683	1.2619119458627095	1.979012299354579	1.4138983294384528	1.360106699210675	1.6356597001683242	1.457697937463369	1.468892058590891	1.6421036879664157	1.5053703942666115	1.527068378509247	1.2358094236021344
3.8901176802655044	4.009049093434701	5.279434661389122	3.2305653232723603	3.5499723219701584	-79.64077428253769	4.114196354851615	3.5750687080025085	4.052171501015757	3.999775134139627	5.034920099992209	4.238783968385441	4.155734728960408	4.566004109944631	4.3052648694163915	4.322099055941112	4.575188651945582	4.376531054703227	4.408608181739109	3.95728878316823
0.8854626836484266	0.9452304435278376	1.7240225556131643	0.5958242592054098	0.7273012570113453	0.07225935485161504	-19.20191422843768	0.7383263963539831	0.9674734922643267	0.9404866015898273	1.555051412327549	1.067231314717404	1.0221344397203362	1.2557417619151792	1.1041381694092267	1.1135970951882017	1.2612790741161688	1.1444944468267364	1.1629254965429772	0.918933973607966
1.1798040263024787	1.251767120968179	2.1477816082393053	0.8217458148994182	0.9863625625505135	0.11202170800250766	1.3172163963539831	-25.39069439851266	1.2784029901302407	1.2460763746093049	1.958749762805395	1.3969480599916253	1.3435385635867132	1.6172658135127609	1.4404461004173355	1.451564494898911	1.623670831702343	1.4877997873570201	1.5093558695510065	1.2201765126336226
0.9160983920675548	0.9772546103072367	1.769867836241706	0.6188359856171506	0.7539707308144681	0.07600850101575715	1.0332474922643278	0.7652869901302406	-19.85264372539889	0.9724026388661257	1.5984679256314784	1.1019195460937699	1.0558635235857559	1.2941397096369924	1.1395899515008652	1.1492415413114865	1.2997791151912947	1.1807597886115593	1.1995551591127926	0.9503542873983322
0.9426097375943678	1.004943619706895	1.809180658791702	0.638848116018263	0.7771079458627091	0.07932413413962669	1.0619726015898263	0.7886723746093048	1.0281146388661249	-20.414407767641897	1.6357512768677653	1.1318630947639103	1.0849961335075173	1.3272116250828045	1.1701784497239354	1.1799926910401217	1.3329369421949877	1.2120348763207511	1.2311375078121332	0.9775313431491578
0.5179443314857343	0.558403698662	1.1306091476703386	0.33014867321508823	0.4136292993545787	0.033890099992208385	0.5959584123275492	0.4207667628053948	0.5736009256314785	0.5551722768677653	-11.233974701802872	0.6426667447654291	0.6112628862655848	0.7770508508835918	0.6685859612916158	0.6752600981521136	0.7810716280137149	0.697148868033942	0.7102695968788704	0.5405344395058723
0.8263262467110342	0.8833272182753943	1.6341935005075527	0.5517569985487991	0.6760303294384524	0.06526896838544055	0.9356533147174041	0.6864800599916251	0.9045675460937697	0.87879909476391	1.470181744765429	-17.940786162816885	0.9568243507922881	1.1810482269386886	1.035375042132419	1.0444471171907388	1.1863794624743762	1.0740968527441326	1.0917951897756024	0.8582348985698277
0.8653930508483233	0.924234815097669	1.6937381558412863	0.5808162024673266	0.7098696992106748	0.06985072896040771	0.9781874397203376	0.7207015635867131	0.9461425235857562	0.9195631335075178	1.5264088862655845	1.0444553507922887	-18.774672412516047	1.2304787344749133	1.080851064782442	1.0901809543676633	1.235947469700298	1.120662292932599	1.1388491191818766	0.8983412271923691
0.6856232312420237	0.7355474839877281	1.4125466259785926	0.44886428404908646	0.555216700168324	0.04991410994463119	0.7815887619151791	0.5642228135127609	0.7542127096369925	0.7315726250828046	1.261990850883592	0.8384732269386885	0.8002727344749132	-14.910605486786144	0.8698667202858563	0.8779311903156101	1.0047876161217337	0.9043255843339596	0.9201079822554987	0.713540235658169
0.7960546059610116	0.8515934408562661	1.5874905959822088	0.5293832112623581	0.6498949374633691	0.06181486941639137	0.9026251694092265	0.6600431004173352	0.8723029515008652	0.8471794497239357	1.4261659612916155	0.9654400421324181	0.9232850647824418	1.1425067202858565	-17.292520839744178	1.0088660483976282	1.1477276116319923	1.037850836005386	1.0551582993646698	0.827137923859203
0.7885285484214365	0.8436989045899864	1.5758001249024356	0.5238404194683699	0.6434090585908909	0.06096905594111112	0.894404095188202	0.6534814948989109	0.8642745413114862	0.8393136910401217	1.4151600981521133	0.9568321171907398	0.9149349543676638	1.13289119031561	0.9911860483976311	-17.131054113032494	1.1380841139571003	1.0288165909222167	1.0460251446413456	0.8194039207351222
0.6819671581211428	0.7316976194571899	1.406622393279668	0.44622901550268246	0.5521006879664155	0.049538651945581	0.7775660741161688	0.561067831702343	0.7502921151912946	0.7277379421949874	1.2564516280137148	0.8342444624743764	0.7961814697002978	0.9952276161217332	0.8655276116319919	0.8735641139571001	-14.831256476816357	0.8998680317336382	0.9155970946157536	0.7097749590902769
0.764574289451511	0.8185584064350592	1.5383743196350677	0.5062515341548598	0.6227973942666111	0.05831105470322599	0.8682114468267366	0.6326267873570202	0.8387027886115596	0.814265876320751	1.3799588680339423	0.9293918527441327	0.8883262929325987	1.1021955843339597	0.9630808360053852	0.971726590922215	1.1072980317336385	-16.616321338722248	1.0168890222402787	0.7947803620136972
0.7507277346185901	0.8040166953773769	1.5165865935114249	0.49612153325823805	0.610905378509247	0.056798181739108916	0.8530524965429771	0.6205928695510068	0.8239081591127926	0.7997785078121328	1.3594895968788703	0.913500189775603	0.8729231191818763	1.0843879822554987	0.9467982993646699	0.9553451446413459	1.0894370946157532	0.9832990222402791	-16.31821028247811	0.7805416834913153
0.964536886975639	1.0278284473608494	1.8414518783796898	0.6554678118806049	0.7962844236021344	0.08211678316822951	1.0856989736079663	0.8080515126336226	1.0513452873983322	1.022810343149159	1.6663924395058725	1.156577898569828	1.1090532271923692	1.354458235658169	1.195415923859203	1.2053619207351223	1.360252959090277	1.237828362013697	1.2571796834913151	-20.878112998272083