-4.814776478109808	0.2950789703942696	0.2720135662311374	0.1075220160310671	0.14541294738311641	0.027995339639019103	0.36070782268064894	0.18487953879021943	0.26046254133261704	0.2783155934905244	0.28171965505733854	0.3075539210599174	0.2808990948355645	0.31176553316349453	0.284906483788307	0.30642379115270824	0.2556722916906195	0.29288614654258416	0.3036107515832892	0.256950473263365
2.3846389703942696	-18.036408727936774	0.9402064487922467	0.45027937383525773	0.5758138771331441	0.1413160176819347	1.161901130230229	0.6971837830916028	0.9096233945136448	0.9567083452902815	0.9655694596892928	1.0316724815586966	0.9634367850673019	1.04226465988041	0.9738323092061986	1.0288216860702117	0.8968087797572155	0.99438554685276	1.0217098678781036	0.9002358110139745
2.4836435662311374	1.0622764487922465	-19.1985389009646	0.4851208823793248	0.6179520425144563	0.15437061124568013	1.230409613023276	0.7457328287024225	0.9681064485270662	1.0171974680999716	1.0264288028629105	1.0952230709975206	1.0242072326841567	1.1062351954308929	1.0350348291008764	1.0922587272080053	0.9547343144135889	1.0564332132824295	1.0848626694264294	0.9583109360422086
3.6256020160310674	1.8787993738352575	1.7915708823793246	-34.49917262071769	1.2191112363784236	0.375492725771688	2.1077769889717923	1.4188273907394795	1.7463381011571781	1.8158005645755306	1.828761412512752	1.9243905407780233	1.8256451759720247	1.9395467726191953	1.840816245612834	1.9203036940606037	1.7272550558401687	1.8706743066785916	1.910094013720436	1.7323661230833216
3.253242947383116	1.5940838771331438	1.5141520425144563	0.8088612363784234	-29.14574129002756	0.28746721446802653	1.8056034089957291	1.177140256494146	1.4728526496886964	1.5363172597641106	1.5481857895233482	1.6360078409219299	1.545331425190738	1.6499666436714808	1.5592321013171975	1.6322457172634406	1.4554605493493011	1.5866227723881212	1.6228506845307273	1.4601168730514185
5.26474533963902	3.2885060176819345	3.17949061124568	2.094162725771688	2.4163872144680263	-61.383253968639124	3.5678816629091497	2.693568532880205	3.122332366024844	3.2099285295592175	3.2261600902837873	3.344884405968022	3.2222606202368294	3.3635395913919557	3.2412260945202642	3.3398467259602334	3.098083242076042	3.278416311815057	3.327247931891266	3.104585954315896
2.1422528226806485	0.8538861302302291	0.8003246130232758	0.3712419889717925	0.4793184089957295	0.11267666290915011	-15.309954307051584	0.5851212161378964	0.7730177668857969	0.8150839230388356	0.823016497981083	0.882347839393679	0.8211068459432813	0.8918798777103628	0.8304179881158009	0.8797835311300461	0.7615941984132861	0.8488472830706965	0.8733885601003771	0.7646481523196161
2.9571595387902194	1.3799037830916028	1.3063828287024224	0.6730273907394796	0.8415902564941461	0.22909853288020474	1.5758562161378962	-25.132854384875905	1.2685167032216418	1.3267397633351825	1.3376497526508804	1.4185848069954243	1.3350253006012254	1.431481642474154	1.3478099662291283	1.415110409893684	1.2525957383786497	1.3730283195655097	1.4064367201927088	1.2568567145017469
2.536572541332617	1.0961733945136447	1.0325864485270668	0.5043681011571782	0.6411326496886967	0.1616923660248445	1.2675827668857973	0.772346703221642	-19.831195056493403	1.050151346864378	1.059578152088266	1.1297913630397727	1.0573096525231314	1.1410245857957402	1.0683653109273439	1.1267672223367742	0.986332836843635	1.0902095302110852	1.1192214507296967	0.9899886337820907
2.4557455934905246	1.0445783452902813	0.9829974680999758	0.47515056457553095	0.6059172597641108	0.15060852955921805	1.2109689230388359	0.7318897633351827	0.9514713468643781	-18.868255063076212	1.0091276031809484	1.0771683128343597	1.0069309390241856	1.0880629299142723	1.0176374899741354	1.0742357452638813	0.938255590142247	1.038799170839702	1.066919238088965	0.9417902497954806
2.4409496550573384	1.0352394596892924	0.9740288028629115	0.46991141251275187	0.5995857895233484	0.14864009028378797	1.2007014979810833	0.7245997526508804	0.9426981520882661	0.990927603180943	-18.69398001136073	1.0676395046981448	0.9978165914078184	1.0784715341634696	1.0084587162958425	1.064723860843805	0.9295655670752249	1.0294943918570612	1.0574497194050883	0.9330779097836727
2.334423921059918	0.9689824815586955	0.9104630709975208	0.43318054077802387	0.5550478409219299	0.13500440596802246	1.1276728393936792	0.6731748069954248	0.8805513630397723	0.92660831283436	0.9352795046981452	-17.45765372716086	0.9331924391986133	1.0103761417260144	0.9433662480025428	0.9972076040069867	0.868022114151704	0.9634855521256249	0.9902419478291986	0.8713725918746842
2.4444990948355647	1.0374767850673026	0.9761772326841561	0.47116517597202484	0.6011014251907383	0.14911062023682986	1.2031618459432818	0.7263453006012258	0.9447996525231308	0.9931009390241957	1.0021865914078303	1.0699224391986135	-18.735730771722537	1.0807694996901602	1.010657594517331	1.0670027310224743	0.9316471005585156	1.03172352708818	1.0597184153610937	0.9351648007998852
2.3179545331634945	0.9588936598804094	0.9007941954308936	0.42765577261919546	0.5483256436714811	0.1329785913919563	1.116523877710363	0.6653906424741542	0.87110358579574	0.9168219299142718	0.9254305341634692	0.9896951417260199	0.9233584996901599	-17.269409755684176	0.9334592344449291	0.9869220131251937	0.8586682821534511	0.9534354831624184	0.9800045753609582	0.8619935598056165
2.427266483788307	1.0266323092062006	0.9657648291008769	0.46509624561283386	0.5937621013171978	0.14683609452026428	1.1912329881158008	0.7178899662291286	0.9346153109273434	0.9825674899741369	0.9915887162958434	1.0588562480025425	0.9894175945173257	1.0696302344449293	-18.53336445206771	1.0559562982827944	0.9215597845180499	1.0209188627356351	1.0487214431776797	0.9250514513008163
2.3388837911527083	0.9717216860702095	0.9130887272080054	0.4346836940606039	0.5568757172634408	0.1355567259602337	1.1306985311300461	0.6752904098936843	0.8831172223367739	0.9292657452638804	0.9379538608438044	1.002797604006978	0.9358627310224744	1.013193013125194	0.946056298282795	-17.5087637667117	0.8705625625276698	0.9662142798992168	0.9930213099551322	0.8739198567088486
2.5592422916906195	1.1108187797572153	1.0466743144135893	0.5127450558401692	0.6512005493493014	0.16490324207604207	1.2836191984132863	0.7838857383786499	1.0137928368436337	1.0643955901422473	1.073905567075225	1.144722114151704	1.0716171005585147	1.1560492821534514	1.0827697845180502	1.14167256252767	-20.104570321032487	1.1048036229772422	1.1340631637616345	1.003689526404243
2.3936961465425846	1.005635546852755	0.9456132132824292	0.4534043066785918	0.5796027723881214	0.1424763118150572	1.1681122830706967	0.70155831956551	0.9149095302110855	0.9621791708397027	0.9710743918570631	1.037425552125624	0.9689335270881797	1.0480564831624186	0.9793688627356357	1.0345642798992167	0.9020436229772426	-18.141564974969047	1.0274262386729611	0.9054844152041708
2.3500607515832894	0.9785998678781019	0.9196826694264296	0.43846401372043636	0.5614706845307278	0.13694793189126664	1.1382935601003767	0.680606720192709	0.8895614507296966	0.9359392380889653	0.944669719405088	1.0098219478292014	0.942568415361093	1.0202655753609553	0.9528114431776792	1.0070113099551319	0.8769431637616344	0.9730662386729612	-17.637102227875	0.8803175262092557
2.5531504732633645	1.106875811013974	1.0428809360422093	0.5104861230833218	0.6484868730514184	0.1640359543158957	1.2793031523196159	0.7807767145017467	1.0100786337820866	1.0605602497954802	1.0700479097836735	1.140702591874684	1.0677648007998843	1.1520045598056163	1.0788914513008157	1.1376598567088485	0.9963195264042295	1.10087441520417	1.130067526209255	-20.03096755926029