-12.11806067909062	0.956159025866933	0.557522961213186	0.329470662387735	0.33618986984320737	0.06434726202243625	0.8785495570466222	0.44594418254030826	0.6840909675729656	1.2813060602770536	1.2778130340031169	1.2111284394952282	0.6561844493507714	0.8323204178960745	0.7440539696103246	1.1843210271076137	0.04342370751439818	0.17935915943379593	0.18339908002181127	0.2724768458870399
1.0451610258669322	-12.742404802820703	0.5872814927509212	0.34902948040147275	0.3560780083915006	0.0689419882850724	0.9199534363556352	0.47095009744986344	0.7187691400552617	1.3340645699348939	1.3304857140776296	1.2621237198182038	0.689817519322279	0.872208654543648	0.7809068879086186	1.2346206728263656	0.04660544556213933	0.19098873441091155	0.19525820773988933	0.2891600071194655
1.6309169612131862	1.5716734927509215	-21.09281821579242	0.6350965051909592	0.6464126196821471	0.14429831508536461	1.4652790367835187	0.826015326072236	1.1889243398895315	1.9983961249278324	1.9939524735829044	1.9085863270990924	1.1479518581513846	1.4009151369172377	1.2757760633172681	1.8739735258359458	0.09974280559395042	0.37000887674876565	0.37750541104410756	0.537393015906065
2.251203662387735	2.1817604804014725	1.4834355051909593	-30.44484806287441	1.015610392340735	0.26152114635179685	2.055860399111807	1.2576798645955765	1.7206908394603528	2.672819490164492	2.6678049447049093	2.571102643348528	1.669856525059537	1.9789040694219577	1.8274133320893042	2.5316870309536976	0.1851721080993247	0.6189417538851211	0.6301920130891218	0.8631918622179813
2.226862869843208	2.1577490083915007	1.4636916196821474	0.9845503923407358	-30.068113459701614	0.2560896573945762	2.0324847256774943	1.2397752923345504	1.6992796495680098	2.646767542553114	2.6417707136543824	2.545421675400498	1.6487816624731726	1.9559430275271512	1.8053305100066668	2.506156568877292	0.18115152572853307	0.6079911407437069	0.6190908464722836	0.8492250310325923
4.256180262022435	4.171772988285072	3.262737315085365	2.531621146351797	2.5572496573945758	-63.98219279048271	4.016476143017634	2.9357273550280256	3.586147491286211	4.7527109569941315	4.7469450062586995	4.635154279248711	3.5183445550533428	3.9199854001077825	3.726154304070319	4.5892492092877895	0.7707720828587289	1.8415105797009335	1.8641146984648815	2.29933935996628
1.132158557046622	1.0845604363556351	0.6454940367835189	0.3877363991118075	0.39542072567749414	0.07825214301763439	-13.95296661256431	0.5201206870440066	0.7862599384863063	1.4349822941741324	1.4312471902831596	1.359826949944917	0.7553440578813415	0.949438488967493	0.8524735957681693	1.33105303306068	0.053075745583572906	0.21425254258655324	0.21897297033687982	0.3222968204543877
1.8901751825403086	1.8261790974498635	1.1968523260722363	0.7801778645955764	0.7933332923345505	0.18812535502802558	1.7107426870440063	-24.938372686006083	1.407486579251439	2.283170366992295	2.278455010162526	2.187705500824467	1.362055569323821	1.6405736995670237	1.503367014776676	2.1508186627834327	0.13133573431851386	0.4664645619923898	0.4755028339435625	0.6658513470053654
1.4007959675729658	1.346472140055262	0.8322353398895318	0.515662839460353	0.5253116495680096	0.11101949128621123	1.2493559384863062	0.6799605792514394	-17.75629235239851	1.7413324151053053	1.7371805699492138	1.6575736028520434	0.9634177663660587	1.1908937334211924	1.0778888714026063	1.625380914603858	0.07607241413428384	0.2933473408615509	0.29952646746444755	0.4328643106678746
0.7632290602770535	0.7269855699348938	0.4069251249278326	0.2330094901644922	0.23801754255311358	0.04280095699413217	0.663296294174132	0.3208623669922955	0.5065504151053051	-8.890060800350206	0.9970179700732518	0.9402831973384138	0.4844126215577765	0.6256552946809317	0.5544308788556105	0.9175817122477328	0.028615078824561335	0.12332265547142629	0.12621399760807628	0.1908505725691739
0.7657060340031169	0.7293767140776294	0.4084514735829045	0.23396494470490906	0.23899071365438213	0.043005006258699296	0.6655311902831597	0.32211701016252603	0.5083685699492138	1.0029879700732363	-8.923437711399803	0.9431499227558321	0.48616787923713806	0.627794443953078	0.5563815040807758	0.9204010538592341	0.028754380934510045	0.12386633402239478	0.12676918689120964	0.19165337891585546
0.8149614394952283	0.7769547198182041	0.4390253270990925	0.2532026433485284	0.25858167540049787	0.04715427924871082	0.7100509499449169	0.34730750082446726	0.544701602852043	1.0621931973384136	1.059089922755831	-9.58886850305607	0.5212614594226956	0.6704371662040858	0.5953216484699471	0.9763297593314552	0.031591185712996614	0.1348634406063764	0.13799748721369284	0.20784309796888686
1.4469684493507715	1.391599519322279	0.8653418581513852	0.5389075250595374	0.5488926624731726	0.11729555505334253	1.2925190578813417	0.708608569323821	1.0374967663660593	1.7932736215577765	1.789058879237138	1.7082124594226957	-18.41993840619724	1.2328119871666532	1.1172586280985062	1.6755000049904436	0.08051355484162623	0.30806271041470884	0.31450162081326427	0.45311497667271866
1.1888164178960745	1.139702654543648	0.6840171369172374	0.4136670694219579	0.4217660275271511	0.08464840010778245	1.0523254889674936	0.5528386995670236	0.8306847334211924	1.500228294680932	1.496397443953078	1.4231001662040859	0.7985239871666533	-14.746909064657018	0.8994738315288496	1.3935445696361772	0.05753817091427584	0.2300168681226847	0.23503691790952305	0.3445821861711965
1.3088269696103245	1.2566778879086187	0.7671550633172682	0.4704533320893044	0.47943051000666637	0.09909430407031887	1.1636375957681693	0.6239090147766758	0.9259568714026067	1.6372808788556106	1.6332615040807759	1.5562616484699474	0.8912476280985062	1.1077508315288496	-16.443097781016036	1.5251603710664685	0.06766497931345128	0.2650223240173974	0.2706915324945393	0.3936145341405348
0.8358740271076136	0.7971716728263655	0.4521325258359461	0.2615070309536979	0.2670365688772919	0.04896920928778944	0.7289970330606799	0.3581406627834325	0.560228914603858	1.0872117122477336	1.0840610538592335	1.024049759331456	0.5362690049904436	0.6886015696361776	0.6119403710664685	-9.872385097616569	0.03283445336164895	0.13963976298117903	0.1428732738997099	0.21484649090584296
4.7351967075143975	4.649376445562139	3.7181218055939502	2.9552121080993246	2.982251525728532	1.2707120828587288	4.491239745583573	3.3788777343185137	4.0511404141342835	5.23846507882456	5.23263438093451	5.119531185712996	3.9815025548416263	4.392815170914275	4.19466497931345	5.073054453361649	-72.63013237443995	2.215895060552524	2.240513799461796	2.70892714112912
2.994502159433796	2.9171297344109113	2.111757876748766	1.5123517538851214	1.532461140743707	0.4648205797009336	2.775786542586553	1.8373765619923899	2.3917853408615506	3.4565426554714267	3.451116334022395	3.3461734406063766	2.332421710414709	2.6886638681226844	2.5153923240173977	3.3032297629811795	0.33926506055252453	-42.32004673105964	1.0158225811693922	1.333447303337819
2.967062080021811	2.889919207739889	2.0877744110441077	1.4921220130891217	1.5120808464722835	0.4559446984648814	2.7490269703368795	1.8149348339435625	2.366484467464447	3.4279539976080766	3.42253918689121	3.317827487213693	2.3073806208132646	2.662203917909523	2.4895815324945394	3.27498327389971	0.3324037994617959	0.9843425811693873	-41.86921162669499	1.3146457006568062
2.48156984588704	2.4092510071194653	1.673092015906065	1.150551862217981	1.167645031032592	0.3165993599662801	2.2777808204543875	1.4307133470053655	1.9252523106678745	2.918020572569174	2.9128533789158557	2.8131030979688867	1.8714239766727185	2.1971791861711965	2.037934534140535	2.772386490905843	0.22624714112912037	0.7273973033378187	0.7400757006568062	-34.049076982725005