-19.200955308550924	1.9297704960927398	2.3144417046413595	1.7770066093766035	1.4080092021867545	0.04695591144622735	0.19702535075974387	1.9752311006226253	1.8694119626074435	2.629556791420429	2.9756542622824003	0.4137835016035983	0.36705508862077824	0.655266606151166	0.22693468064157768	0.4116345757929195	8.918856008315593e-7	0.0001906820166024595	0.0027711244603413096	0.0002547659420128475
0.43121049609273987	-9.39219939513477	1.272618169275002	0.8973801000775707	0.6638558025531132	0.01380589576220737	0.06492271618841446	1.031177426380701	0.9590545707693515	1.5099016758750292	1.7834745159140768	0.15017098761402561	0.1308252983594417	0.25771269079784	0.07596953551064256	0.14927038572057372	2.171252714910494e-7	0.000048433868813791325	0.0007355325738685586	0.00006494467608912129
0.31267170464135924	0.7694081692750021	-7.02855830880922	0.6843645366940834	0.494912501172152	0.009028251450985634	0.0437078844493888	0.7954452630824103	0.7353530277039657	1.2056112285826661	1.4475825354666487	0.10369550212192255	0.08990141800296052	0.18193114846511987	0.051354066900296154	0.10305125037920324	1.3489127225367434e-7	0.000030465258087371472	0.00046832789766845887	0.00004089237402636332
0.49122660937660356	1.110160100077571	1.4003545366940833	-10.527598690562613	0.7470540624813717	0.016491748904325414	0.07651034017583301	1.1435213159815278	1.066272312274359	1.650473375124706	1.9365074344001698	0.17490730599113125	0.1527150976539727	0.29714204681700424	0.08935907186200587	0.17387574585612875	2.6547607317293127e-7	0.00005889477879449347	0.000889491062117203	0.00007893557483454288
0.6796392021867547	1.434045802553113	1.768312501172152	1.304464062481372	-13.901155582190306	0.026121341472173584	0.11650510332504231	1.472973397649749	1.3826167155843818	2.049583704070279	2.3650426854164905	0.2574798177681275	0.22624916569046083	0.4250738333940074	0.13532418804068475	0.25603437918801686	4.4923140507051154e-7	0.00009815770585331998	0.00145968413273163	0.00013139112750882738
4.640275911446228	6.105685895762207	6.604118251450985	5.895591748904325	5.347811341472173	-73.21698705942475	2.243181289235323	6.166709283366878	6.023639700691952	6.9879812621622985	7.3914278351287654	3.1825244389394465	3.0153702203509454	3.8870102012460754	2.40517949807601	3.1751284455698974	0.00006396577669328375	0.010964265290386379	0.11998241354932615	0.014341091004835676
2.8788333507597437	4.245290716188415	4.727285884449389	4.044098340175832	3.526683103325042	0.33166928923532324	-47.03666983193991	4.303968479734491	4.166563861705595	5.102031812594572	5.498369639431625	1.6603885028444891	1.5344379487592785	2.225201714519207	1.1052183945710619	1.654744980529812	0.000010945070409776755	0.0021048457618995857	0.026982880870736223	0.002785141412981145
0.41495110062262514	0.9694574263807016	1.2369352630824104	0.8690213159815279	0.6410633976497486	0.01310928336687896	0.06188047973449107	-9.07824486608543	0.9293656785330299	1.4704198230723617	1.7402664956785037	0.1436058396800688	0.12502763749218615	0.2471490806429059	0.07244809443447497	0.14274060114157744	2.0481994600333304e-7	0.000045760499289122995	0.0006960153493608384	0.00006136792334227731
0.45389196260744336	1.0420945707693503	1.3216030277039659	0.9365323122743588	0.6954667155843819	0.014799700691953209	0.06923586170559594	1.0741256785330302	-9.825470629574319	1.5639466233239243	1.8424556558027663	0.15942703774486594	0.13900799057164046	0.2725340491668523	0.08095761809622466	0.15847701785488377	2.3485144116346714e-7	0.000052276742352885265	0.0007922103525422695	0.00007008519674587727
0.24138679142042968	0.6202916758750294	0.8192112285826664	0.5480833751247057	0.38978370407027924	0.006491262162298236	0.0320538125945723	0.6425298230723617	0.5912966233239243	-5.504561720441512	1.216335706928296	0.07737368276736478	0.06685933253022151	0.13783662994919518	0.03776594139690904	0.07688152116752739	9.354733827001592e-8	0.000021318244928841926	0.00033056208706947024	0.000028635596393826532
0.18212426228240072	0.488504515914077	0.6558225354666487	0.42875743440016956	0.29988268541649005	0.004577835128766292	0.023031639431625374	0.5070164956785037	0.4644456558027665	0.8109757069282963	-4.156073992387086	0.056509388309511965	0.04867786856233842	0.10213551461636816	0.027206989582741203	0.0561420436268521	6.369264180797105e-8	0.000014645322105834438	0.00022902578207946404	0.00001968644270330972
1.9785705016035984	3.2135179876140256	3.6702525021219228	3.025474305991131	2.5506368177681273	0.15399143893944686	0.5433675028444892	3.268672839680068	3.1397340377448657	4.030330682767365	4.414826388309511	-33.95267169109509	0.9082360467911843	1.4348827439414524	0.611847473450299	0.9958447713003459	3.866240979330364e-6	0.0007816399400782037	0.0106610071214505	0.001039136924750561
2.1213520886207786	3.383682298359442	3.845968418002961	3.1927920976539728	2.708916165690461	0.17634722035094536	0.6069269487592786	3.4396046374921863	3.3088249905716403	4.209326332530221	4.596504868562338	1.0977460467911848	-36.033628243103934	1.5563252215038446	0.6813143391495582	1.0933282619071225	4.6146353530592005e-6	0.0009256928146331721	0.012508237753990972	0.0012297619540265247
1.4485266061511664	2.54953269079784	2.97696114846512	2.376182046817004	1.9467038333940074	0.08695020124607604	0.33665371451920745	2.6006890806429057	2.481314049166852	3.3192666299491944	3.688925514616368	0.6633557439414528	0.5952882215038445	-26.120641079323953	0.3836100325866357	0.6602494989275693	1.87821231534429e-6	0.0003910170313819842	0.005517961580596609	0.0005212097744218552
2.7052056806415776	4.0528005355106425	4.531395066900296	3.853410071862006	3.3419651880406844	0.29013049807601016	0.9016813945710627	4.110999094434475	3.9747486180962244	4.904206941396909	5.2990079895827416	1.525331473450299	1.4052883391495579	2.0686210325866354	-44.51167405927743	1.5199430065134565	9.058631411579363e-6	0.0017593611049380763	0.02284051350300616	0.002330195225502032
1.9847435757929197	3.2209393857205733	3.677930250379203	3.0327647458561287	2.557513379188017	0.15491744556989775	0.5460459805298123	3.2761296011415775	3.147106017854884	4.038160521167527	4.422781043626852	1.0041667713003386	0.9121402619071226	1.4400984989275694	0.6147810065134565	-34.04279298389155	3.89641331166061e-6	0.0007874742301170035	0.010736266942432782	0.001046860829815231
16.7482208918856	18.24678021712527	18.749990134891274	18.034000265476074	17.476590449231406	12.154963965776696	14.066422945070412	18.308500204819946	18.163740234851442	19.13639009354734	19.541750063692643	15.18343686624098	14.993927614635355	15.954961878212316	14.269958058631412	15.17511489641331	-286.91951235497436	5.806902861114493	8.785815040027247	6.1220456733311766
10.959280682016603	12.457698433868813	12.960890465258085	12.244928894778791	11.687558157705853	6.376734265290386	8.279386845761898	12.519415760499289	12.374662276742352	13.347281318244928	13.752634645322106	9.395084639940077	9.205718692814632	10.166221017031383	8.48257836110494	9.386768474230117	0.017772861114490068	-177.93580201531572	3.153054584344903	1.168131639246116
7.966521124460343	9.463045532573869	9.965988327897668	9.250419491062118	8.69357968413273	3.490412413549327	5.3089248808707366	9.52472601534936	9.380062210352541	10.35225056208707	10.75750902578208	6.409624007121451	6.22196123775399	7.176007961580597	5.5083195135030065	6.401377266942433	0.0013450400272445704	0.15771458434490396	-126.22761181677275	0.19782293738129575
10.640044765942015	12.138414944676091	12.641600892374026	11.925648935574834	11.36829139112751	6.060811091004838	7.960767141412982	12.20013136792334	12.055380085196745	13.027988635596392	13.433339686442704	9.07604213692475	8.886722761954028	9.847051209774422	8.163849195225504	9.067727860829816	0.01361567333117559	0.8488316392461176	2.8738629373812956	-172.2301223519386