-2.464945570863217839e+01 1.221846888042356527e+00 1.342780767837652434e+00 1.728368837490077414e+00 5.547148114017733667e-01 7.811474758222495263e-01 2.598038747493511824e-01 2.899900875824990010e+00 1.137379249563249317e+00 2.693509553566465264e+00 3.574393113656007426e+00 1.069753591828682460e+00 1.733364282087789920e+00 8.687578123358860038e-01 3.063854403837890650e-01 1.375230550914898764e+00 1.032045662802401953e+00 1.733576724255503354e+00 1.301411710767464980e-01 2.063550249923063462e-01
8.067838880423567893e-01 -2.056924384448672782e+01 1.106809547799038951e+00 1.453437665981322402e+00 4.316165102867766112e-01 6.200595441674945363e-01 1.952223308607432262e-01 2.548985236290173706e+00 9.260010189862031282e-01 2.352369964903152422e+00 3.199174125710116723e+00 8.671344051564030542e-01 1.457983514425117866e+00 6.943083956364990428e-01 2.317498670266034677e-01 1.135634601961839518e+00 8.344621677847442465e-01 1.458176865615058659e+00 9.557675229756512625e-02 1.537574415555229279e-01
7.212017678376522190e-01 9.002935477990391400e-01 -1.870969488086114296e+01 1.326553199251038651e+00 3.791193265796692358e-01 5.499003037002495597e-01 1.686852071009982967e-01 2.380683123108234156e+00 8.315011907807617897e-01 2.189585772053380897e+00 3.016864517911126864e+00 7.769534605159228446e-01 1.330863111920564723e+00 6.177893337993572986e-01 2.008645690842192633e-01 1.026987491624372861e+00 7.467488863311528835e-01 1.331046442466653934e+00 8.171556037542983264e-02 1.323380686213177226e-01
5.122518374900772997e-01 6.523836659813223582e-01 7.320151992510386396e-01 -1.397841531424472450e+01 2.566209533442983526e-01 3.820784042893692334e-01 1.093090729184852949e-01 1.923580880709134577e+00 5.980996942198621991e-01 1.750740543010369965e+00 2.511961669988477475e+00 5.554561759877454374e-01 1.003604821196342423e+00 4.331840316215784248e-01 1.312179301541603338e-01 7.537555031422594753e-01 5.320007166814116895e-01 1.003758196249672441e+00 5.151273469979469888e-02 8.488328330932405630e-02
1.636694811401773197e+00 1.928659510286776291e+00 2.082678326579669115e+00 2.554717953344298298e+00 -3.740507257581110423e+01 1.333885191164025263e+00 5.178709911937856569e-01 3.875936911648078187e+00 1.819039293978861771e+00 3.651652809736377847e+00 4.593104205754230840e+00 1.729942765869761034e+00 2.560671394579476789e+00 1.457127510910522838e+00 5.988688730578261010e-01 2.123465000341852704e+00 1.679710873788106573e+00 2.560924496137614526e+00 2.782039699030454116e-01 4.219176861350220076e-01
1.256347475822249482e+00 1.510322544167494563e+00 1.646679303700249841e+00 2.073395404289369637e+00 7.271051911640257215e-01 -2.988104684180742510e+01 3.553946241102141079e-01 3.319257634783323141e+00 1.414243512402913572e+00 3.103747520361872070e+00 4.015804948928243689e+00 1.336782803855262491e+00 2.078853528334902112e+00 1.103395109094884363e+00 4.156856137944377472e-01 1.683042563546543136e+00 1.293370453846645285e+00 2.079085611044174886e+00 1.832504841605457069e-01 2.852825144000765145e-01
2.539663874749351180e+00 2.890145330860743655e+00 3.070124207100998426e+00 3.605286072918485463e+00 1.715750991193786268e+00 2.160054624110214316e+00 -5.477042365471417895e+01 5.020381227874102237e+00 2.760092252547148739e+00 4.785904542311060439e+00 5.760649008690068129e+00 2.653064063302958520e+00 3.611901912727121466e+00 2.316834226380513950e+00 1.128692552360654355e+00 3.117291599124683010e+00 2.592159710751924528e+00 3.612183110194629343e+00 5.887296169291712511e-01 8.415147305865687821e-01
1.936808758249900786e-01 2.578282362901737068e-01 2.960421231082343563e-01 4.334778807091345665e-01 8.773691164807848053e-02 1.378376347833230042e-01 3.430122787410191942e-02 -5.818298409191351439e+00 2.325009771780707502e-01 8.839583332622641398e-01 1.425236530438834137e+00 2.130259272477770804e-01 4.354160808076786848e-01 1.593134132159820249e-01 4.182402809174693564e-02 3.066897336531831941e-01 2.024748319541460617e-01 4.354985970961676167e-01 1.533607195449820937e-02 2.611899405296682145e-02
8.741552495632494146e-01 1.077840018986202741e+00 1.189856190780762102e+00 1.550992694219861967e+00 4.738352939788620932e-01 6.758195124029132694e-01 2.170082525471483392e-01 2.675496977178070779e+00 -2.200868226065108146e+01 2.475102889965934860e+00 3.335158734286351123e+00 9.379313535276089242e-01 1.555707247420457184e+00 7.548797772076980550e-01 2.570071378725100053e-01 1.220021940832380247e+00 9.034230585229823252e-01 1.555907762893080859e+00 1.071091551312626511e-01 1.714290133337451338e-01
2.291095535664654514e-01 3.030329649031524575e-01 3.467647720533808542e-01 5.024575430103697116e-01 1.052728097363781201e-01 1.641475203618721623e-01 4.164454231105930992e-02 1.125778333262264175e+00 2.739268899659352274e-01 -6.822193268538736532e+00 1.580594913085986430e+00 2.514755221947134189e-01 5.046373018419876288e-01 1.892045372973212292e-01 5.066986000816500052e-02 3.589126983459170472e-01 2.392849686914265972e-01 5.047300930997956625e-01 1.875303091632328847e-02 3.179541388622317971e-02
1.120831136560074826e-01 1.519271257101166284e-01 1.761335179111269966e-01 2.657686699884776460e-01 4.881420575423091324e-02 7.829494892824359620e-02 1.847900869006753946e-02 6.691465304388340973e-01 1.360727342863511935e-01 5.826849130859863557e-01 -3.333903943607020359e+00 1.239893026478038618e-01 2.670595615485642504e-01 9.118196800991458517e-02 2.266320007282366517e-02 1.829369294189136241e-01 1.174832932844270122e-01 2.671145352570498122e-01 8.101693220503362186e-03 1.396869169757774913e-02
9.333465918286826257e-01 1.145790405156402958e+00 1.262125460515922670e+00 1.635166175987745385e+00 5.115557658697611476e-01 7.251758038552621466e-01 2.367970633029579941e-01 2.782838927247777150e+00 1.064748353527609881e+00 2.579468522194713120e+00 3.449892302647803444e+00 -2.325794564388302632e+01 1.640018019619093215e+00 8.083269699674067166e-01 2.798772799271154743e-01 1.293399310678062353e+00 9.639508736095776520e-01 1.640224364741419860e+00 1.176984837808427442e-01 1.875449694248712829e-01
5.100462820877897929e-01 6.497285144251175870e-01 7.291241119205648102e-01 9.964038211963589520e-01 2.553733945794771643e-01 3.803355283349016958e-01 1.087239127271215078e-01 1.918318080807678516e+00 5.956132474204571814e-01 1.745719301841987425e+00 2.506051561548564344e+00 5.531070196190933652e-01 -1.392665055813837505e+01 4.312538395500813415e-01 1.305273584451762114e-01 7.508022668067276806e-01 5.297289433824514671e-01 1.000153007803110672e+00 5.122117120251177408e-02 8.441919443920538335e-02
1.143837812335885662e+00 1.384451395636498994e+00 1.514448333799357727e+00 1.924381031621578586e+00 6.502275109105231099e-01 9.032751090948837325e-01 3.120542263805136662e-01 3.140613413215981975e+00 1.293183777207698171e+00 2.928684537297320922e+00 3.828571968009914617e+00 1.219813969967407097e+00 1.929651839550081460e+00 -2.760559113053023950e+01 3.662878299972207041e-01 1.549203482793830133e+00 1.178780891790752738e+00 1.929875971522140743e+00 1.588986623560891820e-01 2.493493670425594722e-01
2.339035440383789410e+00 2.679462867026603856e+00 2.855093569084219851e+00 3.379984930154160683e+00 1.549538873057826560e+00 1.973135613794438026e+00 8.814825523606544255e-01 4.780694028091747150e+00 2.552881137872510475e+00 4.547719860008165860e+00 5.517623200072824474e+00 2.448934279927116098e+00 3.386495358445176240e+00 2.123857829997221280e+00 -5.093929860333545179e+01 2.901203058826499426e+00 2.389879175284947976e+00 3.386772085965699564e+00 5.088115480008933433e-01 7.366931949809609748e-01
7.001535509148989478e-01 8.756206019618389957e-01 9.734894916243712615e-01 1.294795503142259774e+00 3.664080003418530573e-01 5.327655635465430306e-01 1.623545991246825582e-01 2.337832733653183226e+00 8.081689408323803336e-01 2.148235698345917211e+00 2.970169929418913668e+00 7.547293106780625926e-01 1.299043266806727770e+00 5.990464827938302150e-01 1.934760588264992642e-01 -1.824635673291378879e+01 7.251562373813823514e-01 1.299223957515034833e+00 7.844037469899051152e-02 1.272464313064174679e-01
9.686246628024022254e-01 1.186104167784744368e+00 1.304906886331153038e+00 1.684696716681411743e+00 5.343098737881067928e-01 7.547494538466452685e-01 2.488787107519244979e-01 2.845273831954146182e+00 1.103226058522982944e+00 2.640263968691426655e+00 3.516372293284427020e+00 1.036936873609577647e+00 1.689625943382451645e+00 8.402798917907527976e-01 2.938081752849477368e-01 1.336812237381382440e+00 -2.399633372430545819e+01 1.689835574126326234e+00 1.242152606979747137e-01 1.974131435926771982e-01
5.099527242555033091e-01 6.496158656150583521e-01 7.290014424666538817e-01 9.962511962496747309e-01 2.553204961376149273e-01 3.802616110441747188e-01 1.086991101946292032e-01 1.918094597096167586e+00 5.955077628930811606e-01 1.745506093099795653e+00 2.505800535257049599e+00 5.530073647414199822e-01 9.998470078027470453e-01 4.311719715221407068e-01 1.304980859656995340e-01 7.506769575150348262e-01 5.296325741263261389e-01 -1.392445373712856949e+01 5.120881584602802322e-02 8.439952529976969819e-02
3.390151171076746905e+00 3.770649752297565271e+00 3.963304560375429997e+00 4.527639734699794971e+00 2.456233969903045988e+00 2.968060484160545798e+00 1.568879616929171217e+00 5.981566071954498298e+00 3.630343155131262822e+00 5.743163030916323741e+00 6.730421693220503876e+00 3.514115483780843263e+00 4.534549171202511886e+00 3.143828662356089598e+00 1.736171548000893239e+00 4.013527374698990791e+00 3.447646260697974974e+00 4.534842815846028330e+00 -7.101167986764444606e+01 1.356585310396211330e+00
2.821935024992305863e+00 3.184400441555522487e+00 3.369497068621317482e+00 3.916580283309323729e+00 1.955517686135022082e+00 2.425662514400075853e+00 1.177234730586568023e+00 5.347918994052966113e+00 3.050233013333744747e+00 5.111775413886223696e+00 6.091858691697577655e+00 2.939531969424870717e+00 3.923317194439205124e+00 2.589849367042559081e+00 1.319623194980960257e+00 3.417903431306417161e+00 2.876414143592676886e+00 3.923603525299769412e+00 7.121553103962107167e-01 -6.015501199905331475e+01
