-2.077324919050375840e+01 1.040984558298672313e+00 8.973629103574126686e-01 1.051978007280420568e+00 1.398932630567806257e+00 7.246221018332441588e-01 1.064115309666459730e+00 1.307316767518331480e+00 1.457832508471839539e+00 1.568238503640749348e+00 1.453501999966622327e+00 8.938628096785619093e-01 2.030955858005185910e-01 1.219091924687433659e+00 1.289278495139658531e+00 9.589704670315033486e-01 7.379712343257465168e-01 1.173632532824337105e+00 1.116085432636166663e+00 1.216375410778276933e+00
9.601055582986728343e-01 -1.994606200400964013e+01 8.603297990886823454e-01 1.010705935120183252e+00 1.349553277420123987e+00 6.928668424525750158e-01 1.022528173337978075e+00 1.259907261053805128e+00 1.407245740011250579e+00 1.515505951281977515e+00 1.403002482151083585e+00 8.569307156322318875e-01 1.919104447401675795e-01 1.173690774556259031e+00 1.242270500110890685e+00 9.201968423790657381e-01 7.057858516842374641e-01 1.129311158346558930e+00 1.073176788380186375e+00 1.171037907963706548e+00
1.110179910357412369e+00 1.154025799088682636e+00 -2.304894365365150577e+01 1.165772782328143631e+00 1.533782539539278789e+00 8.132211526816326419e-01 1.178735283761721098e+00 1.437085045794615601e+00 1.595786346461338212e+00 1.711688146322202231e+00 1.591231817614241706e+00 9.962327426568420297e-01 2.352897441950838331e-01 1.343656653182277561e+00 1.418008300366162988e+00 1.066201374688793502e+00 8.277204842759331438e-01 1.295390191840527061e+00 1.234160478880112599e+00 1.340774859616501002e+00
9.497630072804202905e-01 9.893699351201855618e-01 8.507407823281439851e-01 -1.973131857680511558e+01 1.336701112823134974e+00 6.846634508718316692e-01 1.011739078898594935e+00 1.247577795538878931e+00 1.394072794175098995e+00 1.501762176904683166e+00 1.389852726793062043e+00 8.473682719468705882e-01 1.890515377877380332e-01 1.161893413809916620e+00 1.230047478626714597e+00 9.101496546250068542e-01 6.974697471091843015e-01 1.117799542109637612e+00 1.062038673121203036e+00 1.159257396934808559e+00
6.852466305678062142e-01 7.167462774201239784e-01 6.072795395392788231e-01 7.252301128231348759e-01 -1.419102841029638995e+01 4.792034178655501520e-01 7.346134676022925136e-01 9.261809471300439522e-01 1.047906402463496089e+00 1.138611856391843924e+00 1.044372502120621160e+00 6.046444769769482308e-01 1.216174686788609877e-01 8.559277495777998235e-01 9.117494166769971597e-01 6.539193853734234230e-01 4.889527349847134774e-01 8.200598375035862420e-01 7.749882186327750055e-01 8.537779679670913779e-01
1.337616101833244198e+00 1.386739842452574756e+00 1.213398152681632647e+00 1.399872450871831431e+00 1.805883417865550067e+00 -2.771144591319465533e+01 1.414350305506022920e+00 1.700140007264661302e+00 1.873373520930899927e+00 1.998916715228850949e+00 1.868424020129409557e+00 1.209130335756360752e+00 3.078476397980658974e-01 1.597366148137888020e+00 1.679204865402003755e+00 1.288170809376770531e+00 1.016704995563679104e+00 1.544023441513457051e+00 1.476096999347770167e+00 1.594186143533981026e+00
9.385133096664602936e-01 9.778051733379791166e-01 8.403162837617210723e-01 9.883520788985966643e-01 1.322697467602292676e+00 6.757543055060226678e-01 -1.949759738663895803e+01 1.234148460305480199e+00 1.379716503927848059e+00 1.486777995950168352e+00 1.375521935448235089e+00 8.369728593810495942e-01 1.859609361683040030e-01 1.149048331304194592e+00 1.216735050808193774e+00 8.992235040864012818e-01 6.884374360175669061e-01 1.105268045762240803e+00 1.049916899660192637e+00 1.146430809046009358e+00
7.450907675183313650e-01 7.785602610538052692e-01 6.620420457946155635e-01 7.875667955388787611e-01 1.077640947130043658e+00 5.249200072646613702e-01 7.975244603054800763e-01 -1.545342094670482957e+01 1.127924331931344337e+00 1.222920471976804535e+00 1.124217775180012868e+00 6.592298973094649073e-01 1.359184609124321486e-01 9.259198455059475252e-01 9.847978249219798697e-01 7.117577851975854797e-01 5.353909929352551611e-01 8.880227625751672127e-01 8.403256038349243839e-01 9.236499098180932510e-01
6.498165084718392492e-01 6.801087400112506565e-01 5.749533464613382217e-01 6.882717941750992052e-01 9.535764024634948433e-01 4.523635209309002092e-01 6.973025039278479831e-01 8.821343319313443843e-01 -1.344078812279825108e+01 1.088020120963180126e+00 9.965739216302721415e-01 5.724261674282999923e-01 1.134136675627616664e-01 8.142524207615183807e-01 8.681810245295775719e-01 6.197162661213877488e-01 4.616770073189643275e-01 7.796382555697007888e-01 7.361851756790354084e-01 8.121769468604383979e-01
5.890625036407493020e-01 6.172089512819773915e-01 5.196951463222022616e-01 6.248011769046831754e-01 8.731218563918438091e-01 4.067467152288507526e-01 6.332039959501681858e-01 8.059704719768044923e-01 9.168601209631807025e-01 -1.214894749715368327e+01 9.136295328529213666e-01 5.173584550354862754e-01 9.980193876765464100e-02 7.423518588650159789e-01 7.928783279693252251e-01 5.611383066189981061e-01 4.152977219757996163e-01 7.099848936836311575e-01 6.694258167285774830e-01 7.404097059958153482e-01
6.523459999666223474e-01 6.827254821510835292e-01 5.772588176142418037e-01 6.909117267930623418e-01 9.569025021206204462e-01 4.542740201294094837e-01 6.999679354482351012e-01 8.852877751800127815e-01 1.003433921630254355e+00 1.091649532852921656e+00 -1.349442442181876345e+01 5.747238595015453644e-01 1.139928820064335380e-01 8.172338492137383170e-01 8.712997588047423081e-01 6.221571531515296405e-01 4.636188359451076657e-01 7.825288284935280059e-01 7.389585521540077417e-01 8.151529886616684095e-01
1.114223809678562160e+00 1.158170715632231840e+00 1.003776742656839138e+00 1.169944271946870673e+00 1.538691476976948413e+00 8.164973357563608536e-01 1.182935859381049504e+00 1.441816897309464940e+00 1.600803167428299867e+00 1.716895455035486240e+00 1.596240859501545373e+00 -2.313223715672245362e+01 2.365078799439717661e-01 1.348206577480820290e+00 1.422703892432289452e+00 1.070140973322976530e+00 8.310378456759254240e-01 1.299841727044096062e+00 1.238482673924712119e+00 1.345318995594005029e+00
2.841509585800518600e+00 2.911203444740167345e+00 2.660886744195083864e+00 2.929680537787738182e+00 3.473717468678860776e+00 2.333267639798065840e+00 2.949976936168303698e+00 3.336558460912431912e+00 3.559843667562761382e+00 3.717391938767654391e+00 3.553562882006433110e+00 2.654560879943971941e+00 -5.792222174595114836e+01 3.200405554833733568e+00 3.309061364018172746e+00 2.770395989602254527e+00 2.359822227846548159e+00 3.128528120140753543e+00 3.035703647106299474e+00 3.196144656041383758e+00
8.088759246874336339e-01 8.443537745562588182e-01 7.206236531822775015e-01 8.538924138099163175e-01 1.159397749577800063e+00 5.741561481378881782e-01 8.644343313041946697e-01 1.077929845505947615e+00 1.212052420761518201e+00 1.311311858865015889e+00 1.208173849213738160e+00 7.176295774808204575e-01 1.517755548337334504e-01 -1.679279338626200513e+01 1.061953873140077498e+00 7.734929910252454910e-01 5.853766713950586675e-01 9.600544742907732854e-01 9.096993656786974691e-01 9.976089088156101514e-01
7.576124951396586704e-01 7.914835001108906365e-01 6.735253003661629823e-01 8.005964786267146804e-01 1.093769416676996897e+00 5.345448654020038548e-01 8.106710508081934607e-01 1.015357824921977015e+00 1.144531024529577667e+00 1.240388327969325299e+00 1.140789758804742204e+00 6.706768924322894510e-01 1.389813640181727095e-01 9.405038731400773289e-01 -1.571683765561045121e+01 7.238700891162439532e-01 5.451645802105422600e-01 9.021956302455350629e-01 8.539655750121423194e-01 9.382096080792056148e-01
1.042183467031501776e+00 1.084288842379065532e+00 9.365973746887938933e-01 1.095577654625006891e+00 1.450818385373423336e+00 7.583898093767703630e-01 1.108038504086401366e+00 1.357196785197585243e+00 1.510945266121387576e+00 1.623527306618998134e+00 1.506526153151529490e+00 9.329929733229762601e-01 2.151949896022543884e-01 1.266921991025245386e+00 1.338749089116244129e+00 -2.164599755714094798e+01 7.721857938632028517e-01 1.220358377332758648e+00 1.161364365032100610e+00 1.264140429195707460e+00
1.317739234325746356e+00 1.366432851684237448e+00 1.194671484275932949e+00 1.379452747109184196e+00 1.782406734984713248e+00 9.834789955636812353e-01 1.393807436017566959e+00 1.677384992935255115e+00 1.849461007318964345e+00 1.974241721975799724e+00 1.844542835945107484e+00 1.190444845675925345e+00 3.011762278465483500e-01 1.575360671395058532e+00 1.656598580210542293e+00 1.268740793863202931e+00 -2.730561404359748678e+01 1.522426777378519613e+00 1.455041454679443902e+00 1.572204650412055926e+00
8.444005328243370245e-01 8.809581583465594390e-01 7.533411918405271690e-01 8.907825421096372542e-01 1.204513837503586204e+00 6.017974415134570432e-01 9.016380457622408251e-01 1.121016762575167469e+00 1.258422255569700665e+00 1.359928893683631346e+00 1.254452828493527905e+00 7.502487270440963973e-01 1.608821201407535928e-01 1.041038474290773452e+00 1.104629630245535399e+00 8.079133773327586976e-01 6.134267773785199163e-01 -1.753619805665359266e+01 9.482236622130975068e-01 1.038582797785685186e+00
8.922574326361671915e-01 9.302277883801858271e-01 7.975154788801125383e-01 9.404256731212039533e-01 1.264846218632775132e+00 6.392749993477703230e-01 9.516908996601934900e-01 1.178723603834924250e+00 1.320373175679035338e+00 1.424773816728577280e+00 1.316286552154007694e+00 7.942936739247119515e-01 1.734616471062991605e-01 1.096087365678697800e+00 1.161803575012142264e+00 8.543233650321003791e-01 6.514454546794438139e-01 1.053627662213097338e+00 -1.853498614715177695e+01 1.093547764450329529e+00
8.109454107782769761e-01 8.464869079637068472e-01 7.225278596165007894e-01 8.560423969348083251e-01 1.162033967967091463e+00 5.757621435339813631e-01 8.666028090460095035e-01 1.080445909818092964e+00 1.214762946860438397e+00 1.314155705995815326e+00 1.210878988661668432e+00 7.195279955940051542e-01 1.523006560413836807e-01 1.002394908815607000e+00 1.064445608079205741e+00 7.754974291957075216e-01 5.870066504120560191e-01 9.623847977856867519e-01 9.119457644503300431e-01 -1.683614885755037349e+01
