-1.913546610193132125e+01 8.995655061936941310e-01 3.087700291928148211e-01 5.042165738727515389e-01 1.146528091622085244e+00 8.543256099680220927e-01 1.158152013847846717e+00 1.211003427265638255e+00 1.532796467827930220e+00 1.502407981086710143e+00 1.130650317673464356e+00 1.182146144382111519e+00 9.756979746130195474e-02 1.167620703975711383e+00 1.547889113606164990e+00 6.620599671702296352e-01 5.516328298512240824e-01 9.427173733760629837e-01 1.667118826439817791e+00 1.068295327117738003e+00
1.107645506193693841e+00 -2.120614843146484318e+01 3.535404156696195788e-01 5.704179795001154130e-01 1.263816950070617784e+00 9.513378910132896937e-01 1.276164489736181684e+00 1.332233662187901402e+00 1.671298123090822152e+00 1.639434798871724608e+00 1.246941269568705435e+00 1.301634022743833219e+00 1.139908509225319166e-01 1.286218337785271837e+00 1.687112125071318802e+00 7.431828443613954782e-01 6.225160689388627988e-01 1.046313631900663177e+00 1.811790664990625910e+00 1.180558798847670454e+00
2.329644029192814880e+00 2.166334415669619595e+00 -4.449616734907644400e+01 1.439192075431674711e+00 2.557018185885697736e+00 2.090487281575139633e+00 2.574566126972110514e+00 2.653527490693000424e+00 3.109273599734971416e+00 3.067838264239133306e+00 2.532938962269307037e+00 2.610579090682009440e+00 3.979872216150392439e-01 2.588811166164437960e+00 3.129743641303325496e+00 1.749063414362073576e+00 1.535687427989688603e+00 2.237319616111562937e+00 3.289053347082671497e+00 2.437101992102174819e+00
1.746686573872751502e+00 1.604807979500115556e+00 6.607880754316748373e-01 -3.340505101846522962e+01 1.947326142909804769e+00 1.539594955354136818e+00 1.962951641359768962e+00 2.033499668926534554e+00 2.447632736691973232e+00 2.409529701706885962e+00 1.925916688049129633e+00 1.995079694219734856e+00 2.385951633985434472e-01 1.975650324266670310e+00 2.466487243794130535e+00 1.251882587576618633e+00 1.077414065858486980e+00 1.666237389861633167e+00 2.613892169516213837e+00 1.841078216170423554e+00
8.665220916220850444e-01 7.757309500706178751e-01 2.561381858856980887e-01 4.248501429098047733e-01 -1.655648486837340272e+01 7.350335874267912573e-01 1.010637453052787516e+00 1.059089922755831026e+00 1.356918601551241776e+00 1.328600280601079486e+00 9.854809550263986528e-01 1.032617093537593567e+00 7.888648459449502937e-02 1.019307685064631874e+00 1.370997049320291206e+00 5.635755256823683501e-01 4.663118623342556446e-01 8.146665769757026609e-01 1.482530221470168108e+00 9.285901984915614360e-01
1.161361609968022179e+00 1.050293891013290626e+00 3.766492815751397161e-01 6.041609553541367195e-01 1.322075587426791099e+00 -2.223693513741742223e+01 1.334762423939425124e+00 1.392337725674003490e+00 1.739412333395990107e+00 1.706869910211660013e+00 1.304731640416069816e+00 1.360923081483290220e+00 1.226501189041535600e-01 1.345090486856688416e+00 1.755558152757030976e+00 7.842030437616785976e-01 6.585531713521425301e-01 1.098110727271180531e+00 1.882735939166177097e+00 1.236455056890549908e+00
8.569460138478466327e-01 7.668784897361817787e-01 2.524861269721110357e-01 4.192756413597690246e-01 9.894374530527808576e-01 7.265204239394250640e-01 -1.637089047163299682e+01 1.048117860431393877e+00 1.344106775614432259e+00 1.315948524511908913e+00 9.750215030864075594e-01 1.021826524733247421e+00 7.761585804500042984e-02 1.008609567287622077e+00 1.358106723333637467e+00 5.566036944349394000e-01 4.603041109997033087e-01 8.054982945869976207e-01 1.469042446538992852e+00 9.185444391205974668e-01
8.150574272656384567e-01 7.282076621879016720e-01 2.367074906930005385e-01 3.950836689265347368e-01 9.431499227558320930e-01 6.893557256740034944e-01 9.533778604313936089e-01 -1.555803206537483341e+01 1.287735531956794244e+00 1.260297375464954683e+00 9.291943688479021857e-01 9.745201536395644570e-01 7.216571224627740810e-02 9.617163751300482621e-01 1.301382196076064757e+00 5.262594777580220651e-01 4.342078248451379241e-01 7.654240229598048284e-01 1.409626082825971460e+00 8.745631856899874768e-01
6.078104678279302453e-01 5.382321230908222454e-01 1.634135997349717151e-01 2.801767366919729607e-01 7.119386015512416677e-01 5.073903333959901563e-01 7.203267756144322576e-01 7.586955319567941780e-01 -1.150732876234528668e+01 9.766742332448118402e-01 7.005104858039307159e-01 7.376994858255191412e-01 4.773068798428895670e-02 7.271732096388781041e-01 1.011624698400407363e+00 3.799822328756877754e-01 3.096743761589919597e-01 5.679420415827933777e-01 1.104366006166542125e+00 6.559671347992822588e-01
6.244419810867100074e-01 5.533887988717245410e-01 1.689982642391334999e-01 2.890937017068859194e-01 7.306402806010792172e-01 5.218679102116601243e-01 7.391885245119088621e-01 7.782773754649547904e-01 1.023694233244813123e+00 -1.183447890781656575e+01 7.189925288120375679e-01 7.568897182666366463e-01 4.953904329419063501e-02 7.461648975428725183e-01 1.035500402345736148e+00 3.914723754086670282e-01 3.193755765265591795e-01 5.837379352978228075e-01 1.129639762363938926e+00 6.735755980192362768e-01
8.798243176734644733e-01 7.880352695687059539e-01 2.612389622693071511e-01 4.326206880491295648e-01 1.014660955026401412e+00 7.468696404160698465e-01 1.025401503086406541e+00 1.074314368847902879e+00 1.374670485803930475e+00 1.346132528812037377e+00 -1.681415881945626722e+01 1.047591846071306065e+00 8.066685263317961707e-02 1.034155221293431071e+00 1.388856626945265349e+00 5.732814493007455381e-01 4.746829278283423714e-01 8.274065593036256105e-01 1.501209029901997560e+00 9.425395866250174670e-01
8.376001443821115000e-01 7.490080227438331573e-01 2.451590906820096394e-01 4.080636942197350403e-01 9.680770935375941910e-01 7.093410814832900035e-01 9.784865247332467098e-01 1.025920153639563903e+00 1.318139485825519097e+00 1.290309718266636541e+00 9.538718460713071501e-01 -1.599568810978552591e+01 7.507697525590982524e-02 9.869720717568940538e-01 1.331978305770481041e+00 5.425584416421485034e-01 4.482145123295375733e-01 7.869841309676941510e-01 1.441686940786160331e+00 8.982398756918558158e-01
3.745243797461302204e+00 3.553584850922531846e+00 2.024787221615039545e+00 2.643799163398543595e+00 4.006566484594494604e+00 3.463288118904153556e+00 4.026495858045000098e+00 4.115785712246276873e+00 4.620390687984288647e+00 4.575179043294190784e+00 3.979166852633179818e+00 4.067296975255910496e+00 -7.164512197663688653e+01 4.042650673029706709e+00 4.642682964936998502e+00 3.044857253926930074e+00 2.771273315375021529e+00 3.637336994043798288e+00 4.815247721008801385e+00 3.869488287960718420e+00
8.492447039757112792e-01 7.597623377852720239e-01 2.495611661644381030e-01 4.148043242666702990e-01 9.809376850646345236e-01 7.196784868566883375e-01 9.914395672876266108e-01 1.039286375130047846e+00 1.333783209638878198e+00 1.305754897542872550e+00 9.666052212934297394e-01 1.013142071756892415e+00 7.660067302970682834e-02 -1.622156987439526432e+01 1.347719425411349148e+00 5.510061406078513579e-01 4.554837947495278261e-01 7.981268080074728211e-01 1.458169914828677305e+00 9.104630709975207736e-01
5.997431136061650570e-01 5.308861250713187152e-01 1.607236413033255595e-01 2.758712437941306383e-01 7.028570493202911385e-01 5.003761527570310674e-01 7.111667233336372851e-01 7.491821960760649546e-01 9.884646984004064052e-01 9.653204023457370164e-01 6.915366269452652981e-01 7.283783057704813491e-01 4.686296493699847188e-02 7.179494254113492069e-01 -1.134848866978708237e+01 3.744251768439521566e-01 3.049877976114155897e-01 5.602835184166882199e-01 1.092052106240187781e+00 6.474214016026365037e-01
1.437054967170229514e+00 1.310097844361395536e+00 5.031844143620735066e-01 7.844075875766184369e-01 1.618576525682368095e+00 1.252162043761678500e+00 1.632804694434939252e+00 1.697200477758022075e+00 2.079963232875687407e+00 2.044433375408666986e+00 1.599102449300745299e+00 1.662099441642148401e+00 1.721782539269297863e-01 1.644377140607851340e+00 2.097566176843952412e+00 -2.750807246199269684e+01 8.501074976632931879e-01 1.364916889118421794e+00 2.235664517428298748e+00 1.522174932069380482e+00
1.643074829851224106e+00 1.505878068938862890e+00 6.062554279896887888e-01 9.263860658584864849e-01 1.837759862334255478e+00 1.442959171352142578e+00 1.852952110999703361e+00 1.921595824845138134e+00 2.326102376158991625e+00 2.288783576526558949e+00 1.816950927828342444e+00 1.884202512329537615e+00 2.150413153750214412e-01 1.865301794749527842e+00 2.344575797611415879e+00 1.166554497663293333e+00 -3.143333072689001995e+01 1.565229695922082165e+00 2.489154404611485294e+00 1.734572465944260955e+00
1.059557373376064149e+00 9.550736319006630781e-01 3.332856161115632099e-01 5.406073898616332585e-01 1.211512576975702693e+00 9.079147272711804995e-01 1.223544294586997649e+00 1.278210022959805015e+00 1.609768041582793296e+00 1.578543935297822998e+00 1.195072559303625548e+00 1.248370130967694225e+00 1.065029940437985517e-01 1.233342808007473090e+00 1.625269518416688097e+00 7.067618891184220820e-01 5.906276959220821965e-01 -2.028200508120614387e+01 1.747589981730380826e+00 1.130449893771759085e+00
5.401928264398174750e-01 4.767846649906259948e-01 1.412533470826715376e-01 2.444961695162138071e-01 6.356102214701681019e-01 4.487739391661771382e-01 6.433224465389928426e-01 6.786460828259711642e-01 9.024260061665418942e-01 8.806797623639391892e-01 6.251090299019976815e-01 6.593069407861607001e-01 4.064772100880098549e-02 6.496199148286772029e-01 9.132721062401872869e-01 3.337435174282991635e-01 2.707864046114853984e-01 5.038239817303807877e-01 -1.017274105153184571e+01 5.842459684347385274e-01
9.346793271177388229e-01 8.388627988476705655e-01 2.826119921021747472e-01 4.649922161704234114e-01 1.074980198491561234e+00 7.958030568905497537e-01 1.086134439120597373e+00 1.136893185689987762e+00 1.447337134799281833e+00 1.417925598019236233e+00 1.059749586625017725e+00 1.109169875691856211e+00 8.819828796071804700e-02 1.095223070997521031e+00 1.461951401602636480e+00 6.135639320693806464e-01 5.095144659442608637e-01 8.799938937717591836e-01 1.577555968434738443e+00 -1.787514043034710909e+01
