-37.365802386133055	1.9558980586759422	4.053163086247822	3.6473012506808	5.103841661277257	0.46206711560216945	1.1453719704173217	2.1326080246988686	1.0267483197505565	2.0909952194244528	5.76225996091277	1.3810749215572378	1.4426244105977566	1.4183770748566704	1.272183755126165	1.3402381659988338	0.12617650650932188	1.0464877798405476	1.4866463868534991	0.47173871710505955
0.42178205867594204	-21.14894549686292	2.675584394082207	2.3190289345003423	3.6436764831768587	0.1664025644779093	0.5000617756690723	1.1220277721494456	0.4359054298067158	1.0929052431363915	4.27315043500808	0.6346825738171396	0.6713496721541328	0.6568315194259945	0.5713320627393613	0.6106952365946123	0.038690934371866936	0.4464097235516871	0.6979491343168148	0.17047954920833955
0.07594708624782157	0.2324843940822071	-6.5007266550263605	0.797979613583562	1.645220662169055	0.025240991574941505	0.09384376241267034	0.272634590911475	0.07909761371475915	0.26282787165169635	2.1307701953899754	0.12706646937775348	0.13664423873631965	0.1328250509573268	0.11105064275351488	0.12092273132991276	0.005023505967939906	0.08146332859241226	0.143732973384347	0.025950932188669784
0.10564525068079954	0.31148893450034215	1.2335396135835617	-8.283119837971837	1.9529975037375873	0.035942036968623706	0.12978323351243487	0.3627651792933059	0.10990921566384092	0.35028739973337586	2.4758981422890693	0.17410657765042606	0.18678024815067043	0.18173178743082888	0.15281272074495902	0.16595351759433852	0.007303582821812632	0.11310674457913115	0.19613267697648823	0.03693547206024073
0.03200566127725643	0.10595648317685814	0.5506006621690549	0.4228175037375871	-3.198530117610601	0.010139522394375017	0.040023922553491464	0.12611101404816422	0.03340728857843086	0.12114890149925915	1.3733334676942475	0.05524388210860092	0.05970597581698522	0.05792288659315187	0.04785513371449243	0.05239857004233824	0.0019331201972924146	0.034462610685578335	0.06302868371920256	0.010434827604234405
1.8484711156021696	3.0869225644779092	5.3888609915749415	4.9640020369686235	6.468379522394375	-56.92399490799009	2.052971300489243	3.2958656447946315	1.8866968241409892	3.2470541477824684	7.135922671843931	2.3697566641526313	2.449926269479144	2.41845795708608	2.2254526125289686	2.3160225617230337	0.3307583289404469	1.914726339115954	2.50669147619978	1.017055878694767
0.8674819704173218	1.756287775669072	3.7931697624126706	3.3935492335124344	4.833969922553492	0.3886773004892427	-33.98654864903932	1.924307153562433	0.8917790300108605	1.8846572200477585	5.4891265851221345	1.217120290419398	1.2742359154971565	1.2517157404246344	1.1164867990370109	1.17931714730034	0.10265400942324354	0.9097350079742856	1.315185773041309	0.39709201212452266
0.3636220246988687	0.8871577721494452	2.480864590911475	2.1354351792933057	3.4289610140481646	0.1404756447946306	0.4332111535624329	-19.186553763230584	0.37614149257650087	0.9730073269655286	4.050906896342112	0.5539406255662299	0.5870356303869165	0.573921543953198	0.49696998897957634	0.5323373462424503	0.03202394963833129	0.38546336580408086	0.6110969435693789	0.14398127374795774
0.9737203197505562	1.9169934298067155	4.003285613714759	3.5985372156638404	5.05221528857843	0.44726482414098867	1.1166410300108607	2.0920994925765006	-36.70613023526626	2.0508482868185243	5.710060673148718	1.3488272890772157	1.4095424246631423	1.3856198837980382	1.2414949039446563	1.3085624455359723	0.1213420429470642	1.019398838807746	1.452987373637699	0.45668885864482783
0.37648921942445257	0.9125152431363915	2.525537871651697	2.177437399733376	3.4784789014992588	0.14614414778246812	0.4480412200477588	1.0274873269655285	0.38937028681852437	-19.62989188494543	4.102266089421153	0.5719260348791134	0.6058358832354793	0.5924013430930859	0.5135035632493639	0.5497797002124697	0.033465545003843376	0.3989589294405368	0.6304770314679798	0.14977614788294907
0.018453960912769327	0.06346043500807957	0.3641801953899752	0.2737481422890696	0.7013634676942475	0.005712671843930699	0.023210585122135162	0.07608689634211259	0.01928267314871771	0.0729660894211532	-1.8421975457523632	0.03233519843832112	0.03503167382738465	0.03395304461462496	0.027890855435407483	0.03062060594267945	0.0010663486084544096	0.019907428321600598	0.037045455342739224	0.00588181804896089
0.6964419215572377	1.4841655738171393	3.4196494693777537	3.031129577650426	4.442446882108601	0.29871966415263074	0.810377290419398	1.63829362556623	0.717222289077216	1.6017990348791131	5.091508198438321	-29.3913652501518	1.0504405801170253	1.0305259278181798	0.9116799033703613	0.9667381656549887	0.07539155275382346	0.7326116360525753	1.0867389999115307	0.3054849574292473
0.6587514105977564	1.4215926721541325	3.3299872387363196	2.94456324815067	4.347668975816985	0.27964926947914354	0.7682529154971565	1.5721486303869163	0.6786974246631421	1.5364688832354791	4.994964673827384	0.9512005801170257	-28.334127737706183	0.9807269307874638	0.8658865116934256	0.9190506198765976	0.06984355405261512	0.6934764307985364	1.035149930527194	0.2860478373082419
0.6733010748566703	1.4458715194259943	3.364965050957327	2.978311787430829	4.384682886593152	0.2869779570860795	0.7845297404246344	1.597831543953198	0.6935718837980384	1.5618313430930861	5.0326830446146245	0.9700829278181785	1.019523930787461	-28.744453523836594	0.8835947030226977	0.9374985183765229	0.0719657850056927	0.7085885459647859	1.0551230721500149	0.2935182084776008
0.769718755126165	1.6029830627393613	3.5858016427535153	3.1920037207449594	4.617226133714492	0.3365836125289681	0.8919117990370116	1.7634909889795767	0.7920579039446567	1.7255445632493642	5.269231855435407	1.0938479033703616	1.1472945116934263	1.1262057030226975	-31.397433516394457	1.0585447340949172	0.08665017888423811	0.8085860816138465	1.1856915798936414	0.3440587855678489
0.7228831659988333	1.5274562365946123	3.4807837313299133	3.0902545175943383	4.506879570042337	0.3122635617230332	0.8398521473003401	1.6839683462424502	0.7442354455359724	1.6469307002124698	5.157071605942679	1.0340161656549867	1.085568619876598	1.0652195183765218	0.943654734094916	-30.12239239460159	0.07938193590992673	0.7600428428962622	1.122644041043625	0.3192855082317754
3.428320506509322	4.874950934371866	7.28438350596794	6.851103582821812	8.375913120197293	2.2464983289404468	3.6826880094232437	5.103153949638331	3.4765140429470636	5.050115545003844	9.047016348608453	4.062168552753823	4.155860554052615	4.119185785005691	3.891259178884238	3.998880935909927	-89.65455247354866	3.5116554940697617	4.221698789105343	2.2731853093376464
0.9549097798405477	1.888947723551687	3.967101328592413	3.5631847445791314	5.014720610685578	0.43674433911595373	1.096047007974285	2.0628713658040807	0.9808488388077448	2.0218869294405373	5.6721354283216	1.3256666360525753	1.3857714307985363	1.3620865459647862	1.2194730816138464	1.2858198428962626	0.11793349406976164	-36.23093372458666	1.428793959825092	0.4459906366522514
0.6332783868534991	1.3786971343168146	3.267580973384347	2.884420676976488	4.281496683719202	0.2669194761997797	0.7397077730413093	1.5267149435693788	0.6526473736376992	1.49161503146798	4.927483455342739	0.9180039999115306	0.9656549305271936	0.946831072150015	0.8347885798936413	0.886631041043625	0.06618678910534304	0.6670039598250922	-27.6087319417674	0.27306966080172046
1.8242227171050593	3.0570795492083396	5.355650932188669	4.931075472060241	6.434754827604235	0.9831358786947689	2.0274660121245227	3.2654512737479577	1.862200858644828	3.2167661478829492	7.10217181804896	2.3426019574292476	2.422404837308242	2.391078208477601	2.199007785567849	2.289124508231776	0.3235253093376464	1.8900526366522516	2.4789216608017206	-56.39669239111686