-1.982996315634309781e+01 1.100825956242658776e+00 5.482137175890005043e-01 4.114573247687284274e-01 1.201665086563825056e-02 4.321297541007692034e-01 7.645501773421886399e-05 3.293552262495065719e+00 4.126906405936809491e-02 3.743463952111073301e+00 2.536467873185469735e+00 1.066763743854491686e+00 7.564420445536846893e-01 1.220895544461866322e+00 4.609295034671529010e-04 5.299021904509083614e-01 1.533655116916881722e+00 2.602363912782906574e+00 1.176376511319462604e-06 5.487006874185353142e-06
9.055269562426592200e-01 -1.832845266657908923e+01 4.878203966133949354e-01 3.635964161194328859e-01 1.018981607804485788e-02 3.822945096579025148e-01 6.391789237398718239e-05 3.119569059220249851e+00 3.528726112233478152e-02 3.563529152937295663e+00 2.377502840876160484e+00 9.680394221798187537e-01 6.790926630464358960e-01 1.113006001821865709e+00 3.865695347627874016e-04 4.711175016355675926e-01 1.409643434509275650e+00 2.441781194855397352e+00 9.791599448831572578e-07 4.573076172197048513e-06
1.650200717589000332e+00 1.785106396613394653e+00 -2.963487687000124282e+01 7.825769290365686137e-01 2.991680282523262457e-02 8.162768647831847302e-01 2.089388314625301309e-04 4.316070635089839236e+00 9.713406949560808579e-02 4.789269045695342619e+00 3.497285639578207483e+00 1.739862341442014015e+00 1.310433189202116600e+00 1.942107136965447012e+00 1.234423824917607430e-03 9.715941657661566477e-01 2.335559698584369404e+00 3.570021283221944675e+00 3.303896172905544205e-06 1.528756026704643513e-05
1.985254324768728429e+00 2.132692416119432721e+00 1.254386929036568787e+00 -3.449381335958285177e+01 4.371755530340677015e-02 1.039850694217093086e+00 3.203582305845276254e-04 4.768845006605684667e+00 1.377984511325820449e-01 5.247940112098343768e+00 3.933502309303849476e+00 2.083376710208558524e+00 1.608075513617621022e+00 2.302864843494586200e+00 1.873691537047137258e-03 1.221498255247482900e+00 2.723651695508471526e+00 4.008135699289764098e+00 5.133033631062882398e-06 2.366082941046381943e-05
6.269113650865637766e+00 6.462585816078044942e+00 5.185026802825233538e+00 4.727017555303407725e+00 -9.709159237296398715e+01 4.803029910386359624e+00 1.908350193527898545e-02 9.410680813043862614e+00 1.931917173878956007e+00 9.903345483069964317e+00 8.534760048263002830e+00 6.398541268035595309e+00 5.741371331453762217e+00 6.678954452832206456e+00 9.196275696828898338e-02 5.129091207648692752e+00 7.188860917185074584e+00 8.614215991453104238e+00 3.803433297536810672e-04 1.653348407745488212e-03
1.927256754100769243e+00 2.072720509657902443e+00 1.209416864783185108e+00 9.611806942170941781e-01 4.105991038635992824e-02 -3.365778269105555864e+01 2.983636767838157870e-04 4.692904212921151341e+00 1.300963325330594667e-01 5.171144314538873132e+00 3.859992067558494000e+00 2.024044736733371597e+00 1.556051933144706245e+00 2.240832854563111542e+00 1.748110011352373237e-03 1.177268075521022084e+00 2.657395274876582558e+00 3.934344911282374735e+00 4.769778694089968934e-06 2.200077067946865355e-05
1.196049345501773331e+01 1.215577991789237444e+01 1.085863893883146147e+01 1.038694035823058570e+01 5.722403501935279024e+00 1.046558836367678325e+01 -1.901319275273611709e+02 1.511323412824076051e+01 7.210167178391757581e+00 1.560617260389154382e+01 1.423640934567135474e+01 1.209116682200699699e+01 1.142603464816026637e+01 1.237385931534260131e+01 2.294950525817863518e+00 1.080129010531561562e+01 1.288675662199400307e+01 1.431597867909153621e+01 5.082397728750273624e-02 1.752390405651433891e-01
1.407392624950656868e-01 1.620550592202498474e-01 6.127063508984015305e-02 4.223500660568524356e-02 7.708130438621749268e-04 4.496421292115097834e-02 4.128240760637828697e-06 -3.766757381967642537e+00 2.908481129320399095e-03 1.266637619565624817e+00 6.248480089432478790e-01 1.547033630693019635e-01 9.469801242767390825e-02 1.892121301878199879e-01 2.591550316235987606e-05 5.858797286354276018e-02 2.693105664531570409e-01 6.537858499173636595e-01 5.990101283015785927e-08 2.843897997049444207e-07
4.796876064059367728e+00 4.986193261122334519e+00 3.750754069495608523e+00 3.319608451132582072e+00 4.304271738789555712e-01 3.390576332533059567e+00 5.357178391757220180e-03 7.911328481129320522e+00 -7.498292545428195410e+01 8.403247047547397486e+00 7.037808085420565796e+00 4.923458087172916997e+00 4.283999761750820312e+00 5.198578331488362458e+00 2.820446389805723528e-02 3.697672759525647113e+00 5.701338638286917337e+00 7.116967074647153169e+00 9.721525175400228533e-05 4.329775493849399642e-04
9.771095211107323764e-02 1.130751529372954617e-01 4.152904569534215939e-02 2.839011209834373453e-02 4.954830699624545708e-04 3.026431453887339779e-02 2.603891543964735472e-06 7.736976195656245503e-01 1.887047547398356447e-03 -2.580828377142970087e+00 4.667900361968335687e-01 1.077637219478852909e-01 6.492815966655704485e-02 1.328033795313239562e-01 1.642393032257889713e-05 3.966839281502178988e-02 1.918898089820742225e-01 4.899159066276096985e-01 3.750912775294058946e-08 1.784807565530665731e-07
2.604848731854695898e-01 2.968188408761603947e-01 1.193156395782075246e-01 8.372230930384939873e-02 1.680048263002401066e-03 8.888206755849416274e-02 9.345671355393260992e-06 1.501678008943247988e+00 6.218085420565829489e-03 1.836560036196833501e+00 -6.629301784822793309e+00 2.843487217866854655e-01 1.799512978439062605e-01 3.423622929078957156e-01 5.812477394582696950e-05 1.143522233805000510e-01 4.725465217715918431e-01 1.040312559741121801e+00 1.375202259907871957e-07 6.500997340466302416e-07
9.360817438544909441e-01 1.032656422179818012e+00 5.071933414420137787e-01 3.788977102085582249e-01 1.076226803559500803e-02 3.982357367333713150e-01 6.782200699771345959e-05 3.176834363069301670e+00 3.716908717291727421e-02 3.622834721947885139e+00 2.429649721786685479e+00 -1.881727339200086391e+01 7.040094431081627135e-01 1.148005462654659858e+00 4.097563389434884544e-04 4.899665633959038868e-01 1.450015806436526500e+00 2.494477523842691724e+00 1.040465308484963816e-06 4.857321038228668761e-06
1.290949044553684866e+00 1.408898663046436184e+00 7.429531892021168371e-01 5.687855136176213078e-01 1.878133145376208180e-02 5.954319331447064378e-01 1.246481602654221795e-04 3.782018012427673881e+00 6.289976175082037657e-02 4.245188159666557048e+00 2.990441297843906554e+00 1.369198443108162966e+00 -2.430639597176136135e+01 1.547726412624588876e+00 7.445332980126096204e-04 7.199056571105241220e-01 1.902218745418032819e+00 3.060119656776044028e+00 1.942393458840310062e-06 9.026164982915690368e-06
8.075055444618662870e-01 8.949150018218657854e-01 4.267301369654472598e-01 3.156778434945863854e-01 8.467452832205638047e-03 3.323158545631115235e-01 5.231534260156914029e-05 2.928635130187819957e+00 2.958133148836282131e-02 3.365166379531324026e+00 2.204955292907896158e+00 8.652974626546602321e-01 5.998294126245888869e-01 -1.673674368973249216e+01 3.174796104649292182e-04 4.117304408091122525e-01 1.278286622962834684e+00 2.267275459424436423e+00 7.976088780347061291e-07 3.730440429286177187e-06
9.983677929503466331e+00 1.017890256953476324e+01 8.882464423824917077e+00 8.411293691537048645e+00 3.818082756968288916e+00 8.489838110011351802e+00 3.177505258178636161e-01 1.313605591550316198e+01 5.255814463898057731e+00 1.362898642393032311e+01 1.225925812477394494e+01 1.011430875633894289e+01 9.449454533298013104e+00 1.039692447961046362e+01 -1.564456030724464313e+02 8.825168867871269640e+00 1.090972346544446125e+01 1.233882402739724427e+01 1.003564259809358074e-02 3.903836458473841642e-02
1.689249190450908378e+00 1.825763501635567332e+00 1.028954165766154949e+00 8.070482552474830262e-01 3.134120764869216536e-02 8.414880755210217833e-01 2.201053156164944002e-04 4.370747972863542330e+00 1.014127595256468645e-01 4.844768392815021585e+00 3.549682223380500101e+00 1.779995563395903924e+00 1.344745657110524073e+00 1.984467440809112304e+00 1.298867871270503434e-03 -3.020537801857536664e+01 2.381497558168400808e+00 3.622677472836605794e+00 3.485874810348789371e-06 1.612233858527945511e-05
6.073481169168818417e-01 6.786354345092755480e-01 3.072656985843695843e-01 2.235476955084718387e-01 5.456917185074554137e-03 2.359612748765822776e-01 3.262199400265196255e-05 2.495816566453156859e+00 1.942463828691769548e-02 2.911335808982074447e+00 1.822222521771591941e+00 6.543908064365265842e-01 4.414047454180328733e-01 7.653696229628347281e-01 1.994654444597885961e-04 2.958435581684010773e-01 -1.334358259958558968e+01 1.879324305147121787e+00 4.920880245838664676e-07 2.308851787243974025e-06
2.468109127829065386e-01 2.815271948553971226e-01 1.124812832219447140e-01 7.878569928976439374e-02 1.565991453104500618e-03 8.366491128237459052e-02 8.679091537015434370e-06 1.451045849917363295e+00 5.807074647153969912e-03 1.780115906627609768e+00 9.607425597411207718e-01 2.696065238426915700e-01 1.700596567760439271e-01 3.251124594244361732e-01 5.402739724452752470e-05 1.077774728366056728e-01 4.500783051471217155e-01 -6.325245239047776913e+00 1.275413161831522122e-07 6.031720414250626390e-07
1.645361817637651214e+01 1.664891697915994584e+01 1.535163330389617542e+01 1.487982513303363419e+01 1.019690034332975515e+01 1.495849476977869585e+01 4.544023977287504401e+00 1.960643005990101528e+01 1.169810721525175445e+01 2.009937003750912865e+01 1.872960013752022945e+01 1.658430004046530826e+01 1.591911194239346017e+01 1.686700779760888125e+01 6.480435642598094681e+00 1.529427348587481106e+01 1.737992449208802626e+01 1.880917012754131790e+01 -2.725398147674004576e+02 2.038671105786177495e+00
1.480832248700687259e+01 1.500362057307617292e+01 1.370634528756026604e+01 1.323454366082940936e+01 8.552873348407745269e+00 1.331321200077067957e+01 3.023139040565142377e+00 1.796113028438979953e+01 1.005314297754938480e+01 1.845407017848075526e+01 1.708430065009973475e+01 1.493900385732103686e+01 1.427381902616498088e+01 1.522171073044042799e+01 4.864138364584738028e+00 1.364898612233858444e+01 1.573462630885178726e+01 1.716387060317203961e+01 3.933711057861753457e-01 -2.414342266073957148e+02
