-1.979699964226966813e+01 9.411709118225723980e-01 1.139041782294520244e+00 1.521397530579126300e+00 9.847087443931895612e-01 9.587191578223704935e-01 9.657306375297780576e-01 1.100043880396347040e+00 1.227946228198314671e+00 1.355821953013543579e+00 7.509656830441037156e-01 1.058954906564994136e+00 1.573036511680413918e+00 1.375391204991160077e+00 1.226047252144229160e+00 9.091076562040096842e-01 2.942774251548331277e-01 4.314976449934364577e-01 1.057268153555152024e+00 9.258723778875769250e-01
1.061230911822571343e+00 -2.102574848720393419e+01 1.205577384006670583e+00 1.600199553066009139e+00 1.045324750148067805e+00 1.018274986655556269e+00 1.025574367342437343e+00 1.165142126508962317e+00 1.297620119175986853e+00 1.429693487750652414e+00 8.013124771588062689e-01 1.122496828527578483e+00 1.653268990554729756e+00 1.449874090079371625e+00 1.295656057421140872e+00 9.665856716915509628e-01 3.184996215971920841e-01 4.646112174741015011e-01 1.120745247479657536e+00 9.840605987428918677e-01
8.727617822945197279e-01 8.192373840066706769e-01 -1.723559690428347224e+01 1.354586579432310200e+00 8.588309530726315755e-01 8.351831328930583442e-01 8.415591570142199052e-01 9.642123786130761820e-01 1.081863856880004082e+00 1.200254243385887598e+00 6.475712230773535971e-01 9.265893159429063886e-01 1.402942536121354999e+00 1.218435439923982733e+00 1.080111336676007117e+00 7.901473559916449840e-01 2.460746415864038805e-01 3.648387463730388136e-01 9.250467075070283318e-01 8.053501334913748533e-01
6.139875305791262505e-01 5.727295530660090339e-01 7.134565794323102228e-01 -1.198285250102843591e+01 6.032149828516681911e-01 5.849834893820466952e-01 5.898922695847450548e-01 6.852872332456780846e-01 7.784370937745191954e-01 8.736918048977796447e-01 4.429231370371869980e-01 6.558336576465917389e-01 1.040045687648647244e+00 8.884490170657827202e-01 7.770382568082814245e-01 5.504578744982332461e-01 1.570657399239650254e-01 2.386452286249203247e-01 6.546295740785702533e-01 5.620837908823768103e-01
1.015448744393186331e+00 9.560047501480662957e-01 1.155850953072631526e+00 1.541364982851668231e+00 -2.010723600488024587e+01 9.737389840583319245e-01 9.808241602501373002e-01 1.116484112207301482e+00 1.245561758411747322e+00 1.374517819533220386e+00 7.636331959453021012e-01 1.074995929993943777e+00 1.593373423363160901e+00 1.394244584654398267e+00 1.243646047537586119e+00 9.235958875831841164e-01 3.003261782093079590e-01 4.397896833857266596e-01 1.073292554146300093e+00 9.405422551350500759e-01
1.042449157822371797e+00 9.819449866555570727e-01 1.185193132893058499e+00 1.576123489382046827e+00 1.026728984058332461e+00 -2.064909000126078098e+01 1.007212255948779278e+00 1.145191734706732190e+00 1.276289502385443475e+00 1.407099019350495750e+00 7.858298839602114727e-01 1.103016501636346902e+00 1.628763673944052304e+00 1.427095741631273951e+00 1.274345054782477948e+00 9.489397852606453743e-01 3.109993024691561914e-01 4.543836650954488077e-01 1.101284507607379615e+00 9.661996216709733964e-01
1.035070637529776905e+00 9.748543673424380218e-01 1.177179157014220046e+00 1.566642269584745062e+00 1.019424160250137046e+00 9.928222559487748233e-01 -2.050105969316106425e+01 1.137349886246455499e+00 1.267899850937945772e+00 1.398207190148863077e+00 7.797569297492050744e-01 1.095361073779273164e+00 1.619111551725729958e+00 1.418130804458031413e+00 1.265963192550825678e+00 9.420111659834634610e-01 3.080698072635222329e-01 4.503827056814467267e-01 1.093636846067329582e+00 9.591858408988814810e-01
9.062138803963466493e-01 8.512521265089623146e-01 1.036662378613077085e+00 1.398867233245677966e+00 8.919141122073017680e-01 8.676317347067326047e-01 8.741798862464550401e-01 -1.791015950064123885e+01 1.120448999292569470e+00 1.241439187386528697e+00 6.745889520376210369e-01 9.614339000761300547e-01 1.448130053553474683e+00 1.260001739647384378e+00 1.118656422150105190e+00 8.213579367134544729e-01 2.584674127023064982e-01 3.820784042893692334e-01 9.598521023660827600e-01 8.369830385016611141e-01
8.021762281983144671e-01 7.517901191759865931e-01 9.223738568800045057e-01 1.260077093774519374e+00 7.890517584117475725e-01 7.667895023854434111e-01 7.727898509379454994e-01 8.885089992925692126e-01 -1.580924272238337736e+01 1.112635464364193139e+00 5.909668850099508708e-01 8.529551717551141499e-01 1.306406527771549753e+00 1.129970051936025399e+00 9.983359240748502783e-01 7.244521010623008461e-01 2.205857258199322712e-01 3.291438814186294359e-01 8.514984723872313088e-01 7.387351077270706279e-01
7.126519530135434488e-01 6.664634877506524502e-01 8.233642433858876508e-01 1.137931804897779564e+00 7.006078195332203773e-01 6.801990193504960924e-01 6.856971901488633225e-01 7.920991873865285138e-01 8.952354643641928789e-01 -1.399365534669056821e+01 5.199996083561779781e-01 7.593353204131199075e-01 1.181446433532777229e+00 1.016171240920818786e+00 8.936918512737601628e-01 6.414607619860466237e-01 1.895572901108315833e-01 2.852298827754780053e-01 7.579942762284732627e-01 6.545185112619195111e-01
1.298807683044103767e+00 1.229094477158806598e+00 1.461693223077353831e+00 1.898175137037187099e+00 1.280735195945301941e+00 1.249941883960211220e+00 1.258258929749204835e+00 1.416260952037620813e+00 1.564578885009950904e+00 1.711011608356177938e+00 -2.577434666059540191e+01 1.368183036417067067e+00 1.956035178351365422e+00 1.733269867668590702e+00 1.562390885224793191e+00 1.190884217246511501e+00 4.187146677229829361e-01 5.992237863006664167e-01 1.366204663951070764e+00 1.210882382336437413e+00
9.432749065649934650e-01 8.867568285275782003e-01 1.077189315942906456e+00 1.447563657646591562e+00 9.285759299939436717e-01 9.036065016363472591e-01 9.103410737792737573e-01 1.039583900076130440e+00 1.163045171755114238e+00 1.286825320413119922e+00 7.046610364170670104e-01 -1.865651177681548134e+01 1.497793750865799023e+00 1.305796359097670001e+00 1.161209536833346601e+00 8.559906918953960053e-01 2.724309810035895341e-01 4.014171073893064712e-01 9.983758802081582617e-01 8.720738267691481305e-01
5.865765116804139145e-01 5.467489905547296969e-01 6.827625361213549571e-01 9.609956876486488442e-01 5.761734233631609081e-01 5.585736739440523291e-01 5.633115517257298865e-01 6.555000535534748485e-01 7.457165277715498419e-01 8.381564335327770232e-01 4.217331783513655896e-01 6.270137508657989134e-01 -1.142212233583328462e+01 8.524933213978155289e-01 7.443603814832289167e-01 5.252672186105631358e-01 1.483603426690135452e-01 2.260498996550114881e-01 6.258496328200974235e-01 5.364792200844985537e-01
7.000512049911602475e-01 6.544740900793717397e-01 8.093754399239826425e-01 1.120519017065782386e+00 6.881645846543980038e-01 6.680257416312738172e-01 6.734508044580312935e-01 7.784917396473843842e-01 8.804000519360249966e-01 9.840012409208187538e-01 5.100878676685907109e-01 7.461363590976698434e-01 1.163613321397815481e+00 -1.373745983019299999e+01 8.788741946405684846e-01 6.298107010538801509e-01 1.853075593899171369e-01 2.791732002771827315e-01 7.448122312737174289e-01 6.426904800854292832e-01
8.036072521442291228e-01 7.531560574211407788e-01 9.239513366760075952e-01 1.262008256808281548e+00 7.904660475375860917e-01 7.681750547824779396e-01 7.741831925508256829e-01 8.900464221501053208e-01 1.001665924074834235e+00 1.114421851273760700e+00 5.921088852247932133e-01 8.544495368333464569e-01 1.308380381483228660e+00 1.131774194640568609e+00 -1.583820281140300779e+01 7.257817566505547768e-01 2.210935425161831003e-01 3.298582613926006046e-01 8.529910509566321908e-01 7.400838062858501321e-01
1.096757656204009557e+00 1.034175671691551335e+00 1.244077355991645151e+00 1.645517874498233502e+00 1.080505887583184776e+00 1.052859785260646053e+00 1.060321165983463043e+00 1.202837936713454070e+00 1.337872101062300700e+00 1.472280761986046516e+00 8.306922172465113219e-01 1.159320691895396438e+00 1.699377218610563123e+00 1.492800701053880186e+00 1.335871756650554909e+00 -2.173765995518057181e+01 3.328570123600127495e-01 4.841261423515146878e-01 1.157532762620038902e+00 1.017875255417564739e+00
2.387941425154833652e+00 2.292103621597192387e+00 2.606018641586404172e+00 3.158139739923965017e+00 2.363250178209308050e+00 2.320933302469156523e+00 2.332393807263522412e+00 2.545961412702306692e+00 2.740019725819932805e+00 2.926391290110831545e+00 1.964536667722983188e+00 2.481774981003589620e+00 3.228484342669013962e+00 2.954311559389917630e+00 2.737197542516183191e+00 2.238871012360013069e+00 -4.735177771556171678e+01 1.327533433613238500e+00 2.479119358367607440e+00 2.266795673081714035e+00
1.928984644993436248e+00 1.842038217474101458e+00 2.128605746373038787e+00 2.643542228624920387e+00 1.906536683385726683e+00 1.868140665095448849e+00 1.878529705681446726e+00 2.073395404289369193e+00 2.252400881418629375e+00 2.425886882775478259e+00 1.548868786300666711e+00 2.014584107389306489e+00 2.709996899655011671e+00 2.452000200277182351e+00 2.249785261392600599e+00 1.793963142351514550e+00 7.313564336132380994e-01 -3.827993358494060061e+01 2.012155308073559912e+00 1.819162385775925150e+00
9.448381535551518828e-01 8.882552474796577835e-01 1.078896707507028818e+00 1.449609574078570162e+00 9.301225541463005175e-01 9.051245076073799467e-01 9.118668460673295950e-01 1.041252102366081678e+00 1.164838472387231150e+00 1.288734276228473252e+00 7.059326639510709045e-01 1.001625880208193431e+00 1.499879632820097619e+00 1.307722231273717561e+00 1.163001050956632199e+00 8.574527626200389996e-01 2.730253583676072182e-01 4.022383080735598138e-01 -1.868797132336626632e+01 8.735549936721410669e-01
1.077982377887576115e+00 1.016110598742888671e+00 1.223740133491374893e+00 1.621603790882376828e+00 1.061912255135050609e+00 1.034579621670972616e+00 1.041955840898881602e+00 1.182923038501660917e+00 1.316615107727070466e+00 1.449798511261919609e+00 8.151503823364376622e-01 1.139863826769147881e+00 1.675049220084498636e+00 1.470140480085429191e+00 1.314633806285850026e+00 9.823352554175682760e-01 3.252416730817140333e-01 4.737853857759252163e-01 1.138094993672140953e+00 -2.136151629970848376e+01
