-2.012191965111524539e+01 1.055583158738086391e+00 1.036467802942803162e+00 9.574657076139452272e-01 1.059198982508540610e+00 2.849165155520842596e+00 1.042922063906406960e+00 2.447120826450788211e-01 1.409958884921466371e+00 9.818462009351702768e-01 9.922003840502329197e-01 1.554904672899677598e+00 9.679236942721865244e-02 1.290086263890813267e+00 1.357039810327699714e+00 1.104109892016792216e+00 7.782857811055162722e-01 2.388176724129315032e-01 1.035244575795505106e+00 1.037118189456518014e+00
9.464031587380860033e-01 -1.907515963388732416e+01 9.815597600409931012e-01 9.054376683958308414e-01 1.003489048405058037e+00 2.755900409326797806e+00 9.877851429054721466e-01 2.270894663669010272e-01 1.343237342519314703e+00 9.289136579183731035e-01 9.388879990230540873e-01 1.484297058796858471e+00 8.912706764918844338e-02 1.226856803720741906e+00 1.291827474417455379e+00 1.046849532504560143e+00 7.333662350561889198e-01 2.215647508082800310e-01 9.803800174523726874e-01 9.821870398417975601e-01
9.643978029428036391e-01 1.018669760040991079e+00 -1.942699581620244587e+01 9.228994786406211626e-01 1.022201915289925322e+00 2.787482243899010559e+00 1.006303187998548232e+00 2.329519828867075426e-01 1.365702729934460624e+00 9.466826368632723643e-01 9.567860048248759686e-01 1.508090694456370340e+00 9.166759734847236551e-02 1.248130380936950834e+00 1.313777581114595527e+00 1.066089758542703603e+00 7.484178506538718967e-01 2.273035994116357761e-01 9.988054760082781813e-01 1.000635134408351057e+00
1.043775707613945780e+00 1.100927668395831116e+00 1.081279478640621239e+00 -2.097436030529618378e+01 1.104643506319129109e+00 2.923623870679585846e+00 1.087914424519015766e+00 2.594654374203708147e-01 1.464038664742466800e+00 1.025096495505052552e+00 1.035751152770060690e+00 1.612007313632667804e+00 1.032744883132451635e-01 1.341438683064881454e+00 1.409942150767179436e+00 1.150776458487396736e+00 8.151686267370996664e-01 2.532661510773926428e-01 1.080021918138565074e+00 1.081948108471671999e+00
9.430489825085400790e-01 9.965190484050630015e-01 9.781219152899219837e-01 9.021835063191292470e-01 -1.900953198717484582e+01 2.749982578579952985e+00 9.843326861325855104e-01 2.260027519398561113e-01 1.339042496535325144e+00 9.256018442141775715e-01 9.355519648642895980e-01 1.479851929256951193e+00 8.865718777174043386e-02 1.222886326784367927e+00 1.287729658376180364e+00 1.043261409456750055e+00 7.305639960697467572e-01 2.205010360614593212e-01 9.769449485985685078e-01 9.787477200102393526e-01
2.018351555208422465e-01 2.177504093267980390e-01 2.122222438990106763e-01 1.899838706795856924e-01 2.188025785799528056e-01 -3.844507959200696767e+00 2.140823851657867871e-01 3.349852225093459535e-02 3.307426187961450270e-01 1.967422857753292897e-01 1.996407147429407614e-01 3.827714597620245351e-01 1.153511462467756918e-02 2.902768300633323806e-01 3.125936940061380676e-01 2.320430862456382692e-01 1.431620294907358093e-01 3.254512530303865780e-02 2.118704443466881415e-01 2.124093906210975935e-01
9.582720639064066237e-01 1.012315142905469756e+00 9.937231879985465310e-01 9.169544245190160980e-01 1.015832686132586371e+00 2.776762385165786551e+00 -1.930726983930110663e+01 2.309501216720772354e-01 1.358062460847585307e+00 9.406334166418226506e-01 9.506930332016175766e-01 1.500000985095318651e+00 9.079901695015663021e-02 1.240893590991316131e+00 1.306311733045679491e+00 1.059541789516672994e+00 7.432905764791198910e-01 2.253438895743995751e-01 9.925336750052536905e-01 9.943556596522755697e-01
2.612812082645078693e+00 2.704369466366901342e+00 2.673121982886707659e+00 2.541255437420371077e+00 2.710252751939856264e+00 5.048928522250935025e+00 2.683700121672077721e+00 -5.091562727299858437e+01 3.245898137073865097e+00 2.582435857310336758e+00 2.599790676281949153e+00 3.450860977608709579e+00 4.899159066276097541e-01 3.069861196306502560e+00 3.168972462948627555e+00 2.782623320806902445e+00 2.223288724158466234e+00 9.822364433672690076e-01 2.671113997271782559e+00 2.674189208054633227e+00
6.784418849214662872e-01 7.209003425193148962e-01 7.062557299344603967e-01 6.462116647424669402e-01 7.236754965353251468e-01 2.246555618796144849e+00 7.111954608475853368e-01 1.462811370738647809e-01 -1.377723100070271478e+01 6.646579034856463508e-01 6.725146446806852252e-01 1.117979704795004192e+00 5.513068057734388933e-02 9.040421066776951342e-01 9.574525959732324010e-01 7.582759597444729271e-01 5.130500121198405816e-01 1.425366731857213021e-01 7.053201160135543768e-01 7.067532680788894961e-01
1.018376200935171783e+00 1.074623657918373221e+00 1.055282636863272394e+00 9.753164955050546148e-01 1.078281844214177498e+00 2.880602285775329729e+00 1.061813416641822716e+00 2.508658573103366152e-01 1.432704903485646719e+00 -2.048002055752090556e+01 1.010481365743838733e+00 1.578935649448330203e+00 9.948902510365550955e-02 1.311674116124214917e+00 1.379285696016373741e+00 1.123710487114621737e+00 7.937475230113386626e-01 2.448437769123962271e-01 1.054044870318113336e+00 1.055940749078838170e+00
1.007840384050228799e+00 1.063707999023055129e+00 1.044496004824876367e+00 9.650811527700615677e-01 1.067341964864289894e+00 2.862610714742940488e+00 1.050983033201618122e+00 2.473306762819491578e-01 1.419671644680685185e+00 9.895913657438382138e-01 -2.027475440343533108e+01 1.565168552811811553e+00 9.793861803970375923e-02 1.299302497740763895e+00 1.366538129856170514e+00 1.112474618924890191e+00 7.848789444226961232e-01 2.413818501891135393e-01 1.043266551613927451e+00 1.045149699652710762e+00
5.960356728996775155e-01 6.346080587968586650e-01 6.212916944563703359e-01 5.668283136326680571e-01 6.371329292569508640e-01 2.071232459762024636e+00 6.257819850953187935e-01 1.238919776087095831e-01 8.906277047950039716e-01 5.835366494483299471e-01 5.906595528118115945e-01 -1.211956958334791956e+01 4.607626198087284158e-02 8.021508900852607482e-01 8.513421489413489640e-01 6.686502773118585541e-01 4.468690463126553936e-01 1.206686914552588114e-01 6.204413698941605437e-01 6.217438988027801372e-01
3.755092369427218024e+00 3.856607067649188370e+00 3.822037597348472371e+00 3.675264488313245259e+00 3.863107187771740225e+00 6.317165114624677003e+00 3.833749016950156463e+00 1.780115906627609323e+00 4.444947680577343796e+00 3.721259025103655027e+00 3.740598618039703283e+00 4.663245261980872414e+00 -7.274695552779276397e+01 4.255711908730630988e+00 4.362466756116555544e+00 3.942847855430192450e+00 3.314652975642099708e+00 1.755053657769984232e+00 3.819813473993274311e+00 3.823219565696147626e+00
7.570462638908130870e-01 8.029968037207418918e-01 7.871603809369506211e-01 7.220886830648817201e-01 8.059963267843681667e-01 2.404566830063332272e+00 7.925035909913161758e-01 1.687211963065022025e-01 1.102519106677695149e+00 7.421041161242144524e-01 7.506224977407640608e-01 1.227979890085260539e+00 6.437190873063104724e-02 -1.534436457506770779e+01 1.057117728726614914e+00 8.433553630170624871e-01 5.768997611276398541e-01 1.644673247853438713e-01 7.861481758415963528e-01 7.876986264519798553e-01
7.118598103276995159e-01 7.558274744174555693e-01 7.406675811145952970e-01 6.784521507671795737e-01 7.586996583761803636e-01 2.314743694006137886e+00 7.457817330456796290e-01 1.556924629486270695e-01 1.043789595973232398e+00 6.975756960163733700e-01 7.057181298561701066e-01 1.165031148941348738e+00 5.898675611655540552e-02 9.449777287266146741e-01 -1.444502333731497146e+01 7.944936978769466807e-01 5.401116060684326703e-01 1.517328369413239730e-01 7.396988601452455514e-01 7.411827156491730406e-01
9.026498920167926876e-01 9.545695325045597812e-01 9.366997585427034867e-01 8.630064584873970990e-01 9.579514094567516125e-01 2.677913086245638397e+00 9.427317895166731354e-01 2.130633208069023232e-01 1.288332959744473039e+00 8.857204871146220349e-01 8.953746189248903420e-01 1.426059277311858997e+00 8.308785543019268915e-02 1.174935363017062473e+00 1.238213697876946906e+00 -1.821790782698369071e+01 6.968967419929341656e-01 2.078373121911550325e-01 9.355567453496976826e-01 9.373075204524404791e-01
1.260285781105516367e+00 1.324546235056188959e+00 1.302487850653871959e+00 1.210858626737099542e+00 1.328713996069746717e+00 3.272492029490735810e+00 1.309940576479119878e+00 3.371887241584659023e-01 1.726567012119840649e+00 1.239217523011338695e+00 1.251238944422695676e+00 1.887738046312655182e+00 1.383529756420995571e-01 1.591939761127640018e+00 1.667291606068432852e+00 1.380356741992933678e+00 -2.516297805455873871e+01 3.294477102651932610e-01 1.301074841787362102e+00 1.303239072057801540e+00
2.642657672412931369e+00 2.734584750808280340e+00 2.703213599411635748e+00 2.570796151077392455e+00 2.740491036061459162e+00 5.083715125303038818e+00 2.713833889574399638e+00 1.017976443367266670e+00 3.277893673185721113e+00 2.612153776912395919e+00 2.629581850189113279e+00 3.483377691455258329e+00 5.005936577699844348e-01 3.101347324785343584e+00 3.200752836941324286e+00 2.813137312191154482e+00 2.251287710265193365e+00 -5.148287717143006148e+01 2.701197579122327497e+00 2.704285090595834440e+00
9.655645757955059194e-01 1.019880017452374998e+00 1.001195476008294172e+00 9.240319181385646674e-01 1.023414948598567520e+00 2.789520444346688333e+00 1.007503675005245736e+00 2.333339972717825839e-01 1.367157116013554718e+00 9.478348703181140866e-01 9.579465516139272774e-01 1.509630369894160662e+00 9.183347399327435046e-02 1.249508175841596680e+00 1.315198860145246007e+00 1.067336745349697358e+00 7.493948417873624868e-01 2.276775791223276391e-01 -1.944979475299602711e+01 1.001831116299739310e+00
9.637781894565178309e-01 1.018027039841799875e+00 9.993651344083178678e-01 9.222981084716714850e-01 1.021557720010237480e+00 2.786399390621097538e+00 1.005665659652278388e+00 2.327492080546329778e-01 1.364930268078889286e+00 9.460707490788384799e-01 9.561696996527109249e-01 1.507272898802779926e+00 9.157956569614758568e-02 1.247398626451979631e+00 1.313022715649172945e+00 1.065427520452440602e+00 7.478990720578013729e-01 2.271050905958342803e-01 9.981711162997428666e-01 -1.941488777333289306e+01
