-34.58002465359743	1.651127039051154	2.371469302489856	2.1488807332994058	2.3221960785442795	1.8110991166323203	2.387448032045083	1.4433040277739453	1.0553344469843533	1.4565313207849875	1.8237952326827518	1.504273012848903	2.969854744889574	1.6985033244147583	1.1273759620583461	0.9524465395057939	1.5224468483127962	2.5718904740552735	2.8321144072678615	0.9299340099559943
0.5477710390511543	-21.359603806659322	1.5620841741865006	1.3824053254709119	1.5218862125705297	1.119768357147468	1.5751699984764944	0.8492335261279366	0.5837888591939552	0.8586597211225039	1.1294058896521455	0.8928772136216159	2.0674891247186227	1.0351432799930076	0.6313982467304606	0.5172091302818784	0.9059823717141939	1.7279376967869788	1.948524687509432	0.5028689523035311
0.2982983024898568	0.5922691741865008	-12.79548191134126	0.8651606620288567	0.9694917068136332	0.6755484794930836	1.0099729343163972	0.4905038981178387	0.3204088065295148	0.49676211048218355	0.6823397509412394	0.5195986538245608	1.3989412680830553	0.6164881232287686	0.3500064600500461	0.27973185829259045	0.5283939044795644	1.127864835838364	1.3026179648268363	0.2710830173183686
0.3587197332994059	0.695600325470912	1.1481706620288568	-15.000425132856495	1.1147600232629464	0.7892134817601508	1.1590785316800298	0.5802154956999532	0.38447448232965653	0.5873452729584219	0.7968177143827071	0.6133231334655773	1.5798018367402538	0.722895914788237	0.4188288521265867	0.3370302018894806	0.6233121578458871	1.2875299662791155	1.476401165796268	0.32690618105204755
0.310675078544279	0.6137212125705298	1.0311417068136324	0.8934000232629463	-13.255692026371904	0.6992153386786647	1.0413188670507072	0.509053910646525	0.33354841728500934	0.5154972482132482	0.7061813172318916	0.5390016933122165	1.4372774322184734	0.6385984122773689	0.3641440653170269	0.2914561230170627	0.5480510357986633	1.1615236147499097	1.339387058541453	0.2824994708422955
0.47706711663232015	0.8890923571474677	1.4146874794930837	1.2453424817601506	1.3767043386786648	-19.062075601299725	1.4270639111595025	0.750459954377391	0.5094307598490312	0.75909339331648	1.008952557684273	0.790472422305333	1.896422173682537	0.9215673550180606	0.5523436790113185	0.4496769368437288	0.8025065346975496	1.571954875440135	1.7823891291826988	0.43684814502000097
0.294397032045083	0.5854749984764943	0.9900929343163967	0.8561885316800302	0.9597888670507068	0.6680449111595026	-12.649437246200984	0.484637261014491	0.31626526488273643	0.49083637148018217	0.6747801706194009	0.5134596079021821	1.3867073101651657	0.6094832482408381	0.34554570331607726	0.2760376826687927	0.5221736781036905	1.1171451972447035	1.2908919855798429	0.26748649025466803
0.6583490277739455	1.1676345261279364	1.7787198981178387	1.5854214956999533	1.735619910646525	1.299536954377391	1.792733261014491	-24.80030026023129	0.6996952204043004	1.0105372532299226	1.3101061531685279	1.048722475138213	2.314557730199669	1.206447941546275	0.7541091736232893	0.6231376801461874	1.0633205754331598	1.9557358800259914	2.1893412892074187	0.6065738143502502
0.9466344469843538	1.578444859193955	2.284879806529515	2.0659354823296567	2.2363694172850095	1.7347627598490312	2.300616264882737	1.3759502204043006	-33.119718495874736	1.38881730769038	1.7471842549468788	1.4352834734585032	2.875698937997898	1.6247005224289743	1.0695805804865208	0.9008300631336744	1.4529816981925712	2.4824345636020353	2.739449274812536	0.8791645616662057
0.6505753207849877	1.1560597211225037	1.7639771104821835	1.5715502729584216	1.7210622482132483	1.2871693933164798	1.777931371480182	0.9895362532299272	0.6915613076903798	-24.563787751779973	1.297677947571825	1.0379230944288358	2.297893192769708	1.1946327835811126	0.7455168623418671	0.615679191013552	1.0524227145652636	1.9402840151043526	2.1730685644754675	0.5992663866496766
0.4719112326827518	0.8808778896521458	1.4036267509412395	1.2350947143827073	1.3658183172318914	0.9911005576842649	1.4159471706194011	0.743177153168528	0.5040002549468787	0.7517499475718248	-18.891119451752765	0.7829115817870013	1.8834778423996417	0.9131470295963104	0.5465592152579728	0.4447588558745968	0.7948635596185869	1.560214413429037	1.7698397680815698	0.4320431968264147
0.6234060128489035	1.1153662136216158	1.711902653824561	1.5226171334655771	1.6696556933122164	1.2436374223053333	1.7256436079021826	0.9528104751382129	0.6631164734585032	0.9630120944288357	1.2539285817870012	-23.73111325482131	2.238863175869943	1.1530793493707319	0.7154469392693348	0.5896250463969007	1.0141481000341515	1.8856479156804302	2.1154600569473585	0.5737463091595193
0.18298374488957422	0.38397412471862263	0.685241268083055	0.5830918367402539	0.6619274322184733	0.44358317368253736	0.6928873101651658	0.3126417301996687	0.19752793799789822	0.3169781927697079	0.4484908423996419	0.3328591758699428	-8.242209644998663	0.4011985194468471	0.2171568381266094	0.1708522736598916	0.33899917160345033	0.7841772671897842	0.9224117326801048	0.16522707255743516
0.5256653244147582	0.9656612799930065	1.5168211232287683	1.3402189147882368	1.477281412277369	1.0827613550180608	1.5296962482408378	0.8185649415462746	0.5605625224289739	0.8277507835811123	1.0921930295963096	0.8611083493707318	2.015231519446847	-20.650266955668606	0.6067342788553863	0.4960775548989679	0.8738892953653525	1.680128852262099	1.8977181136907015	0.4822020566648155
0.8825999620583466	1.4899782467304608	2.178401460050046	1.9642138521265866	2.130889065317027	1.6415996790113183	2.1938207033160775	1.2942881736232894	0.9335045804865211	1.306696862341867	1.653667215257973	1.3515379392693347	2.7592518381266093	1.5347962788553866	-31.338388228621277	0.8389762817204134	1.3686294683836944	2.3721949576621437	2.6249766804115597	0.8183649838726251
1.0491105395057954	1.7172291302818783	2.4495668582925907	2.2238552018894806	2.3996411230170622	1.8803729368437287	2.4657526826687923	1.5047566801461876	1.1061940631336744	1.518299191013552	1.8933068558745967	1.5671560463969005	3.0543872736598914	1.765579554898968	1.1804162817204131	-35.905920594049086	1.5857452750261423	2.652433916080318	2.9153846738527514	0.976732309746367
0.613415848312796	1.1003073717141938	1.6925339044795644	1.5044421578458869	1.6505410357986634	1.2275075346975495	1.7061936781036904	0.93924457543316	0.6526506981925713	0.9493477145652639	1.2377165596185868	0.985984100034147	2.2168391716034503	1.1376962953653527	0.7043744683836943	0.5800502750261423	-23.42249906148811	1.8653032356266452	2.093980101663155	0.564370335023599
0.25303947405527377	0.5124426967869785	0.8821848358383637	0.7588399662791154	0.8541936147499094	0.5871358754401348	0.8913451972447034	0.42183988002599143	0.27228356360203476	0.4273890151043529	0.5932474134290371	0.44766391568043035	1.2521972671897839	0.5341158522620991	0.2981199576621436	0.23691891608031745	0.4554832356266457	-11.070091729808778	1.1622291080045306	0.22942194474693203
0.2046534072678619	0.424419687509432	0.7483279648268362	0.6391011657962676	0.7234470585414529	0.48896012918269854	0.7564819855798429	0.3468352892074188	0.22068827481253564	0.3515635644754671	0.4942627680815693	0.3688660569473585	1.0818217326801052	0.44309511369070154	0.24229168041155974	0.19125967385275114	0.37555010166315445	0.8536191080045303	-9.140287907015338	0.1850431444837955
1.0735000099559933	1.7497909523035313	2.487820017318369	2.2606331810520475	2.4375864708422954	1.9144461450200012	2.5041034902546677	1.5350948143502503	1.1314305616662055	1.5487883866496763	1.9274931968264144	1.5981793091595193	3.095664072557435	1.7986060566648152	1.206706983872625	1.0236343097463676	1.6169673350235991	2.691838944746932	2.9560701444837956	-36.55835438249454