-37.40780786142174	1.9135575356663064	4.955515561108868	3.8616353680760813	4.851575850134256	0.7129043131704745	0.02802293946427709	1.9695986320021397	1.188829837913857	2.09488568353444	3.9333628153676035	2.3798221794980208	1.146978501701169	2.2289406493854775	0.8003910725147598	1.4369139784404639	0.015647551874623123	0.08423026272390703	1.3247433846021153	2.480251744242893
0.4371775356663064	-21.78900801439293	3.5566480056822507	2.553391727554793	3.4588429045072493	0.28938708059284035	0.00817382843642773	1.0386299666338663	0.5424560914557321	1.12654561972255	2.6171058977464186	1.334131165709616	0.5185923688180372	1.2229204719768045	0.3327929777772839	0.6898837284688782	0.004454055689385227	0.026195495331408285	0.6219786445677284	1.4097004480553503
0.03619556110886738	0.11370800568225117	-3.2372604656341055	0.5339779781414442	0.9473622913735933	0.021449152338987035	0.0003949036669342617	0.12031795413657395	0.04810467465326862	0.1360117606071695	0.5587381088726417	0.17675737432802263	0.04530301259289841	0.15427387822395708	0.02553945935640916	0.0667515172860238	0.00020836481995328702	0.0013731128425497508	0.057875328116423104	0.19291802748613793
0.0887633680760818	0.2568997275547933	1.6804259781414443	-7.024667368902196	1.6080541629504155	0.054034110872302435	0.0011025486672330523	0.27045320515671417	0.11597325995920627	0.30225092154753747	1.0388704471315608	0.38256727031675863	0.1096300453848913	0.33862546266634286	0.06380115383069832	0.15740174591353615	0.0005865343582369136	0.003756992269048993	0.13784346295115166	0.4136269711542422
0.039445850134256416	0.12309290450724884	1.0545522913735932	0.5687961629504156	-3.513687125682528	0.02342610662782381	0.0004349471859985678	0.1301936594166022	0.05235201613829546	0.14703615722403232	0.5947845780620988	0.19066407953846212	0.04931800381537088	0.1666071956076904	0.027874525786968602	0.07251459078608727	0.00022965192595893408	0.0015098010729222694	0.06292325501233914	0.20793134851636308
1.3554343131704745	2.40829708059284	5.583299152338987	4.469436110872302	5.478086106627823	-45.6559758747655	0.04696744889455662	2.4702257786457293	1.5813485370316258	2.6078554595196235	4.543026644280786	2.9170942412235794	1.5317399357818193	2.75395561382799	1.1100637289835165	1.8706959505170027	0.02659663123116755	0.13605048696780148	1.7408161118297723	3.024986542428106
5.263562939464277	6.720093828436427	10.155254903666934	9.009514548667234	10.048104947185998	4.639977448894557	-120.99422839919177	6.795868837291571	5.612981499594063	6.961799477466081	9.086200775835739	7.323963970289119	5.538637625079671	7.134589263061899	4.845262208334419	6.025091522909858	0.6879648005734446	1.853707605842535	5.844271649000586	7.4473805475973505
0.41692863200213975	0.9623399666338653	3.486967954136574	2.4906552051567137	3.3896536594166022	0.2750257786457297	0.007658837291570231	-21.1159149502302	0.5184065312349587	1.085796613611031	2.5537792395900176	1.2888282998036253	0.49537850258036215	1.1799821164094524	0.3166284076566541	0.6609760020211746	0.00416914999509487	0.0246106392082432	0.5952458367900955	1.3628835780462925
0.8323098379138575	1.6623160914557324	4.610904674653268	3.532325259959206	4.507962016138296	0.5822985370316262	0.02092149959406314	1.714556531234959	-33.19418159715991	1.8317946235634863	3.6026537637418943	2.100543862628411	0.9626323690962617	1.9578845294721596	0.6577933571713915	1.2236604292728868	0.011603104029021328	0.06402178314222001	1.1220924621222652	2.1959068649389013
0.37526568353443995	0.8833056197225497	3.3357117606071696	2.355502921547537	3.2395461572240323	0.24570545951962366	0.0066394774660798765	0.918846613611031	0.4686946235634861	-19.68928021912359	2.4172696203293826	1.1929890079947496	0.4474417342260282	1.0893683332766138	0.28354453390035933	0.6008862149118379	0.0036063911493337177	0.021456046803457487	0.5398143053232244	1.2636857144126517
0.08373181536760371	0.2438548977464186	1.6284271088726416	0.9621114471315618	1.557283578062099	0.05086564428078683	0.0010297758357379228	0.2568182395900178	0.10954276374189438	0.28725862032938276	-6.7084357909980925	0.3643035260985261	0.10352142054135904	0.32212479879727474	0.06009882207991186	0.1489262336098816	0.0005474865024783448	0.0035143449231002807	0.130321524520222	0.3941537429671938
0.2962521794980209	0.726941165709616	3.0125073743280226	2.0718692703167583	2.9192240795384623	0.19099424122357977	0.004853970289118258	0.7579282998036251	0.3734938626284111	0.8290390079947494	2.130364526098526	-16.797796236924153	0.3558334748711645	0.9078941205229294	0.22149135369744555	0.48443053096138966	0.0026248465019198834	0.015867443748331194	0.43295234247485076	1.06323414671723
0.8661485017011692	1.7141423688180373	4.683793012592899	3.6016720453848907	4.5806180038153705	0.6083799357818197	0.022267625079671786	1.7672185025803622	1.0383223690962629	1.8862317342260282	3.672322420541359	2.1585734748711647	-34.066059668961564	2.0140855316305966	0.6863680714118828	1.2672191978542395	0.012366829884804965	0.06789213287901935	1.163370595270294	2.255067315541687
0.33561064938547813	0.8059704719768046	3.1802638782239576	2.2181674626663432	3.0854071956076905	0.21809561382799053	0.005719263061899371	0.8393221164094526	0.42107452947215956	0.9156583332766135	2.2784257987972745	1.0981341205229298	0.40158553163059657	-18.27204777492886	0.25228417224148647	0.5428732864266816	0.00309981265206766	0.01858655060891744	0.48648329866853784	1.1652856894719803
1.2303210725147606	2.2391029777772844	5.374789459356409	4.266603153830698	5.269934525786969	0.897463728983517	0.03965220833441883	2.299228407656655	1.444243357171392	2.43309453390036	4.339659822079913	2.734991353697446	1.3971280714118832	2.5755441722414867	-42.837758133754434	1.7204640032049616	0.02234396489248282	0.11635568164075281	1.5961896900471573	2.840647949225883
0.6621439784404638	1.3914937284688775	4.2113015172860235	3.1555037459135358	4.109874590786087	0.45339595051700277	0.01478152290985753	1.4388760020211742	0.8054104292728862	1.5457362149118374	3.223787233609881	1.7932305309613894	0.7732791978542394	1.6614332864266812	0.515764003204961	-28.60324481999141	0.008139139903672382	0.04609670146574463	0.911167120356662	1.881829925680433
5.957787551874623	7.4229740556893855	10.861668364819952	9.715598534358238	10.75449965192596	5.326206631231167	1.3945648005734441	7.498979149995095	6.310263104029021	7.665366391149335	9.792318486502479	8.028334846501918	6.235336829884805	7.838569812652067	5.534553964892482	6.725049139903673	-134.15049295931192	2.3932852554051665	6.543161729988527	8.15197465793457
3.926070262723907	5.344415495331407	8.762533112842549	7.618468992269048	8.655479801072921	3.3353604869678013	0.4600076058425342	5.419120639208243	4.262381783142219	5.582916046803457	7.694985344923099	5.94127744374833	4.190562132879019	5.753756550608916	3.528265681640752	4.662706701465745	0.2929852554051654	-95.98154735244518	4.486627094632431	6.063626920937637
0.7332333846021157	1.5068486445677287	4.385685328116423	3.319205462951152	4.283543255012339	0.506776111829773	0.017221649000585725	1.556405836790096	0.8871024621222654	1.667924305323225	3.388442524520222	1.925012342474851	0.8526905952702948	1.7883032986685383	0.5747496900471573	1.0944271203566622	0.009511729988526849	0.05327709463243195	-30.567040786391075	2.016679950116691
0.2727717442428935	0.67860044805535	2.904758027486138	1.979018971154242	2.8125813485163635	0.17497654242810642	0.00436054759735007	0.7080735780462926	0.3449468649389012	0.7758257144126515	2.0363047429671934	0.9393241467172287	0.32841731554168646	0.8511356894719805	0.20323794922588262	0.44911992568043324	0.0023546579345691	0.014306920937637314	0.4007099501166903	-15.880825085471592