-2.375083041826830055e+01 4.732828586638762935e+00 5.178648025114078735e-01 7.821339778169423829e-01 1.558405569483354292e+00 6.384178135236223683e-01 5.200747366393400073e-01 1.470464266781310148e+00 1.222197857929796960e+00 1.203840823177257713e+00 2.490923651300018360e+00 6.306166971278051037e-01 2.039453862581845078e-01 8.060523475570208207e-01 1.370308161100979305e+00 1.083323063486754334e+00 1.598782509904483229e+00 7.182864288683763476e-01 7.855260690197537476e-01 1.416837669143129030e+00
4.350858663876214227e-02 -1.061577008836109837e+00 1.638060011744433761e-02 2.974556130685403893e-02 9.203302901208065823e-02 2.204645155281931973e-02 1.647815876233292565e-02 8.298655280053569838e-02 6.037711430695398562e-02 5.886795966064222591e-02 2.284192874692154984e-01 2.165833955545302253e-02 4.842910448915094951e-03 3.113042047318839711e-02 7.335975866020233438e-02 4.948350085974688450e-02 9.637913600591059560e-02 2.619506735652744542e-02 2.994012708103984885e-02 7.774444676748526462e-02
1.715764802511407616e+00 5.903600600117444586e+00 -3.812105544223894071e+01 1.405947849158906582e+00 2.443288645469577691e+00 1.190060408779591183e+00 1.003569236404746157e+00 2.333618486416203730e+00 2.014892849547003095e+00 1.990724253396926047e+00 3.534224752397349345e+00 1.178029612949559102e+00 4.486170444517004197e-01 1.440908597967327509e+00 2.206759438164398457e+00 1.829696087664423931e+00 2.493142033668683588e+00 1.311323735200119911e+00 1.410921602546778120e+00 2.265965405426793922e+00
1.254993977816942330e+00 5.191925561306854675e+00 6.809078491589064530e-01 -2.893933470611544223e+01 1.884985975302872596e+00 8.279975983837712938e-01 6.836301007036580391e-01 1.787597954007940304e+00 1.509212186860381388e+00 1.488405125218615010e+00 2.888822333854407898e+00 8.185618918231105656e-01 2.816557398638301901e-01 1.028312253744182447e+00 1.675935847360220832e+00 1.350950942584069336e+00 1.929506819654329908e+00 9.239987369544211404e-01 1.004020373402560784e+00 1.727913438114365929e+00
5.941955694833538359e-01 3.817143029012080913e+00 2.811786454695771043e-01 4.479159753028721935e-01 -1.516396207309385247e+01 3.556848554365112380e-01 2.825196351701479425e-01 9.334215267747744127e-01 7.506839187450315976e-01 7.374932967006998519e-01 1.756353477317207146e+00 3.507820363324763990e-01 1.013838555355606741e-01 4.636057932921039404e-01 8.587498402278791465e-01 6.520528515106120970e-01 1.030876387015269291e+00 4.065017926381011559e-01 4.501353503889797825e-01 8.932842367406135242e-01
1.477597813523622294e+00 5.550546451552818894e+00 8.313404087795912556e-01 1.194317598383771495e+00 2.159074855436511342e+00 -3.339771351229934027e+01 8.344851329493234715e-01 2.055117956583557337e+00 1.755333147187044585e+00 1.732754800550042829e+00 3.210276105443953920e+00 9.892537717743521419e-01 3.580091741045146603e-01 1.226035852366877732e+00 1.935363046171964418e+00 1.582929139839259758e+00 2.206455717712331843e+00 1.108811393960630554e+00 1.198825975014629508e+00 1.991185170964546280e+00
1.710844736639339558e+00 5.896568158762333312e+00 9.964392364047448547e-01 1.401540100703658087e+00 2.437499635170147894e+00 1.186075132949323097e+00 -3.802384262436272877e+01 2.327935855812900190e+00 2.009565846510406040e+00 1.985427310480822660e+00 3.527708287204183613e+00 1.174069667521768778e+00 4.466513092951346353e-01 1.436437808612546885e+00 2.201209667071970966e+00 1.824611771490530554e+00 2.487307116891338321e+00 1.307093913192085122e+00 1.406504798671908141e+00 2.260352270977582290e+00
6.425042667813097852e-01 3.944346552800535477e+00 3.077584864162035139e-01 4.867779540079401612e-01 1.069671526774774062e+00 3.879779565835569377e-01 3.092058558128998880e-01 -1.621867006219498819e+01 8.079846012518794307e-01 7.940757782975553791e-01 1.852896101292977216e+00 3.827109948430756914e-01 1.122432287624930969e-01 5.035351438752913023e-01 9.216828104161944868e-01 7.038097933004533457e-01 1.101934465940843655e+00 4.424782697543356846e-01 4.891491548734883676e-01 9.579271204091800440e-01
8.065178579297966888e-01 4.334017114306954355e+00 4.013128495470032475e-01 6.206721868603813919e-01 1.299213918745032004e+00 5.004731471870446091e-01 4.031158465104065503e-01 1.220264601251879855e+00 -1.972445502511158111e+01 9.838775864990377817e-01 2.160201220529469612e+00 4.940083708263468543e-01 1.518325287444045602e-01 6.408702505959907869e-01 1.130923364006596987e+00 8.786360884086293899e-01 1.335613583731115384e+00 5.670205133296609690e-01 6.235334300637551674e-01 1.172350566038071085e+00
8.205808231772577788e-01 4.364927959660643175e+00 4.095642533969263699e-01 6.322851252186151294e-01 1.318443296700700484e+00 5.103148005500429685e-01 4.113973104808233971e-01 1.238775778297555918e+00 1.016297586499038674e+00 -2.002056501890771756e+01 2.185279184883441417e+00 5.037500946649862144e-01 1.554225876945054263e-01 6.527655878150591118e-01 1.148575518941342244e+00 8.935667740657260438e-01 1.355161793133679682e+00 5.778625665557605151e-01 6.351866273032236165e-01 1.190407349868390474e+00
2.703936513000178010e-01 2.697209287469215067e+00 1.157947523973491544e-01 1.954323338544075306e-01 5.000334773172071534e-01 1.505661054439536850e-01 1.164082872041835026e-01 4.603261012929771856e-01 3.553512205294691584e-01 3.480091848834407364e-01 -7.644194641082027175e+00 1.482363047449633264e-01 3.817649328539184789e-02 2.032549706169471948e-01 4.167073734132955010e-01 3.012510369572160562e-01 5.187038963790756574e-01 1.750461762285297485e-01 1.965355927604139075e-01 4.367583950039737317e-01
1.491366697127804786e+00 5.571728339555453324e+00 8.408796129495585969e-01 1.206451891823110190e+00 2.175742036332476204e+00 1.010823771774348012e+00 8.440496675217686873e-01 2.071420994843075736e+00 1.770438370826346475e+00 1.747760094664985608e+00 3.229516304744963318e+00 -3.367190114187361871e+01 3.629952751858849802e-01 1.238368541104791110e+00 1.951215153260077884e+00 1.597233191427334109e+00 2.223280911106549240e+00 1.120389755672667631e+00 1.210988720471361857e+00 2.007251811481062020e+00
2.836375386258183973e+00 7.326592910448914253e+00 1.883147044451699781e+00 2.441225739863829958e+00 3.698023855535560678e+00 2.151259174104514393e+00 1.888311309295134244e+00 3.572633228762492674e+00 3.199942528744403880e+00 3.171112587694504548e+00 4.891136493285391573e+00 2.134675275185884846e+00 -6.009669594081704957e+01 2.486947211222009901e+00 3.425867628903365603e+00 2.976664905081890300e+00 3.754601010862035793e+00 2.315824632015050177e+00 2.447749791274452136e+00 3.494605227827731753e+00
1.222812347557020951e+00 5.137210420473189210e+00 6.597685979673278966e-01 9.722122537441831858e-01 1.844575793292104304e+00 8.036158523668779363e-01 6.624278086125472420e-01 1.748255143875291795e+00 1.473310250595990967e+00 1.452785587815059065e+00 2.840544970616947662e+00 7.943785411047918910e-01 2.712772112220102616e-01 -2.829008338568539926e+01 1.637900750552896412e+00 1.317293801884291460e+00 1.888630228172262449e+00 8.976681778289914426e-01 9.761575529928379069e-01 1.689258095010779837e+00
7.032981611009790912e-01 4.095669758660202220e+00 3.418494381643982782e-01 5.360658473602208929e-01 1.155949840227879166e+00 4.291730461719643341e-01 3.434296670719708122e-01 1.082632810416194413e+00 8.795933640065966008e-01 8.648255189413421862e-01 1.970227373413295791e+00 4.234551532600780988e-01 1.264276289033656464e-01 5.541307505528958455e-01 -1.753045214359246629e+01 7.687664388038868424e-01 1.189842204048734198e+00 4.882208512008551216e-01 5.386231826176307580e-01 1.038271108669973852e+00
9.210630634867541522e-01 4.576543500859746594e+00 4.695360876644235071e-01 7.158309425840687634e-01 1.454002851510611816e+00 5.814891398392593169e-01 4.715817714905300440e-01 1.369509793300453193e+00 1.132056088408629035e+00 1.114566774065725463e+00 2.359521036957215934e+00 5.742231914273340232e-01 1.819749050818904312e-01 7.382738018842907035e-01 1.273516438803886652e+00 -2.211967760052873544e+01 1.492858333514325286e+00 6.560375892569509926e-01 7.190123704115903847e-01 1.318079919981053560e+00
5.734425099044828666e-01 3.760359136005910319e+00 2.699020336686833721e-01 4.313068196543296540e-01 9.697463870152672749e-01 3.419357177123315550e-01 2.711971168913380192e-01 9.045544659408435439e-01 7.259535837311148487e-01 7.130817931336792537e-01 1.713893896379075965e+00 3.371909111065495845e-01 9.683101086203591001e-02 4.465302281722617894e-01 8.315122040487343824e-01 6.297783335143254391e-01 -1.470711016414630379e+01 3.911511700411320902e-01 4.334598798543641829e-01 8.652829665098429324e-01
1.347206428868376271e+00 5.344435067356527291e+00 7.423437352001198697e-01 1.080058736954421006e+00 1.999631792638101535e+00 8.985513939606305511e-01 7.452439131920853832e-01 1.899358269754336082e+00 1.611620513329660831e+00 1.590042566555760484e+00 3.024496176228530508e+00 8.885597556726683166e-01 3.123146320150507194e-01 1.109828177828991569e+00 1.784150851200855259e+00 1.447217589256951875e+00 2.045411170041132376e+00 -3.079256991125772558e+01 1.084287787731111230e+00 1.837811353472418974e+00
1.250356069019753269e+00 5.184090127081039334e+00 6.778516025467777872e-01 9.959903734025475908e-01 1.879175350388979426e+00 8.244759750146286592e-01 6.805647986719074449e-01 1.781939154873487974e+00 1.504043430063754405e+00 1.483276627303222739e+00 2.881895592760413738e+00 8.150687204713619183e-01 2.801497912744522201e-01 1.024227552992839518e+00 1.670463182617630382e+00 1.346102370411590421e+00 1.923629879854363622e+00 9.201977877311102727e-01 -2.884585086001424159e+01 1.722352473534380923e+00
6.742376691431288815e-01 4.024464446767485271e+00 3.254654054267937524e-01 5.124534381143657225e-01 1.114894236740613609e+00 4.094051709645460391e-01 3.269822709775822567e-01 1.043287120409180257e+00 8.454305660380712073e-01 8.310673498683898153e-01 1.914688395003973920e+00 4.039018114810620785e-01 1.195752278277317643e-01 5.298980950107792243e-01 9.626811086699742503e-01 7.377399199810539265e-01 1.148022966509843146e+00 4.662913534724186793e-01 5.149224735343814752e-01 -1.690540902594137407e+01
