-32.999961344614015	1.6253044131662946	1.9838551092997991	1.2482369970555096	2.4604494254323974	2.7930010581462197	2.1419691699824117	2.5454959486080027	1.9443794736681772	1.6412016581066902	1.8887991208703794	1.8284639361960724	0.6698354930170262	1.1113491188866087	0.5295957306687878	3.325717857078485	1.0331636969412465	2.4717278493582997	1.572278466703478	0.1851368214281243
0.5602664131662947	-20.876519705339607	1.27475598304397	0.7282649407018087	1.6611678145234727	1.9430733860220073	1.4004459031541618	1.7323744514132242	1.2437903818748626	1.0118605230991187	1.2004820770897473	1.1538606150576887	0.35206354709883964	0.6344818323546793	0.26951834116313583	2.412055503987139	0.5821704661836244	1.6705741774798535	0.9606656567213554	0.08464769120462105
0.41194310929979877	0.7678819830439695	-16.239399438425398	0.5453826522026987	1.336595399425507	1.588476651301652	1.1082786244589482	1.399754567505369	0.973516501524829	0.7777622340761392	0.9366093350262996	0.8970553921296617	0.25178638264297115	0.4704671015936657	0.19017218681121323	2.01721697217106	0.4291431965572129	1.3449198739759	0.7352110417759882	0.057226232902513545
0.7870819970555094	1.3321479407018086	1.6561396522026985	-27.362462616840332	2.0967369693432216	2.409641990993125	1.8011658896820193	2.1763728916590046	1.6201256170995182	1.346356316658951	1.56955643041546	1.5148479587911248	0.5124672486517587	0.8819667651462123	0.39932406932272835	2.9182586637397305	0.8152316155829716	2.1072817139898143	1.2848682180586182	0.13289066774605723
0.27724242543239663	0.5429988145234724	0.7253003994255071	0.37468496934322143	-11.612845778842692	1.2124616471117124	0.812417432939645	1.0527578776790327	0.7041856852649665	0.550626302081237	0.6748911337099887	0.6436682160784073	0.1643982613325533	0.3196266680339384	0.12238909360314787	1.5855453088941371	0.2896397113188154	1.0069329482454616	0.5178657308100756	0.035213153014974644
0.21127105814621952	0.426381386022007	0.5786586513016518	0.28906699099312555	0.8139386471117126	-9.136524603582082	0.6525683268422292	0.8598317849457718	0.5608511805587846	0.43268292473201164	0.5362162227614149	0.5100527032170665	0.12307113007787182	0.2449405026992395	0.0908609050237321	1.3339391832629786	0.22109110012865185	0.8199573260224575	0.4056633316502519	0.025481248084903617
0.36079316998241184	0.6843079031541613	0.8990146244589488	0.48114488968201935	1.2144484329396452	1.453122326842229	-14.538786629441194	1.274102271383572	0.874391142803342	0.6933933520714	0.8401281225899524	0.8034769667827774	0.21815958164468321	0.41342419980590966	0.16392492502829162	1.8635774581955522	0.3762353432422984	1.2223031041655916	0.6543016091893749	0.048537205479033924
0.258565948608003	0.510482451413224	0.6847365675053693	0.3505978916590046	0.9490348776790314	1.1546317849457717	0.768348271383572	-10.928759508955633	0.6645028916711683	0.5177521786021448	0.6364518847463347	0.6065822038524562	0.15259254174203826	0.2985432787867433	0.11334461130973636	1.5176851168084593	0.27025025957938675	0.95572874536791	0.48654221845050816	0.032385784844768103
0.4259104736681772	0.7903593818748624	1.0269595015248303	0.5628116170995188	1.3689236852649662	1.6241121805587846	1.1370981428033424	1.4329638916711687	-16.693596955179096	0.8004455293506201	0.9624150108788554	0.92211538295483	0.2610576203803591	0.48599772008547837	0.19744245900679125	2.05737509161608	0.44357769976802836	1.377366378068084	0.7569972378768232	0.05966795072749624
0.5525356581066903	0.9882325230991135	1.2610082340761395	0.7188453166589511	1.645167302081237	1.9257469247320116	1.3859033520714001	1.7160161786021453	1.2302485293506202	-20.643943732269395	1.1872351974550444	1.1409406765668577	0.34674126897959373	0.625979932876384	0.2652694183011724	2.3929903980760896	0.5742077709385499	1.654525468176674	0.9492120467752319	0.08313753534548982
0.4464661208703794	0.8231870770897469	1.0661883350263002	0.5883784304154602	1.4157651337099886	1.6756132227614149	1.1789711225899524	1.4810488847463348	1.0385510108788563	0.8335681974550441	-17.354728645171033	0.9586365320247586	0.2747692936773533	0.5088197880641705	0.2082204896027651	2.1152100968716465	0.4648112036659053	1.4243747802034732	0.7888340423585456	0.06331488315893652
0.47003093619607245	0.8604656150576883	1.1105343921296622	0.617569958791125	1.4684422160784072	1.7333497032170664	1.2262199667827776	1.5350792038524566	1.0821513829548308	0.8711736765668581	1.0425365320247582	-18.102496288239195	0.29058492903262284	0.5349341578758644	0.22068949406908742	2.1797739226430006	0.489139391569771	1.4772336689440826	0.8250133999857099	0.0675737404673539
1.4240954930170262	2.1713615470988397	2.5779583826429713	1.727882248651759	3.1018652613325535	3.4590611300778713	2.753595581644683	3.1937825417420385	2.5337866203803587	2.1896672689795933	2.471362293677353	2.4032779290326234	-43.40018065517374	1.561719710552578	0.8106727815793483	4.020834730357587	1.4653328969114536	3.1140790707755572	2.110093800120654	0.30975136659889263
0.8963491188866084	1.484519832354679	1.8273791015936656	1.128121765146212	2.2878336680339384	2.611670502699239	1.9796001998059094	2.3704732787867435	1.789466720085478	1.4996459328763838	1.73615278806417	1.678367157875864	0.5924597105525776	-30.29997183162459	0.46520996019322963	3.1337963820086387	0.9271640896186252	2.298785413220177	1.4341209092311145	0.1588553005913324
1.6899157306687875	2.494876341163135	2.9224041868112134	2.0207990693227282	3.465916093603148	3.8329109050237324	3.1054209250282914	3.5605946113097358	2.876231459006791	2.514255418301172	2.8108734896027645	2.739442494069087	1.2167327815793483	1.8405299601932295	-49.542571824996266	4.405846887891415	1.7351781102975274	3.4785071290227947	2.4299163844593217	0.4022198476420435
0.13711785707848484	0.2884935039871393	0.40052897217106004	0.1908136637397305	0.580152308894137	0.7270691832629786	0.4561534581955523	0.6160151168084593	0.38724409161608014	0.2930563980760895	0.36894309687164656	0.34960692264300064	0.0779747303575867	0.1601963820086391	0.05692688789141541	-6.107925256882442	0.14382251767563864	0.5848410278042205	0.27353905667480766	0.01543008112577511
0.9675536969412459	1.5815984661836242	1.9354451965572133	1.210776615582972	2.407236711318815	2.737211100128652	2.0918013432422984	2.491570259579387	1.8964366997680284	1.5972637709385498	1.8415342036659057	1.7819623915697709	0.6454628969114539	1.076554089618625	0.5092481102975278	3.2668125176756386	-32.16298568092974	2.418418315146173	1.5293632456798256	0.17673605012402638
0.27468684935829957	0.5385711774798535	0.7197908739759004	0.37139571398981425	0.9930989482454576	1.2046463260224574	0.8064381041655919	1.0456177453679096	0.6987943780680838	0.5461504681766739	0.6696667802034731	0.6386256689440822	0.1627780707755576	0.31674441322017693	0.12114612902279479	1.5764000278042205	0.2869873151461731	-11.519960809387419	0.5135988611890219	0.03482295823187679
0.5869684667034777	1.0403936567213545	1.3218130417759881	0.7607132180586179	1.7157627308100756	2.002083331650252	1.450167609189375	1.788162218450508	1.290156237876823	1.0525680467752314	1.2458570423585456	1.1981363999857098	0.3705238001206545	0.6638109092311145	0.28428638445932186	2.476829056674808	0.6096632456798253	1.7253298611890218	-21.673157129298083	0.08993187158737687
2.9554468214281244	3.919995691204621	4.399448232902514	3.3643556677460573	4.988730153014974	5.377521248084904	4.600023205479034	5.089625784844768	4.348446950727496	3.94211353534549	4.275957883158936	4.196316740467354	2.325801366598893	3.1441653005913333	2.012209847642044	5.974340081125775	3.012656050124027	5.002173958231878	3.8455518715873773	-76.7748803903056