-2.180639093830461306e+01 1.047929609897321201e+00 1.042133108999246938e+00 1.140678076938800967e+00 1.636839633711838049e+00 1.012156363374554502e+00 9.708307510069694723e-01 1.150691546874998972e+00 1.291324377639055943e+00 9.850111452422969371e-01 1.463511782638812209e+00 1.004273069088971404e+00 1.138244596467229419e+00 1.072855201241776690e+00 1.447900333258094197e+00 9.800647580049866026e-01 9.313892372928995744e-01 9.388357663979615131e-01 1.238273913272136317e+00 1.313447666956662596e+00
9.535546098973209928e-01 -2.079967420967989256e+01 9.943805656110082936e-01 1.090003160006266514e+00 1.573933240576802062e+00 9.653301684841197883e-01 9.253114366222775500e-01 1.099729873183625584e+00 1.236522668479627551e+00 9.390394368902533762e-01 1.404450909259871594e+00 9.576934810402483178e-01 1.087639644873270806e+00 1.024171672785481713e+00 1.389206842750501547e+00 9.342503801657194851e-01 8.871503973412510069e-01 8.943526447973840776e-01 1.184880623927934584e+00 1.258072452986927825e+00
9.590181089992463326e-01 1.005640565611007453e+00 -2.091825012722229360e+01 1.095971605360458012e+00 1.581368371890537583e+00 9.708390841188552223e-01 9.306645258101179374e-01 1.105732594175443451e+00 1.242984886299301373e+00 9.444464552807821933e-01 1.411423879492101241e+00 9.631729841642935330e-01 1.093599728157129469e+00 1.029902233619332641e+00 1.396135710866507562e+00 9.396386419600788464e-01 8.923509130384787991e-01 8.995822596203049137e-01 1.191174202034592344e+00 1.264603376723726136e+00
8.713930769388011921e-01 9.150931600062663929e-01 9.098016053604580655e-01 -1.901134083764017291e+01 1.460926434184453893e+00 8.824649393392834940e-01 8.448593055419232334e-01 1.009192998918210016e+00 1.138813201234257555e+00 8.577525900318262453e-01 1.298729751227451379e+00 8.752840135047078585e-01 9.977666650744251298e-01 9.378676646033600184e-01 1.284179113880739020e+00 8.532538983203005190e-01 8.090573841300445768e-01 8.158099709278101574e-01 1.089807396250643157e+00 1.159287668165213558e+00
5.546446337118380310e-01 5.861132405768023634e-01 5.822883718905377259e-01 6.480164341844537601e-01 -1.201017724228106509e+01 5.625918070230652157e-01 5.356711488242839048e-01 6.547776797467809162e-01 7.512901344212709054e-01 5.448780005391008485e-01 8.732540614074361107e-01 5.574354707435619227e-01 6.463755788461048590e-01 6.026199743585624047e-01 8.620301561427125003e-01 5.416628246495062138e-01 5.102334381480283509e-01 5.150167452930916046e-01 7.145462513878956257e-01 7.667312903860319384e-01
9.879413633745580681e-01 1.035490168484118900e+00 1.029739084118855175e+00 1.127534939339283060e+00 1.620571807023065025e+00 -2.154529718514974945e+01 9.590098444615994255e-01 1.137474955575442204e+00 1.277125058178871342e+00 9.730740937485650166e-01 1.448224465202132549e+00 9.921799910627724373e-01 1.125119382152572012e+00 1.060222424251403561e+00 1.432706780114734624e+00 9.681680959571505873e-01 9.198971992922512220e-01 9.272809742132247512e-01 1.224434834691155549e+00 1.299101723907996053e+00
1.029747751006968137e+00 1.078603436622277867e+00 1.072696525810118429e+00 1.173061305541923227e+00 1.676783148824283698e+00 1.042141844461600408e+00 -2.244967051650717238e+01 1.183253064525252585e+00 1.326268599605884058e+00 1.014463061458094950e+00 1.501088265064323801e+00 1.034104607704307233e+00 1.170584317028228183e+00 1.103998921095574071e+00 1.485250202504348360e+00 1.009418384267643409e+00 9.597577368525026520e-01 9.673571056417642477e-01 1.272345265020711214e+00 1.348746973471366406e+00
8.630765468749987956e-01 9.064898731836253942e-01 9.012325941754436576e-01 9.908629989182163866e-01 1.449357679746780647e+00 8.740749555754423472e-01 8.367210645252521894e-01 -1.882976406521309087e+01 1.128865718575699395e+00 8.495273142212713680e-01 1.287935243341229219e+00 8.669416072783535654e-01 9.886433196246839916e-01 9.291182381288309866e-01 1.273458097914202947e+00 8.450589039909516265e-01 8.011648643738508158e-01 8.078706451226119745e-01 1.080137637160278885e+00 1.149226762481367903e+00
7.561793776390560717e-01 7.957526684796275562e-01 7.909548862993013296e-01 8.729532012342574587e-01 1.298340134421270831e+00 7.661950581788711245e-01 7.322065996058839676e-01 8.813357185756990342e-01 -1.648598457866628664e+01 7.438501526661402963e-01 1.147536203667359977e+00 7.596983154333271093e-01 8.709174546805170669e-01 8.164203618069846291e-01 1.134063163761634296e+00 7.397863719579438335e-01 6.999282487935321040e-01 7.060101898806935283e-01 9.550348486294091277e-01 1.018821622954779516e+00
1.015140145242298786e+00 1.063543436890253657e+00 1.057690455280782649e+00 1.157166590031826203e+00 1.657202000539100606e+00 1.027418093748566852e+00 9.856750614580960246e-01 1.167271314221271394e+00 1.309124152666140128e+00 -2.213393295479711043e+01 1.482660348734097688e+00 1.019456065860709915e+00 1.154710841426102919e+00 1.088709424733782516e+00 1.466932739122817519e+00 9.950033499943963244e-01 9.458241427001484736e-01 9.533488078477636574e-01 1.255626655980105699e+00 1.331429328318852967e+00
6.465167826388120709e-01 6.818309092598718868e-01 6.775438794921010421e-01 7.510197512274513487e-01 1.138454061407435880e+00 6.554444652021325091e-01 6.251762650643237773e-01 7.585552433412292572e-01 8.656862036673603766e-01 6.355363487340977002e-01 -1.406068365640034479e+01 6.496526773429706081e-01 7.491903739488751102e-01 7.003158482123545969e-01 9.876859638888682014e-01 6.319194446451251723e-01 5.965059542492402445e-01 6.019023833387080469e-01 8.249928094674134904e-01 8.827542912719729129e-01
9.957390690889696971e-01 1.043534481040249151e+00 1.037753984164294208e+00 1.136035013504707925e+00 1.631096470743562010e+00 1.007860991062776712e+00 9.666536077043063058e-01 1.146022607278353700e+00 1.286309315433326939e+00 9.807930658607069141e-01 1.458113677342970593e+00 -2.171415535287893661e+01 1.133607847134287860e+00 1.068391947341218007e+00 1.442535232319780647e+00 9.758609139494524021e-01 9.273280159753642948e-01 9.347524238833754273e-01 1.233385714550193191e+00 1.308380974501042404e+00
8.734295964672295076e-01 9.171996448732712137e-01 9.118997281571296076e-01 1.002236665074448752e+00 1.463755578846104966e+00 8.845193821525723088e-01 8.468523170282280521e-01 1.011443319624679482e+00 1.141247454680517137e+00 8.597668414261030456e-01 1.301370373948875114e+00 8.773268471342877683e-01 -1.905578852250236110e+01 9.400098000886591976e-01 1.286801836237629004e+00 8.552607600010672106e-01 8.109904224910344794e-01 8.177544340826855551e-01 1.092173956574603588e+00 1.161749563613235336e+00
9.305202012417764790e-01 9.762116727854813769e-01 9.706822336193335898e-01 1.064817664603360692e+00 1.542479974358562433e+00 9.421024242514041136e-01 9.027469210955739731e-01 1.074398238128832173e+00 1.209230361806984400e+00 9.162454247337827873e-01 1.374975848212354634e+00 9.345909473412175039e-01 1.062489800088660008e+00 -2.029929164730431168e+01 1.359920398199806257e+00 9.115361914506839858e-01 8.652349492394365571e-01 8.723134293782522919e-01 1.158308234615948340e+00 1.230486732152860530e+00
6.556353332580940885e-01 6.913168427505015368e-01 6.869857108665073930e-01 7.611991138807389090e-01 1.151960156142712188e+00 6.646567801147347243e-01 6.340682025043484771e-01 7.688080979142027926e-01 8.769431637616345032e-01 6.445387391228171170e-01 1.012415963888865456e+00 6.588042323197806915e-01 7.593518362376289188e-01 7.099903981998061386e-01 -1.426323046538755435e+01 6.408833686350607906e-01 6.050878180655770988e-01 6.105431112069408250e-01 8.358771222283066793e-01 8.941644742892942421e-01
1.020203758004986971e+00 1.068764380165720285e+00 1.062892641960079265e+00 1.162677898320300329e+00 1.663996824649506268e+00 1.032522095957150832e+00 9.906403842676407834e-01 1.172812903990951394e+00 1.315070371957943740e+00 1.005013349994389849e+00 1.489053444645125346e+00 1.024533913949454922e+00 1.160214760001067047e+00 1.094010191450683456e+00 1.473287368635060712e+00 -2.224341222834451415e+01 9.506534039320232443e-01 9.582040402335787466e-01 1.261424658059935755e+00 1.337435838168915314e+00
1.071900237292899627e+00 1.122036397341251046e+00 1.115976913038479346e+00 1.218853384130044848e+00 1.732939438148028310e+00 1.084623199292251483e+00 1.041351736852503596e+00 1.229290864373851155e+00 1.375584248793531916e+00 1.056206142700148565e+00 1.554011954249240102e+00 1.076373015975364611e+00 1.216316422491034333e+00 1.148080949239436599e+00 1.537863818065577037e+00 1.051025403932022373e+00 -2.335925692769842499e+01 1.007811233145125440e+00 1.320461425463762772e+00 1.398550143173870719e+00
1.063764766397960360e+00 1.113656644797384132e+00 1.107626259620305476e+00 1.210023970927810444e+00 1.722140745293091468e+00 1.076424974213223917e+00 1.033369105641763763e+00 1.220414645122612107e+00 1.366084189880693689e+00 1.048148807847764541e+00 1.543826383338707808e+00 1.068215423883376314e+00 1.207498434082685757e+00 1.139577429378251905e+00 1.527737111206941112e+00 1.042994040233578890e+00 9.922292331451206815e-01 -2.318387908688586663e+01 1.311189536369931519e+00 1.388957385504665965e+00
7.944489132721362923e-01 8.354306239279346569e-01 8.304642020345922582e-01 9.152673962506432392e-01 1.352916251387895397e+00 8.048248346911553996e-01 7.696032650207113024e-01 9.239276371602792581e-01 1.046354848629408529e+00 7.816726559801054908e-01 1.198162809467413492e+00 7.980947145501933182e-01 9.131639565746040299e-01 8.568182346159484153e-01 1.184317122228306651e+00 7.774606580599358052e-01 7.361254254637628058e-01 7.424355363699315369e-01 -1.732723465550520814e+01 1.065745569820250038e+00
7.408926669566625600e-01 7.798924529869278865e-01 7.751633767237263717e-01 8.560176681652135189e-01 1.276371290386032031e+00 7.507617239079958926e-01 7.172749734713663727e-01 8.642867624813680427e-01 9.814116229547820147e-01 7.287453283188530806e-01 1.127194291271972793e+00 7.443599745010421875e-01 8.540095636132354340e-01 8.002667321528604827e-01 1.113874474289293870e+00 7.247418381689151312e-01 6.854841431738704083e-01 6.914733855046657496e-01 9.370155698202495831e-01 -1.614923783884903230e+01
