-2.460738682411447087e+01 1.191679821605753808e+00 1.885936916543720754e+00 1.431582932659233531e+00 1.446439423090490672e+00 8.503258652270110352e-01 9.736245461668920909e-01 1.237859897146180943e+00 1.285735341069016657e+00 1.327788281577374274e+00 1.321956841327539101e+00 1.423798161718521804e+00 4.904309616624846768e-01 1.445533856555695884e+00 1.474818997817845645e+00 1.276121846935646120e+00 1.597494457061876760e+00 1.317236045192153426e+00 1.214438233333888340e+00 1.414584397423147566e+00
8.300668216057534021e-01 -2.064015093156443470e+01 1.633187494921792826e+00 1.215927371100868903e+00 1.229407335706645954e+00 6.991830700854684277e-01 8.068817786716635521e-01 1.041298323771021828e+00 1.084250875471554743e+00 1.122092462122264989e+00 1.116838809572469726e+00 1.208868710008043745e+00 3.921867714818310646e-01 1.228585330757306915e+00 1.255190584508636631e+00 1.075614821148217048e+00 1.367128506329776227e+00 1.112587209164816349e+00 1.020336009633550756e+00 1.200518645502755000e+00
4.475539165437207312e-01 5.564174949217924881e-01 -1.131354905315350123e+01 7.013011235086713535e-01 7.105764150568782966e-01 3.670445307220466802e-01 4.330742151675666118e-01 5.835770381316218725e-01 6.121057834397118924e-01 6.374736569178299783e-01 6.339388040942444125e-01 6.964547140248350532e-01 1.908942001904337660e-01 7.100100574418257704e-01 7.283903240235182208e-01 6.063469816416187097e-01 8.068196796722861830e-01 6.310812170490197603e-01 5.697578968475053296e-01 6.907310037583728191e-01
6.653299326592335694e-01 8.112873711008689037e-01 1.373431123508671359e+00 -1.670158233972153283e+01 1.011891767570892053e+00 5.546390850709376208e-01 6.456072488674922116e-01 8.471120522486043081e-01 8.845101826413571677e-01 9.175722771725289828e-01 9.129758911324677984e-01 9.937779583747455847e-01 3.019591161566320681e-01 1.011166254867937431e+00 1.034671675450027584e+00 8.769797435618277293e-01 1.134079446609751463e+00 9.092576684395341502e-01 8.289115285238843889e-01 9.864220157641406805e-01
6.564964230904903886e-01 8.010773357066456324e-01 1.359016415056878202e+00 9.882017675708872906e-01 -1.648739862432439907e+01 5.469485032932211999e-01 6.369707779406146297e-01 8.365847900784684210e-01 8.736598809461354476e-01 9.064430906770204466e-01 9.018851065820605584e-01 9.820289597588602870e-01 2.972669656691774298e-01 9.992801727999409689e-01 1.022602770778817893e+00 8.661938342977280048e-01 1.121267843758955385e+00 8.981980356290122369e-01 8.185444649879295431e-01 9.747314857015548784e-01
1.166284865227011025e+00 1.376755070085468269e+00 2.121386530722046526e+00 1.636851085070937906e+00 1.652850503293221252e+00 -2.841267370365883238e+01 1.137113909709567272e+00 1.427090748589024072e+00 1.479133891478063845e+00 1.524733957879675250e+00 1.518416850539324070e+00 1.628462711794008477e+00 5.913470219006602413e-01 1.651875606192604540e+00 1.683380983295720057e+00 1.468694727340923878e+00 1.814885085607018000e+00 1.513301434261194345e+00 1.401578394270685424e+00 1.618530326401677932e+00
1.026847546166890446e+00 1.221717778671663757e+00 1.924680215167566599e+00 1.465083248867492305e+00 1.480136777940614490e+00 8.743779097095674135e-01 -2.522653098611307243e+01 1.268607500680774436e+00 1.317196152280071031e+00 1.359857289871928554e+00 1.353942511498206214e+00 1.457194464682392665e+00 5.064114471138392304e-01 1.479219255644384390e+00 1.508887479326265213e+00 1.307441243967243816e+00 1.633090612922318607e+00 1.349154015592980871e+00 1.244828626982655173e+00 1.447856909026217664e+00
7.947568971461810294e-01 9.598083237710222093e-01 1.578857038131621815e+00 1.170262052248604245e+00 1.183424790078468458e+00 6.680287485890240573e-01 7.722815006807743909e-01 -1.980431486898407911e+01 1.041832535651478153e+00 1.078712750182847735e+00 1.073591173029468715e+00 1.163370595270294405e+00 3.724205407158912018e-01 1.182622051585048295e+00 1.208608814301408874e+00 1.033419184481161768e+00 1.318056094094526731e+00 1.069446783609602436e+00 9.795956950492524795e-01 1.155219300367402502e+00
7.601023410690164184e-01 9.202308754715553540e-01 1.524855783439711843e+00 1.125130182641357557e+00 1.137969880946135159e+00 6.375418914780638380e-01 7.383401522800708827e-01 9.593025356514772728e-01 -1.897974457364422562e+01 1.035904693178171021e+00 1.030917202513556452e+00 1.118408943401239419e+00 3.532445868267794498e-01 1.137186765497707031e+00 1.162543360013547300e+00 9.918124679323765402e-01 1.269448147063999777e+00 1.026881640808256169e+00 9.394631677949150106e-01 1.110459955636290630e+00
7.311852815773742797e-01 8.871024621222652895e-01 1.479253656917830062e+00 1.087222277172528617e+00 1.099783090677020514e+00 6.121719578796754879e-01 7.100312898719285393e-01 9.252127501828487643e-01 9.649346931781696002e-01 -1.828832793471846685e+01 9.951279381207289720e-01 1.080647948803460823e+00 3.374151359443882670e-01 1.099016918975563861e+00 1.123829200983403664e+00 9.569413366842344226e-01 1.228533966715675607e+00 9.911860483976296932e-01 9.058584494428861822e-01 1.072873531070858588e+00
7.351138413275388750e-01 8.916088095724692408e-01 1.485478804094244598e+00 1.092385891132468201e+00 1.104985106582060395e+00 6.156148505393240766e-01 7.138765114982060789e-01 9.298511730294685140e-01 9.697072025135560214e-01 1.004887938120732960e+00 -1.838244565435643452e+01 1.085791335627599885e+00 3.395564189691097079e-01 1.104216601598124958e+00 1.129103849817876259e+00 9.616871509743188939e-01 1.234111832713294055e+00 9.960452271945441360e-01 9.104302244880547734e-01 1.077992884563440557e+00
6.700151617185217123e-01 8.166987100080436157e-01 1.381054714024835040e+00 1.006247958374746565e+00 1.018188959758857148e+00 5.587207117940088397e-01 6.501884646823924419e-01 8.526905952702942271e-01 8.902589434012401215e-01 9.234679488034615025e-01 9.188513356275999078e-01 -1.681505081433553173e+01 3.044539756452638302e-01 1.017460454515088042e+00 1.041062095208622917e+00 8.826945783459568817e-01 1.140860585054365384e+00 9.151167041154275594e-01 8.344056400452868338e-01 9.926132779415182128e-01
1.778892961662484673e+00 2.042261771481831190e+00 2.917739200190433646e+00 2.356674116156631804e+00 2.375671965669177599e+00 1.563850021900660359e+00 1.741650447113839206e+00 2.103985540715890945e+00 2.167339586826779740e+00 2.222480135944388202e+00 2.214861418969109597e+00 2.346698975645263641e+00 -4.195553813094524287e+01 2.374515410593900810e+00 2.411823564452438617e+00 2.154668323739425073e+00 2.566105214829740966e+00 2.208687316674055268e+00 2.072757622472749972e+00 2.334874535906433124e+00
6.570308565556958191e-01 8.016953307573068122e-01 1.359890057441825784e+00 9.889162548679428788e-01 1.000720172800012353e+00 5.474136061926050401e-01 6.374932556443840825e-01 8.372220515850483658e-01 8.743167654977072045e-01 9.071169189755630136e-01 9.025566015981246748e-01 9.827404545150881798e-01 2.975504105939008048e-01 -1.650036626129815076e+01 1.023333711620634467e+00 8.668468070431645245e-01 1.122043944418888106e+00 8.988676379185025489e-01 8.191719965550100513e-01 9.754394267167483257e-01
6.400059978178456177e-01 7.819905845086366769e-01 1.331960324023518272e+00 9.661116754500287396e-01 9.777327707788175948e-01 5.326089832957202619e-01 6.208514793262651654e-01 8.168988143014088710e-01 8.533633600135475117e-01 8.856192009834036316e-01 8.811338498178767908e-01 9.600320952086247583e-01 2.885485644524387050e-01 9.770237116206329508e-01 -1.608666970544210528e+01 8.460190425532041480e-01 1.097257093614573353e+00 8.775056952910049723e-01 7.991611374059346407e-01 9.528453249786219548e-01
7.669088469356460935e-01 9.280148211482176501e-01 1.535516981641618539e+00 1.134019743561827553e+00 1.146923834297727707e+00 6.435227273409239723e-01 7.450052439672436577e-01 9.673091844811629869e-01 1.008232467932369980e+00 1.044331336684234612e+00 1.039317150974318427e+00 1.127264578345956725e+00 3.569933237394249947e-01 1.146136807043164341e+00 1.171619042553203816e+00 -1.914203989028846564e+01 1.279031132955351868e+00 1.035259924214091187e+00 9.473574699635235463e-01 1.119275272508455821e+00
5.740914570618765866e-01 7.053385063297762381e-01 1.221799679672286087e+00 8.769294466097512508e-01 8.878078437589553840e-01 4.755230856070181700e-01 5.564646129223184134e-01 7.377560940945264711e-01 7.716781470639999529e-01 8.017339667156756500e-01 7.975518327132937735e-01 8.712405850543656349e-01 2.542402148297407960e-01 8.871439444188879975e-01 9.086670936145739841e-01 7.648411329553517213e-01 -1.447277179586874851e+01 7.941695833171553698e-01 7.212769396895362117e-01 8.645176294396598182e-01
7.383130451921533499e-01 8.952772091648165675e-01 1.490541217049019540e+00 1.096587668439533925e+00 1.109218035629012222e+00 6.184194342611947226e-01 7.170080155929807741e-01 9.336267836096027173e-01 9.735916408082574414e-01 1.008866048397626614e+00 1.003965227194541177e+00 1.089976704115428019e+00 3.413023166740553060e-01 1.108447637918502204e+00 1.133395695291005145e+00 9.655499242140910265e-01 1.238649583317155134e+00 -1.845904667919428377e+01 9.141517362553511772e-01 1.082158756069953931e+00
8.124252333338882748e-01 9.799360096335492099e-01 1.606127896847505454e+00 1.193151528523884286e+00 1.206474464987929762e+00 6.836063942706853691e-01 7.895926269826551991e-01 1.020685695049251329e+00 1.063083167794914852e+00 1.100448449442886334e+00 1.095260224488055378e+00 1.186175640045286528e+00 3.822826224727499111e-01 1.205661996555009940e+00 1.231961137405934492e+00 1.054557469963524285e+00 1.342666939689536321e+00 1.091061736255351633e+00 -2.022308321353925109e+01 1.177923979796654086e+00
6.756113974231474639e-01 8.231586455027551930e-01 1.390141003758373017e+00 1.013702015764136322e+00 1.025701485701557170e+00 5.635983264016779515e-01 6.556609090262175421e-01 8.593493003674022024e-01 8.971199556362907668e-01 9.305035310708575924e-01 9.258628845634403470e-01 1.007423277941515316e+00 3.074395359064329147e-01 1.024969426716749510e+00 1.048685324978622990e+00 8.895152725084559675e-01 1.148947629439659668e+00 9.221087560699543495e-01 8.409639797966540486e-01 -1.695046265857390111e+01
