-2.579580362500058754e+01 8.692380667147329154e-01 1.041209990705025401e+00 1.449651768827838083e+00 1.503012800787820735e+00 7.060305512631728231e-01 1.212759989230666191e+00 1.799881850978339859e+00 1.868457908788884181e+00 2.192998907116972873e+00 1.438171878648825786e+00 1.116770014134403688e+00 1.042338148131882969e+00 1.668813700738452921e+00 1.485547133008643605e+00 7.271508030402038525e-01 1.225282472322611005e+00 1.605165899009583841e+00 1.427337292079160047e+00 1.415984449473369100e+00
1.143261066714732932e+00 -2.914026407880140823e+01 1.188170691590668016e+00 1.628011324576415175e+00 1.684856775219945257e+00 8.193860452263470595e-01 1.374006765326851953e+00 1.998961404054361735e+00 2.071049989487649068e+00 2.410179231257209231e+00 1.615765022056216749e+00 1.270237289092430055e+00 1.189398598277152219e+00 1.860709629114358332e+00 1.666264591000699014e+00 8.428824866250886894e-01 1.387506014713712599e+00 1.793336492384203451e+00 1.604201547937178729e+00 1.592079114146188967e+00
9.598919907050252887e-01 8.328296915906682196e-01 -2.484793381543519786e+01 1.398959160177707606e+00 1.451253169158504663e+00 6.747146595241039213e-01 1.167264680876120897e+00 1.742798951954094955e+00 1.810280648293888461e+00 2.130240301560040184e+00 1.387713562277389290e+00 1.073614226558377016e+00 1.001098401867986043e+00 1.613958780414144423e+00 1.434132801329272011e+00 6.951438063826371749e-01 1.179492409209742521e+00 1.551461111786248681e+00 1.377101662167896867e+00 1.365983799601348636e+00
6.546047688278380239e-01 5.589413245764152105e-01 6.852301601777076590e-01 -1.742833140960014759e+01 1.042515972955873726e+00 4.429731660536784799e-01 8.150352755304245411e-01 1.284284664253405372e+00 1.341318301679396807e+00 1.616681599823943660e+00 9.908928159202512465e-01 7.419518450609019489e-01 6.860716737319549896e-01 1.176484626414983969e+00 1.028566949080536475e+00 4.577541485257322629e-01 8.246515854587010974e-01 1.124730608700647450e+00 9.823105517800697628e-01 9.733313710476839686e-01
6.241058007878205194e-01 5.319267752199451360e-01 6.536641691585046710e-01 9.586559729558722376e-01 -1.666334175305401288e+01 4.205186879577108017e-01 7.791868229417003855e-01 1.235680550960782886e+00 1.291409689808021177e+00 1.561095962436625850e+00 9.498040603401549653e-01 7.084680219730400408e-01 6.544766812531210842e-01 1.130479143414580667e+00 9.864319248663904194e-01 4.346963501555287102e-01 7.885005490441583387e-01 1.080037697531317509e+00 9.414637425481686694e-01 9.327391497005683707e-01
1.366052551263172710e+00 1.205385045226347041e+00 1.416054659524103476e+00 1.898042166053678370e+00 1.959447687957710738e+00 -3.423156126690843593e+01 1.621303540909074803e+00 2.295765443147581575e+00 2.372310557067399461e+00 2.729689388715369258e+00 1.884789732557445197e+00 1.507012157995881507e+00 1.417419495578610134e+00 2.148324982080056955e+00 1.939383774982323949e+00 1.026915227305668088e+00 1.636115590782894813e+00 2.076147525694358009e+00 1.872268343925440170e+00 1.859133396141319006e+00
8.137099892306661753e-01 7.009337653268518098e-01 8.495326808761207715e-01 1.211032275530424362e+00 1.259043822941700030e+00 5.622315409090747895e-01 -2.134422704791716541e+01 1.529010813222845933e+00 1.592010763979210042e+00 1.893030365978338514e+00 1.200725129413853676e+00 9.155462215561153139e-01 8.505151787412216224e-01 1.409246235952148263e+00 1.243310840546643092e+00 5.800431804672258052e-01 1.011064509197130423e+00 1.351408557310765923e+00 1.191004572369285919e+00 1.180826604367543720e+00
4.816748509783397858e-01 4.067314040543620335e-01 5.059099519540947165e-01 7.611246642534056361e-01 7.963805509607828625e-01 3.175364431475817262e-01 6.098538132228462638e-01 -1.301739817106841457e+01 1.048762722118540935e+00 1.287717911263576820e+00 7.535953434581479371e-01 5.510925253397775947e-01 5.065774823778337321e-01 9.085733758261596016e-01 7.847943811875303100e-01 3.287976692313142602e-01 6.176298469245048439e-01 8.650383696010178758e-01 7.465074206290036596e-01 7.390994445395933088e-01
4.542609087888838104e-01 3.828299894876495135e-01 4.774016482938884254e-01 7.221683016793968291e-01 7.561196898080210227e-01 2.980915570673996484e-01 5.768637639792101313e-01 9.527727221185409157e-01 -1.229995772946675281e+01 1.232086912270699219e+00 7.149216016360384618e-01 5.205949687876444409e-01 4.780393108510284095e-01 8.643591867020092856e-01 7.449588198791029514e-01 3.087722639240405575e-01 5.843176500583348032e-01 8.223235041552950930e-01 7.081010465262336240e-01 7.009738834533378871e-01
3.457819071169725977e-01 2.889392312572088284e-01 3.643413015600401317e-01 5.645115998239438326e-01 5.927859624366257352e-01 2.224503887153690407e-01 4.448633659783385874e-01 7.587079112635767286e-01 7.990669122706992589e-01 -9.400818218422344330e+00 5.584916345565463791e-01 3.991632033509915356e-01 3.648536877047042215e-01 6.836721620019371448e-01 5.834786156747482355e-01 2.307705601295344799e-01 4.509448528755417573e-01 6.482442710748237413e-01 5.528305603622731823e-01 5.469200902684677734e-01
6.613948786488258458e-01 5.649650220562166814e-01 6.922545622773890184e-01 1.009162815920256584e+00 1.051934060340155463e+00 4.479907325574451482e-01 8.229981294138537518e-01 1.295025343458148015e+00 1.352341601636038559e+00 1.628931634556546548e+00 -1.759796497153947570e+01 7.493968866698705877e-01 6.931024412289785719e-01 1.186661499531139974e+00 1.037902082772740986e+00 4.629050392656090529e-01 8.326806346609711973e-01 1.134622293480207711e+00 9.913649984083426903e-01 9.823303146567377020e-01
8.916680141344033306e-01 7.711122890924300144e-01 9.298302265583762161e-01 1.311896845060902095e+00 1.362273021973040121e+00 6.218881579958815964e-01 1.089494221556115416e+00 1.644197525339777588e+00 1.709689968787644565e+00 2.021278203350991731e+00 1.301071886669870725e+00 -2.322275619999207308e+01 9.308760388995513946e-01 1.519395173248496933e+00 1.345773669831937358e+00 6.411151539064835481e-01 1.101197155001066186e+00 1.458975700002201226e+00 1.290859633230540870e+00 1.280163315352361719e+00
9.588241481318831028e-01 8.318615982771518924e-01 9.989024018679345529e-01 1.397604673731954961e+00 1.449869681253120879e+00 6.738834955786100478e-01 1.166051178741221772e+00 1.741270482377833995e+00 1.808722310851028192e+00 2.128556687704704409e+00 1.386365441228978757e+00 1.072464038899551442e+00 -2.482262330445118081e+01 1.612491051580617230e+00 1.432758700747114755e+00 6.942940851896997057e-01 1.178270923622425581e+00 1.550024704326386171e+00 1.375759590331664395e+00 1.364648110009302640e+00
5.393967007384528056e-01 4.572696291143581449e-01 5.658597804141444199e-01 8.421146264149839133e-01 8.799691434145801017e-01 3.588859820800571199e-01 6.788792359521483855e-01 1.097363375826159615e+00 1.149139186702009541e+00 1.401472162001937027e+00 8.340214995311400203e-01 6.150801732484969531e-01 5.665880515806170914e-01 -1.451055973575213720e+01 8.675364280750509360e-01 3.713490461615036597e-01 6.873046656766877982e-01 9.534989193157339393e-01 8.263999325418048825e-01 8.184311969622702909e-01
6.339001330086437846e-01 5.405945910006990651e-01 6.638038013292719697e-01 9.719669490805374901e-01 1.013691924866388705e+00 4.277147749823240197e-01 7.907138405466431763e-01 1.251354381187530285e+00 1.307508819879102724e+00 1.579048615674748079e+00 9.630320827727403277e-01 7.192286698319375615e-01 6.646257007471148004e-01 1.145306428075050675e+00 -1.690956010640244855e+01 4.420869850355870212e-01 8.001256868163004743e-01 1.094437730573519785e+00 9.546131493717775474e-01 9.458058416225316734e-01
1.333816803040203780e+00 1.175525486625088378e+00 1.383127806382636882e+00 1.859467148525732139e+00 1.920269350155528798e+00 9.735592273056686841e-01 1.585759180467225749e+00 2.253670669231313983e+00 2.329635263924040522e+00 2.684653560129534711e+00 1.846348039265608865e+00 1.472883153906483722e+00 1.384474085189699499e+00 2.107432046161503703e+00 1.900399985035587047e+00 -3.350220924208181117e+01 1.600395198439405808e+00 2.035885558051442334e+00 1.833953655283313999e+00 1.820953024961792677e+00
8.041844723226111435e-01 6.923850147137130540e-01 8.397124092097425496e-01 1.198600585458701184e+00 1.246309549044158471e+00 5.549955907828947321e-01 9.890165091971347966e-01 1.514738846924504889e+00 1.577416650058334646e+00 1.877063852875541672e+00 1.188359634660971276e+00 9.052011550010662377e-01 8.406869236224252528e-01 1.395623665676688052e+00 1.230674686816300545e+00 5.726311984394059085e-01 -2.111301073248018767e+01 1.338117911771965707e+00 1.178701912735084401e+00 1.168590163168938600e+00
5.702388990095837995e-01 4.843864923842037262e-01 5.978521117862486411e-01 8.848506087006474674e-01 9.240176975313177943e-01 3.811985256943584699e-01 7.155315573107660088e-01 1.148318369601017741e+00 1.201593504155295200e+00 1.460534271074823920e+00 8.764722934802079424e-01 6.491507000022013196e-01 5.986117043263861071e-01 1.047988919315733236e+00 9.111577305735205634e-01 3.942925580514423101e-01 7.242889117719655268e-01 -1.529939350923347874e+01 8.685806601376558911e-01 8.603279943261019636e-01
6.678802920791601094e-01 5.707215479371785527e-01 6.989626621678967089e-01 1.017900551780070328e+00 1.060913742548168059e+00 4.527893439254402352e-01 8.305975723692859969e-01 1.305257420629003740e+00 1.362841046526233502e+00 1.640590560362273020e+00 1.008684998408348132e+00 7.565046332305409571e-01 6.998165903316645453e-01 1.196359932541804838e+00 1.046803149371775987e+00 4.678306552833140231e-01 8.403429127350839911e-01 1.144050660137655884e+00 -1.775976096661984371e+01 9.909126942549434380e-01
6.747574494733686867e-01 5.768291141461889815e-01 7.060747996013484462e-01 1.027151371047681394e+00 1.070419149700567507e+00 4.578843961413188723e-01 8.386496043675437662e-01 1.316079444539593135e+00 1.373943883453337733e+00 1.652910090268467913e+00 1.017880314656737895e+00 7.640383153523615523e-01 7.069351100093026474e-01 1.206621196962270215e+00 1.056225841622531636e+00 4.730600249617927244e-01 8.484611631689387146e-01 1.154027994326101592e+00 1.009142694254938633e+00 -1.793109195805439526e+01
