-1.879033778486659045e+01 8.391057363024285731e-01 9.384759421405026725e-01 1.151538101398265068e+00 1.394269215125665040e+00 6.888445558502049870e-01 5.823107353802909891e-01 1.010748234407625956e+00 9.641733449771431319e-01 9.548748789010688132e-01 1.312369105448049966e+00 7.654589068666457496e-01 2.136210559044248392e+00 8.344763001410370196e-01 8.400921800756280255e-01 9.262426694091346890e-01 8.540257230894019447e-01 7.047615314498613115e-01 7.218765307933167064e-01 1.170483534066071529e+00
1.180253736302428580e+00 -2.229218107649661462e+01 1.111599881257166134e+00 1.348044181865378777e+00 1.613403284560834816e+00 8.293850306094286973e-01 7.068751454024057024e-01 1.192214703644125740e+00 1.140314750401407951e+00 1.129931063729348040e+00 1.524297244864181833e+00 9.166743624041048255e-01 2.405001099491773431e+00 9.947781211037047822e-01 1.001112412181292433e+00 1.097909771217135066e+00 1.016815206690482754e+00 8.475731975338692825e-01 8.670985651729824495e-01 1.368899318064567439e+00
1.064155942140502908e+00 8.961318812571666959e-01 -2.003676649781156627e+01 1.221720053653587490e+00 1.472903490250837999e+00 7.384311888406475122e-01 6.260987958333106285e-01 1.075352550861541356e+00 1.026810399125485773e+00 1.017111501545802321e+00 1.388303759663554127e+00 8.189401188471759907e-01 2.233659206349866366e+00 8.912850826796984149e-01 8.971645481310396297e-01 9.872298262738139485e-01 9.117475378911386041e-01 7.551754289860386216e-01 7.731691799598986448e-01 1.241376005520461012e+00
8.623781013982648735e-01 7.177361818653787973e-01 8.068800536535873924e-01 -1.611551817272813025e+01 1.222926162899540259e+00 5.841912775040827288e-01 4.905163515394199147e-01 8.720966007133694742e-01 8.300329426597709004e-01 8.216505805554293884e-01 1.147388559934327645e+00 6.520853366588456046e-01 1.919499978301666410e+00 7.135986414363137964e-01 7.186179945996211682e-01 7.958722379079076203e-01 7.310804352445873233e-01 5.982615640439619131e-01 6.134116177463243558e-01 1.017293554065729966e+00
6.881492151256651812e-01 5.661352845608345064e-01 6.411034902508379041e-01 8.059661628995401506e-01 -1.272421698746187957e+01 4.553124492639658016e-01 3.787399937782128800e-01 6.964159495043866777e-01 6.606963638345010326e-01 6.535972334698084696e-01 9.338368457004154743e-01 5.114224624104060091e-01 1.626997291979168647e+00 5.626743105545425339e-01 5.668731225502073867e-01 6.318055175789745181e-01 5.773089712845609345e-01 4.668998033538234171e-01 4.794005173105890805e-01 8.208820020514391302e-01
1.393155555850204896e+00 1.192548030609428711e+00 1.317062188840647297e+00 1.577662277504082500e+00 1.865743449263965736e+00 -2.642971667050353446e+01 8.598755335534534749e-01 1.406375451197620530e+00 1.348933575738114676e+00 1.337416010047957737e+00 1.769470692912641585e+00 1.098862130266117898e+00 2.704969404971038660e+00 1.186695570215320572e+00 1.193794460779853184e+00 1.301843900711990853e+00 1.211377356481680323e+00 1.020663393900847371e+00 1.042807936708381122e+00 1.600459750950185445e+00
1.581324735380291058e+00 1.364741145402405875e+00 1.499432795833310461e+00 1.778690351539419678e+00 2.083873993778213141e+00 1.154578533553453967e+00 -3.009026069018048233e+01 1.595521246333019061e+00 1.533770187088913106e+00 1.521367759406489162e+00 1.982253819918056381e+00 1.262787031709626362e+00 2.957519510357284442e+00 1.358388082886872406e+00 1.366093924926747638e+00 1.483017594031015740e+00 1.385167141206821828e+00 1.177250847230809860e+00 1.201515261234994636e+00 1.802966728362735749e+00
9.893282344076292922e-01 8.296467036441259602e-01 9.282525508615410148e-01 1.139836600713369785e+00 1.381115949504386542e+00 6.806444511976206257e-01 5.750872463330189976e-01 -1.858298581773085090e+01 9.537604420242470349e-01 9.445301751277651592e-01 1.299680475675817348e+00 7.566005823494477145e-01 2.119793271597446349e+00 8.250541439961889267e-01 8.306253047316370930e-01 9.161106441719180093e-01 8.444486289392860723e-01 6.964217640810483889e-01 7.133883181229244697e-01 1.158660330251432224e+00
1.036703344977144559e+00 8.716967504014080381e-01 9.736603991254847434e-01 1.191722942659770634e+00 1.439346363834501208e+00 7.171525757381148614e-01 6.072861870889131319e-01 1.047710442024246680e+00 -1.950343447732438307e+01 9.904704643477135750e-01 1.355882527656892655e+00 7.960080501587950552e-01 2.192216849402190082e+00 8.669420608853601884e-01 8.727098307623714080e-01 9.611173997896594878e-01 8.870176580495948704e-01 7.335454096364579790e-01 7.511659952060976142e-01 1.211079225579666963e+00
1.046524878901068378e+00 8.804330637293478201e-01 9.830815015458022055e-01 1.202460580555429814e+00 1.451367233469808449e+00 7.247550100479576152e-01 6.140037594064893245e-01 1.057600175127765496e+00 1.009590464347715155e+00 -1.969424380437445876e+01 1.367493762804666835e+00 8.042042630401939896e-01 2.207086541969524696e+00 8.756452673381498464e-01 8.814531842466517553e-01 9.704567909157669758e-01 8.958599212693414415e-01 7.412740067726429904e-01 7.590285861255533506e-01 1.221924812760583068e+00
7.416291054480500522e-01 6.124092448641816899e-01 6.918837596635539766e-01 8.658085599343275929e-01 1.069216845700415863e+00 4.944196929126417062e-01 4.124998199180561209e-01 7.503604756758174288e-01 7.126125276568923139e-01 7.051037628046665784e-01 -1.376606610149958243e+01 5.542377384094012704e-01 1.719247098473042579e+00 6.087338682015178692e-01 6.131927161092894929e-01 6.820408248674123541e-01 6.242711944153452874e-01 5.067867598518948080e-01 5.201203765576485338e-01 8.814917300354272456e-01
1.278160906866645741e+00 1.088228362404105143e+00 1.205962118847176079e+00 1.453947336658845568e+00 1.730244462410406303e+00 9.072531302661182018e-01 7.764750317096261734e-01 1.290722582349447700e+00 1.236180050158794952e+00 1.225256263040193971e+00 1.637679738409401287e+00 -2.419451690626597795e+01 2.545043719999449117e+00 1.082707617956030210e+00 1.089404300396043412e+00 1.191544864610474930e+00 1.105998564630179093e+00 9.266068880582715162e-01 9.473666306568886419e-01 1.475734336837882132e+00
3.625305590442481907e-01 2.901730994917733342e-01 3.342992063498662070e-01 4.349799783016662924e-01 5.594372919791685828e-01 2.269784049710385776e-01 1.848255103572844504e-01 3.675332715974461983e-01 3.460068494021900087e-01 3.417565419695243190e-01 5.163070984730424584e-01 2.586617199994490357e-01 -6.345996092884706563e+00 2.881621782705414136e-01 2.906021073753987105e-01 3.287683323124885870e-01 2.966813129621853617e-01 2.334675902372243539e-01 2.404999233707394435e-01 4.443251164194302882e-01
1.186086300141037109e+00 1.005240121103693873e+00 1.117215082679698268e+00 1.354368641436313858e+00 1.620404310554542704e+00 8.339945702153205298e-01 7.109840828868723150e-01 1.198084143996189121e+00 1.146022060885359961e+00 1.135605267338150259e+00 1.531083868201517983e+00 9.216156179560303086e-01 2.413452178270541371e+00 -2.240549533662241188e+01 1.006356411180359345e+00 1.103480440639279969e+00 1.022113639575222610e+00 8.522534973531895597e-01 8.718538517678621202e-01 1.375281250441230840e+00
1.179016180075627807e+00 9.988884121813019767e-01 1.110408548131039064e+00 1.346701994599621033e+00 1.611917122550207360e+00 8.284074607798531664e-01 7.060039249267475725e-01 1.190969304731637202e+00 1.139103830762371317e+00 1.128727184246651971e+00 1.522856716109289410e+00 9.156263003960427582e-01 2.403206107375398748e+00 9.936704111803683626e-01 -2.226813814831564997e+01 1.096727907117549528e+00 1.015691222713895892e+00 8.465805920494597903e-01 8.660900250940339884e-01 1.367544903294552583e+00
1.077572669409135209e+00 9.080917712171351353e-01 1.012879826273813233e+00 1.236362237907907557e+00 1.489255517578974564e+00 7.488629007119907977e-01 6.353335940310158581e-01 1.088860644171917746e+00 1.039917399789658470e+00 1.030136790915766598e+00 1.404110824867412344e+00 8.301728646104751252e-01 2.253778332312488697e+00 9.032004406392799556e-01 9.091339071175502662e-01 -2.029741150469674693e+01 9.238499056662270448e-01 7.657774831454905451e-01 7.839520649234399396e-01 1.256162329407064737e+00
1.161729723089401922e+00 9.833712066904822802e-01 1.093771537891138346e+00 1.327944435244587496e+00 1.591132971284560993e+00 8.147703564816803912e-01 6.938571412068217370e-01 1.173572628939286044e+00 1.122191658049594976e+00 1.111913921269341854e+00 1.502715194415345179e+00 9.010005646301791904e-01 2.378065312962185374e+00 9.782076395752246079e-01 9.844712227138930905e-01 1.080223905666226614e+00 -2.193230607479890182e+01 8.327326701511217344e-01 8.520186500666709906e-01 1.348615334471160443e+00
1.368026531449861416e+00 1.169690197533869158e+00 1.292760428986038601e+00 1.550686564043961768e+00 1.836284803353823492e+00 9.796173939008473441e-01 8.415018472308096742e-01 1.381106764081048377e+00 1.324280409636457989e+00 1.312889006772643086e+00 1.740791759851894938e+00 1.077169888058271408e+00 2.670412590237224659e+00 1.163908497353189242e+00 1.170921592049459781e+00 1.277712483145490463e+00 1.188293670151121528e+00 -2.594117281337862480e+01 1.021847828241225331e+00 1.573270557301389205e+00
1.341759530793316779e+00 1.145833565172982516e+00 1.267372179959898704e+00 1.522454617746324290e+00 1.805403517310588901e+00 9.583799367083809528e-01 8.223842612349945291e-01 1.354691318122924537e+00 1.298518995206097815e+00 1.287261586125553192e+00 1.710743376557648521e+00 1.054547630656889501e+00 2.634062923370739551e+00 1.140126851767861993e+00 1.147049025094034169e+00 1.252505064923439937e+00 1.164197650066670864e+00 9.784658282412278529e-01 -2.543056901974270190e+01 1.544811160683125406e+00
8.469335340660715250e-01 7.042013180645673165e-01 7.921460055204611050e-01 9.829035540657288239e-01 1.203452002051438763e+00 5.725987509501856421e-01 4.804027283627356759e-01 8.565303302514319927e-01 8.149992255796669749e-01 8.067248127605829433e-01 1.128681730035427488e+00 6.394823368378823591e-01 1.894455116419430318e+00 7.001212504412309690e-01 7.050709032945525756e-01 7.812823294070646574e-01 7.173613344711605722e-01 5.864555573013894296e-01 6.013781606831254400e-01 -1.581518098056413457e+01
