-2.135960380665932234e+01 8.586597211225038828e-01 6.313982467304607438e-01 2.067489124718622673e+00 1.948524687509431974e+00 5.477710390511542071e-01 5.028689523035311248e-01 1.521886212570529917e+00 8.928772136216157618e-01 1.562084174186500585e+00 1.129405889652145500e+00 5.172091302818784264e-01 1.119768357147467919e+00 1.035143279993007592e+00 1.575169998476494415e+00 5.837888591939551786e-01 8.492335261279365666e-01 1.382405325470911661e+00 9.059823717141940458e-01 1.727937696786978838e+00
1.156059721122503658e+00 -2.456378775177997653e+01 7.455168623418670926e-01 2.297893192769707937e+00 2.173068564475467035e+00 6.505753207849878095e-01 5.992663866496765745e-01 1.721062248213248269e+00 1.037923094428835791e+00 1.763977110482183530e+00 1.297677947571824975e+00 6.156791910135519519e-01 1.287169393316479837e+00 1.194632783581112578e+00 1.777931371480182099e+00 6.915613076903799339e-01 9.895362532299272207e-01 1.571550272958421868e+00 1.052422714565263373e+00 1.940284015104352777e+00
1.489978246730460754e+00 1.306696862341867105e+00 -3.133838822862128382e+01 2.759251838126609346e+00 2.624976680411559737e+00 8.825999620583465655e-01 8.183649838726251291e-01 2.130889065317026709e+00 1.351537939269334743e+00 2.178401460050046090e+00 1.653667215257973000e+00 8.389762817204133860e-01 1.641599679011318536e+00 1.534796278855386387e+00 2.193820703316077481e+00 9.335045804865209629e-01 1.294288173623289406e+00 1.964213852126586835e+00 1.368629468383694370e+00 2.372194957662143722e+00
3.839741247186226336e-01 3.169781927697079005e-01 2.171568381266094361e-01 -8.242209644998663265e+00 9.224117326801049010e-01 1.829837448895742236e-01 1.652270725574351562e-01 6.619274322184732773e-01 3.328591758699427916e-01 6.852412680830549663e-01 4.484908423996418758e-01 1.708522736598916125e-01 4.435831736825373572e-01 4.011985194468470906e-01 6.928873101651658040e-01 1.975279379978982230e-01 3.126417301996686215e-01 5.830918367402538882e-01 3.389991716034503333e-01 7.841772671897840885e-01
4.244196875094319865e-01 3.515635644754671052e-01 2.422916804115597678e-01 1.081821732680104953e+00 -9.140287907015338220e+00 2.046534072678619365e-01 1.850431444837954686e-01 7.234470585414528587e-01 3.688660569473585227e-01 7.483279648268361672e-01 4.942627680815693259e-01 1.912596738527511386e-01 4.889601291826985441e-01 4.430951136907015919e-01 7.564819855798429193e-01 2.206882748125356675e-01 3.468352892074188509e-01 6.391011657962676340e-01 3.755501016631545008e-01 8.536191080045303359e-01
1.651127039051154100e+00 1.456531320784987482e+00 1.127375962058346115e+00 2.969854744889573794e+00 2.832114407267861900e+00 -3.458002465359743383e+01 9.299340099559942896e-01 2.322196078544279008e+00 1.504273012848903246e+00 2.371469302489856545e+00 1.823795232682751788e+00 9.524465395057940542e-01 1.811099116632320039e+00 1.698503324414758264e+00 2.387448032045083046e+00 1.055334446984353303e+00 1.443304027773945286e+00 2.148880733299405765e+00 1.522446848312796197e+00 2.571890474055273490e+00
1.749790952303531544e+00 1.548788386649676330e+00 1.206706983872624983e+00 3.095664072557434920e+00 2.956070144483795570e+00 1.073500009955993262e+00 -3.655835438249454938e+01 2.437586470842295405e+00 1.598179309159519335e+00 2.487820017318368659e+00 1.927493196826414623e+00 1.023634309746367599e+00 1.914446145020001211e+00 1.798606056664815211e+00 2.504103490254667719e+00 1.131430561666205481e+00 1.535094814350250303e+00 2.260633181052047469e+00 1.616967335023599128e+00 2.691838944746931972e+00
6.137212125705299171e-01 5.154972482132481604e-01 3.641440653170269215e-01 1.437277432218473372e+00 1.339387058541452902e+00 3.106750785442790042e-01 2.824994708422954859e-01 -1.325569202637190358e+01 5.390016933122164788e-01 1.031141706813632597e+00 7.061813172318915921e-01 2.914561230170626960e-01 6.992153386786646996e-01 6.385984122773689098e-01 1.041318867050707198e+00 3.335484172850093909e-01 5.090539106465250541e-01 8.934000232629463190e-01 5.480510357986633219e-01 1.161523614749909727e+00
1.115366213621615810e+00 9.630120944288357299e-01 7.154469392693347807e-01 2.238863175869942879e+00 2.115460056947358503e+00 6.234060128489035124e-01 5.737463091595192965e-01 1.669655693312216638e+00 -2.373111325482131306e+01 1.711902653824560971e+00 1.253928581787001395e+00 5.896250463969007205e-01 1.243637422305333029e+00 1.153079349370731865e+00 1.725643607902182408e+00 6.631164734585032194e-01 9.528104751382128201e-01 1.522617133465577144e+00 1.014148100034151456e+00 1.885647915680430220e+00
5.922691741865008241e-01 4.967621104821835498e-01 3.500064600500461531e-01 1.398941268083055300e+00 1.302617964826836339e+00 2.982983024898567814e-01 2.710830173183685909e-01 9.694917068136331695e-01 5.195986538245608299e-01 -1.279548191134125901e+01 6.823397509412394424e-01 2.797318582925904518e-01 6.755484794930836090e-01 6.164881232287684476e-01 1.009972934316397453e+00 3.204088065295148113e-01 4.905038981178386215e-01 8.651606620288566640e-01 5.283939044795643580e-01 1.127864835838364055e+00
8.808778896521456403e-01 7.517499475718248947e-01 5.465592152579727969e-01 1.883477842399641888e+00 1.769839768081569620e+00 4.719112326827518689e-01 4.320431968264146771e-01 1.365818317231891621e+00 7.829115817870012650e-01 1.403626750941239454e+00 -1.889111945175276475e+01 4.447588558745967369e-01 9.911005576842648601e-01 9.131470295963104444e-01 1.415947170619400897e+00 5.040002549468787230e-01 7.431771531685279486e-01 1.235094714382707126e+00 7.948635596185869012e-01 1.560214413429036995e+00
1.717229130281878513e+00 1.518299191013551930e+00 1.180416281720413130e+00 3.054387273659891822e+00 2.915384673852751352e+00 1.049110539505795581e+00 9.767323097463670445e-01 2.399641123017062228e+00 1.567156046396900537e+00 2.449566858292590243e+00 1.893306855874596684e+00 -3.590592059404909264e+01 1.880372936843728748e+00 1.765579554898967896e+00 2.465752682668792772e+00 1.106194063133674410e+00 1.504756680146187353e+00 2.223855201889480604e+00 1.585745275026142487e+00 2.652433916080317644e+00
8.890923571474677045e-01 7.590933933164799585e-01 5.523436790113184225e-01 1.896422173682537293e+00 1.782389129182698762e+00 4.770671166323201540e-01 4.368481450200009664e-01 1.376704338678664818e+00 7.904724223053329890e-01 1.414687479493083710e+00 1.008952557684273055e+00 4.496769368437287806e-01 -1.906207560129972478e+01 9.215673550180606410e-01 1.427063911159502485e+00 5.094307598490311895e-01 7.504599543773908810e-01 1.245342481760150832e+00 8.025065346975496228e-01 1.571954875440134902e+00
9.656612799930065494e-01 8.277507835811123149e-01 6.067342788553863331e-01 2.015231519446846864e+00 1.897718113690701536e+00 5.256653244147581061e-01 4.822020566648155260e-01 1.477281412277368977e+00 8.611083493707317738e-01 1.516821123228768275e+00 1.092193029596309595e+00 4.960775548989678763e-01 1.082761355018060812e+00 -2.065026695566861292e+01 1.529696248240837830e+00 5.605625224289738640e-01 8.185649415462746825e-01 1.340218914788236848e+00 8.738892953653526474e-01 1.680128852262098960e+00
5.854749984764943127e-01 4.908363714801821653e-01 3.455457033160772573e-01 1.386707310165165907e+00 1.290891985579842860e+00 2.943970320450829958e-01 2.674864902546680301e-01 9.597888670507067621e-01 5.134596079021822579e-01 9.900929343163965557e-01 6.747801706194008764e-01 2.760376826687926943e-01 6.680449111595025968e-01 6.094832482408381047e-01 -1.264943724620098564e+01 3.162652648827364299e-01 4.846372610144910054e-01 8.561885316800301737e-01 5.221736781036905306e-01 1.117145197244703514e+00
1.578444859193955052e+00 1.388817307690380032e+00 1.069580580486521715e+00 2.875698937997897886e+00 2.739449274812535862e+00 9.466344469843539500e-01 8.791645616662050466e-01 2.236369417285009487e+00 1.435283473458503378e+00 2.284879806529514834e+00 1.747184254946878790e+00 9.008300631336744191e-01 1.734762759849031388e+00 1.624700522428974336e+00 2.300616264882736406e+00 -3.311971849587473571e+01 1.375950220404300373e+00 2.065935482329656736e+00 1.452981698192571169e+00 2.482434563602034849e+00
1.167634526127936390e+00 1.010537253229922605e+00 7.541091736232893306e-01 2.314557730199668928e+00 2.189341289207419106e+00 6.583490277739455498e-01 6.065738143502501512e-01 1.735619910646525099e+00 1.048722475138212928e+00 1.778719898117838705e+00 1.310106153168527854e+00 6.231376801461874226e-01 1.299536954377390918e+00 1.206447941546274771e+00 1.792733261014491042e+00 6.996952204043004331e-01 -2.480030026023128542e+01 1.585421495699953276e+00 1.063320575433159831e+00 1.955735880025991413e+00
6.956003254709118844e-01 5.873452729584218712e-01 4.188288521265867148e-01 1.579801836740253762e+00 1.476401165796267900e+00 3.587197332994058740e-01 3.269061810520475508e-01 1.114760023262946431e+00 6.133231334655773193e-01 1.148170662028856759e+00 7.968177143827070985e-01 3.370302018894806295e-01 7.892134817601508257e-01 7.228959147882371150e-01 1.159078531680029833e+00 3.844744823296565306e-01 5.802154956999532320e-01 -1.500042513285649548e+01 6.233121578458871159e-01 1.287529966279115534e+00
1.100307371714193794e+00 9.493477145652637894e-01 7.043744683836943299e-01 2.216839171603450342e+00 2.093980101663154514e+00 6.134158483127960526e-01 5.643703350235990124e-01 1.650541035798663403e+00 9.859841000341470485e-01 1.692533904479564422e+00 1.237716559618586842e+00 5.800502750261422591e-01 1.227507534697549474e+00 1.137696295365352661e+00 1.706193678103690381e+00 6.526506981925711548e-01 9.392445754331600893e-01 1.504442157845887085e+00 -2.342249906148811078e+01 1.865303235626645240e+00
5.124426967869785132e-01 4.273890151043528984e-01 2.981199576621436087e-01 1.252197267189783858e+00 1.162229108004530387e+00 2.530394740552737720e-01 2.294219447469320328e-01 8.541936147499092913e-01 4.476639156804303465e-01 8.821848358383637123e-01 5.932474134290370849e-01 2.369189160803174543e-01 5.871358754401347912e-01 5.341158522620991222e-01 8.913451972447034022e-01 2.722835636020347616e-01 4.218398800259914316e-01 7.588399662791154299e-01 4.554832356266456661e-01 -1.107009172980877842e+01
