-2.691175118850125969e+01 1.353307095720260644e+00 1.089645511519397258e+00 1.546594954923413923e+00 1.827233625562013630e+00 6.708178932722592691e-01 1.525255642665338751e+00 1.588383200299753994e+00 1.841021669044195175e+00 1.947746218794950801e+00 1.868119035809270079e+00 1.279113027565670579e+00 1.293738805245302770e-01 1.609233349651010281e+00 1.840012555484444867e+00 1.242338881752284685e+00 1.141781580753735703e+00 1.025952702199195876e+00 1.718776359400014719e+00 1.667044003559520204e+00
7.142910957202605049e-01 -1.990894788963498030e+01 7.855463771449687771e-01 1.161423875423656327e+00 1.401405460413276183e+00 4.608623033912866429e-01 1.143440018143238701e+00 1.196753500353505917e+00 1.413353958395185073e+00 1.506308605958658564e+00 1.436877009377853787e+00 9.389522143173099078e-01 8.013899220065807960e-02 1.214435966762047014e+00 1.412478998426500265e+00 9.088920434103268109e-01 8.273889995503724837e-01 7.348279407154448828e-01 1.307919655446470042e+00 1.263650874483961850e+00
9.154115115193969254e-01 1.250328377144968917e+00 -2.487945474150490099e+01 1.435135696960801344e+00 1.705129343760005245e+00 6.074950882414706932e-01 1.414683753559365709e+00 1.475219697303225663e+00 1.718440454435239850e+00 1.821608010052605753e+00 1.744612295237650379e+00 1.179668243931967231e+00 1.137614656889403414e-01 1.495235803392099827e+00 1.717466108548609149e+00 1.144706826236322028e+00 1.049323189165862980e+00 9.398707239945239822e-01 1.600568894490400851e+00 1.550789257841445723e+00
6.004299549234138889e-01 8.542748754236564324e-01 6.632046969608011988e-01 -1.699015674184422053e+01 1.219277665566636193e+00 3.805046644889507057e-01 9.836906407932196617e-01 1.032092125248429193e+00 1.230270806104504455e+00 1.316021124654346286e+00 1.251932817587161129e+00 7.995745366432409629e-01 6.323639590623104934e-02 1.048179755863595464e+00 1.229465573926847854e+00 7.727275483814735058e-01 7.002399503451204321e-01 6.184836417175016976e-01 1.133506380051006346e+00 1.093043587258082372e+00
4.705256255620136607e-01 6.837134604132762972e-01 5.226553437600052199e-01 8.087346655666362016e-01 -1.354246527525654820e+01 2.914220686865444665e-01 7.946553639632900623e-01 8.365002900710547529e-01 1.009680537424082925e+00 1.085474159339352873e+00 1.028780415850549579e+00 6.372566494503043577e-01 4.579878183340267001e-02 8.504493855909147637e-01 1.008971167884512798e+00 6.145550268416370976e-01 5.535999616991338357e-01 4.854754669384672705e-01 9.247625845863819416e-01 8.894543197949870139e-01
1.422470893272259396e+00 1.851531303391286798e+00 1.533382088241471042e+00 2.078322664488950977e+00 2.399783068686544674e+00 -3.667647245305212067e+01 2.053518803572477847e+00 2.126738040551599873e+00 2.415368280402420798e+00 2.535410569610152542e+00 2.445945444676807412e+00 1.763114186906101777e+00 2.210453097043335313e-01 2.150818662783432700e+00 2.414228247824480533e+00 1.718983725182489097e+00 1.597201947472528305e+00 1.454739168631771662e+00 2.276540025837834325e+00 2.217330021815176355e+00
6.118886426653388222e-01 8.690890181432388006e-01 6.755507535593654467e-01 1.016488640793220988e+00 1.237996363963290269e+00 3.884988035724777911e-01 -1.728789766797849836e+01 1.048927848538808938e+00 1.249093009835258616e+00 1.335625591115404687e+00 1.270956804015931807e+00 8.137156291995983892e-01 6.486870766769461949e-02 1.065186678365023010e+00 1.248280221397157330e+00 7.865288080795890258e-01 7.130908652018906890e-01 6.302017280258516152e-01 1.151391227411181051e+00 1.110518326428176161e+00
5.787062002997541699e-01 8.260925003535058986e-01 6.397766973032258386e-01 9.685801252484301793e-01 1.183531290071054842e+00 3.654080405515998109e-01 9.526178485388095973e-01 -1.642303778858200758e+01 1.194323206207434040e+00 1.278551528417519956e+00 1.215592825939346922e+00 7.726907539367272593e-01 6.018381328461638868e-02 1.015755890084124147e+00 1.193532665386555003e+00 7.464988561625712782e-01 6.758411226955646223e-01 5.962619799206101412e-01 1.099379743486188721e+00 1.059712700694368070e+00
4.650146690441951391e-01 6.763629583951850099e-01 5.166674544352398701e-01 8.004288061045042868e-01 9.903815374240892977e-01 2.877082804024205798e-01 7.864530098352585652e-01 8.279932062074342181e-01 -1.339298068053932056e+01 1.075321081221077613e+00 1.018978563721822939e+00 6.302830500704450500e-01 4.510231154759250516e-02 8.418426364210813695e-01 9.992951656750572731e-01 6.077702071324847521e-01 5.473376830688200245e-01 4.798257953940072706e-01 9.156404324545225348e-01 8.805738319840842321e-01
4.246992187949508724e-01 6.222776059586586639e-01 4.727950100526057131e-01 7.391391246543466131e-01 9.191351593393528585e-01 2.607105696101526537e-01 7.259455911154045760e-01 7.651815284175199627e-01 9.282810812210768869e-01 -1.229045787015579805e+01 9.463357068909932224e-01 5.790300177841730678e-01 4.011447731094075486e-02 7.782765349044811209e-01 9.276107760521803414e-01 5.579336854553406111e-01 5.014146405440376153e-01 4.384767582706144418e-01 8.481667401507448911e-01 8.149336436282227369e-01
4.543920358092700673e-01 6.621660093778541922e-01 5.051192952376503120e-01 7.843708175871610955e-01 9.717614158505497590e-01 2.805654446768070520e-01 7.705968040159320021e-01 8.115428259393470123e-01 9.812585637218232959e-01 1.055655706890993306e+00 -1.310402771353188811e+01 6.168194266878810339e-01 4.376977099194976489e-02 8.251978546505561729e-01 9.805625931522855554e-01 5.946736961621501560e-01 5.352566729000359791e-01 4.689340609996272558e-01 8.979897850899994927e-01 8.633949337900151955e-01
7.647830275656707366e-01 1.063638214317310204e+00 8.395722439319670549e-01 1.231409536643241154e+00 1.479634649450304096e+00 4.971311869061013078e-01 1.212752629199598697e+00 1.268037753936727130e+00 1.491960050070444854e+00 1.587747017784173265e+00 1.516216426687881036e+00 -2.117721496808283632e+01 8.812382315494857177e-02 1.286358621076411746e+00 1.491057591847736452e+00 9.686231945094004869e-01 8.834067224845908450e-01 7.863573167249102713e-01 1.383094097947758394e+00 1.337310863843660380e+00
3.397446880524529700e+00 3.987227992200657933e+00 3.556068465688939639e+00 4.277474395906231130e+00 4.670579781833402500e+00 2.737465309704333105e+00 4.246308707667695082e+00 4.337933813284616136e+00 4.689182311547592796e+00 4.831234477310941244e+00 4.725569770991949525e+00 3.870526823154948559e+00 -7.825530559821437748e+01 4.367826361139534264e+00 4.687822856463994547e+00 3.811439660332494483e+00 3.645207882387708764e+00 3.444108955059957733e+00 4.522080500435474271e+00 4.449800652579364524e+00
5.682083496510099696e-01 8.124269667620473978e-01 6.284448033920996268e-01 9.533197558635951863e-01 1.166132385590914700e+00 3.581406627834324286e-01 9.375286783650230715e-01 9.844078900841268798e-01 1.176824636421081482e+00 1.260298534904481071e+00 1.197899854650555929e+00 7.596636210764118324e-01 5.872836113953461279e-02 -1.614770467790454944e+01 1.176041372758484416e+00 7.337934881755141525e-01 6.640335274894126893e-01 5.855205938665785093e-01 1.082782428847825829e+00 1.043508766082420713e+00
4.654155554844449094e-01 6.768979984265001137e-01 5.171031085486093026e-01 8.010335739268478195e-01 9.910821678845148641e-01 2.879782478244802824e-01 7.870502213971570793e-01 8.286126653865548697e-01 1.000705165674968589e+00 1.076060776052180756e+00 1.019692593152282667e+00 6.307905918477363372e-01 4.515285646399478520e-02 8.424693727584846581e-01 -1.340386437560352739e+01 6.082639780588986467e-01 5.477933441974675022e-01 4.802367929263980928e-01 9.163048078958635489e-01 8.812205576961423814e-01
7.914328817522845450e-01 1.097002043410326255e+00 8.680348262363219991e-01 1.267986548381473400e+00 1.520357026841637316e+00 5.164247251824888307e-01 1.248989808079589370e+00 1.305269856162571296e+00 1.532871207132485036e+00 1.630074685455340511e+00 1.557494696162150305e+00 1.032047194509400301e+00 9.246066033249469851e-02 1.323912488175514213e+00 1.531954978058898353e+00 -2.184076545104655409e+01 9.128884497557179234e-01 8.135399354963476215e-01 1.422284011479446830e+00 1.375739428442064982e+00
8.704715807537355410e-01 1.195094999550372350e+00 9.522471891658629284e-01 1.375094950345120193e+00 1.638997961699133699e+00 5.742389474725281273e-01 1.355147865201890678e+00 1.414208122695564951e+00 1.652034683068819731e+00 1.753151640544037493e+00 1.677673672900036106e+00 1.126426722484590526e+00 1.058248823877085132e-01 1.433748527489412616e+00 1.651080344197467298e+00 1.092484449755718234e+00 -2.378671514994733016e+01 8.941014479169491214e-01 1.536674531768241536e+00 1.488012630550142212e+00
9.744887021991964771e-01 1.322379940715445068e+00 1.062640723994524583e+00 1.513184641717501666e+00 1.790719466938467397e+00 6.516221686317713591e-01 1.492104728025851701e+00 1.554474979920609901e+00 1.804368795394007297e+00 1.910059758270614250e+00 1.831197060999627313e+00 1.249223316724910493e+00 1.245719550599577591e-01 1.575081593866578311e+00 1.803369792926397874e+00 1.212981935496347585e+00 1.113947447916949107e+00 -2.630204732811007418e+01 1.683396708720864332e+00 1.632233610590451578e+00
5.165173594000143087e-01 7.446766554464697707e-01 5.725438944904008842e-01 8.774123800510065241e-01 1.079211584586382111e+00 3.226280258378338983e-01 8.624992274111812351e-01 9.067977434861893560e-01 1.089388432454522437e+00 1.168954740150744742e+00 1.109457785089999593e+00 6.951650979477584924e-01 5.174850043547420814e-02 9.215484288478261732e-01 1.088642807895863873e+00 6.709310114794466706e-01 6.057255317682416207e-01 5.326017087208643197e-01 -1.477920367436757232e+01 9.627527588673513437e-01
5.402280035595201646e-01 7.758508744839619498e-01 5.982072578414456832e-01 9.123925872580824770e-01 1.119346319794986888e+00 3.388610218151760223e-01 8.970693264281760504e-01 9.425737006943685214e-01 1.129764831984084283e+00 1.211164643628223070e+00 1.150305933790015445e+00 7.248248638436605162e-01 5.491165257936504729e-02 9.577177660824195415e-01 1.129001557696142521e+00 6.998294284420649713e-01 6.325066305501423347e-01 5.568816105904517144e-01 1.038195758867351159e+00 -1.540963376992963951e+01
