-1.911501308977463864e+01 1.021309244078498990e+00 1.203699936924353731e+00 1.080553239976600910e+00 1.080821595643084443e+00 2.946861919002051522e+00 1.014065332479659798e+00 2.336989343913244699e-01 1.221799679672286310e+00 1.015297214940894754e+00 9.541092145023221116e-01 1.279856074006827660e+00 4.759143195896323175e-02 1.061085318237158681e+00 1.123316630379568082e+00 1.069917211465513107e+00 2.802901561356397342e-01 5.664530215639053123e-01 8.916689392272413306e-01 1.022617995188747297e+00
9.789892440784985217e-01 -1.871947881654995172e+01 1.179998813221902809e+00 1.058435718383508917e+00 1.058700483558672856e+00 2.910180066834958001e+00 9.928570884749310377e-01 2.270051116368180799e-01 1.197876257901741015e+00 9.940717611723324243e-01 9.337556815291709889e-01 1.255236847644834342e+00 4.602142106452782044e-02 1.039229954306281067e+00 1.100634796388229697e+00 1.047942503061817687e+00 2.724627750834824336e-01 5.525473737556196863e-01 8.722423637526740547e-01 1.001290554699954427e+00
8.206899369243534359e-01 8.393088132219024278e-01 -1.572688954927670935e+01 8.912480904941102455e-01 8.914839338593301132e-01 2.620583024317492349e+00 8.329756797645146982e-01 1.789317510723198446e-01 1.016070171957465407e+00 8.340524027794368189e-01 7.807093169094438956e-01 1.067759579937648473e+00 3.504784522977424238e-02 8.741525121837969703e-01 9.288946287644715971e-01 8.819047939811275327e-01 2.159926171071413215e-01 4.500578145801205077e-01 7.265732068788517406e-01 8.404534293134103828e-01
9.235532399766009926e-01 9.437557183835090235e-01 1.117258090494110512e+00 -1.767415289496297248e+01 1.000255021675043210e+00 2.811537947823770978e+00 9.368863655372142718e-01 2.096959573043622738e-01 1.134529997831711601e+00 9.380544299383671847e-01 8.800974838403442524e-01 1.189993266196851085e+00 4.200859959077228589e-02 9.815054413679561440e-01 1.040666748010113718e+00 9.898942729650768158e-01 2.521832469159052126e-01 5.161928878855933656e-01 8.210871976526545879e-01 9.449969815730173694e-01
9.233115956430851812e-01 9.435104835586742844e-01 1.116983933859329703e+00 9.997450216750294327e-01 -1.766959053321762596e+01 2.811101810950964452e+00 9.366423460974127035e-01 2.096216252270849678e-01 1.134253139594810111e+00 9.378102034382351793e-01 8.798637306358816357e-01 1.189707936653761289e+00 4.199151460604586689e-02 9.812536265938407443e-01 1.040404949035735438e+00 9.896410184155342016e-01 2.520960343271014814e-01 5.160354949025233173e-01 8.208645402713689032e-01 9.447515277312069637e-01
1.864319190020516936e-01 1.920700668349584472e-01 2.431630243174926764e-01 2.081079478237713720e-01 2.081818109509643300e-01 -3.243050881702604471e+00 1.901456949356817583e-01 2.894088687055796846e-02 2.485121598129057807e-01 1.904723871037372618e-01 1.745232797482881848e-01 2.660125990842999166e-01 4.780411779707011664e-03 2.027788430381609053e-01 2.200172023776514607e-01 2.051893016291086724e-01 3.596459412202327593e-02 8.650996011354750159e-02 1.588302012316065992e-01 1.924185909260895389e-01
9.860653324796615493e-01 1.007177088474932480e+00 1.187985679764514746e+00 1.065886365537213942e+00 1.066152346097412273e+00 2.922575694935681589e+00 -1.885272669613678787e+01 2.292512890301011685e-01 1.205938423292440831e+00 1.001220496133269133e+00 9.406094261891436714e-01 1.263534745620015887e+00 4.654713298413439004e-02 1.046591865502394247e+00 1.108276485154268132e+00 1.055344809208333068e+00 2.750902541485752972e-01 5.572228508433531013e-01 8.787826100213046443e-01 1.008473800720040892e+00
2.669198934391324052e+00 2.704825111636818047e+00 2.997441751072319693e+00 2.802195957304362217e+00 2.802631625227084644e+00 5.224870886870557563e+00 2.692751289030100637e+00 -5.021136929635995472e+01 3.025398118701535299e+00 2.694807204556783908e+00 2.591319723878104941e+00 3.113901509150198255e+00 2.851932165136870090e-01 2.770463210986870095e+00 2.871037750695309310e+00 2.784890457223875959e+00 1.140332179678577473e+00 1.850469819333984800e+00 2.482638091666509617e+00 2.707002458441941428e+00
8.068196796722864050e-01 8.252162579017413568e-01 9.841001719574655748e-01 8.765499978317119467e-01 8.767831395948096906e-01 2.593962159812905899e+00 8.189584232924412843e-01 1.749181187015357852e-01 -1.546345195921806770e+01 8.200223216115044567e-01 7.673260341812107033e-01 1.051153556368810582e+00 3.415631565185463930e-02 8.596513947394897048e-01 9.137706487213491657e-01 8.673140742981180207e-01 2.112563859010907763e-01 4.412749947473542655e-01 7.138709849003258556e-01 8.263472993320599702e-01
9.848572149408967302e-01 1.005951761172332981e+00 1.186622402779437202e+00 1.064614429938367968e+00 1.064880203438235418e+00 2.920462387103737179e+00 9.987804961333287546e-01 2.288672045567839153e-01 1.204562321611504450e+00 -1.882997974679446784e+01 9.394391976451198500e-01 1.262118497733838440e+00 4.645715864995711430e-02 1.045335047835552533e+00 1.106972004092357853e+00 1.054081109376908909e+00 2.746410356221173910e-01 5.564240389042567347e-01 8.776658110204536012e-01 1.007247424239279932e+00
1.047339214502322147e+00 1.069305681529170382e+00 1.256949316909444114e+00 1.130327483840344760e+00 1.130603730635881821e+00 3.028183279748288381e+00 1.061839426189143509e+00 2.490497238781053113e-01 1.275536034181210532e+00 1.063109197645119464e+00 -2.000499216828408322e+01 1.335115333938941218e+00 5.122957121196305280e-02 1.110283248742818252e+00 1.174330443808563773e+00 1.119377538455595511e+00 2.982097106699557187e-01 5.980350247938447383e-01 9.355137215799916861e-01 1.070654486023380203e+00
7.642560740068279346e-01 7.819568476448346406e-01 9.351695799376478213e-01 8.313932661968509441e-01 8.316179366537608253e-01 2.510842599084299742e+00 7.759347456200158533e-01 1.628015091501982536e-01 9.505335563688099842e-01 7.769584977338382936e-01 7.262853339389407914e-01 -1.465359032912354920e+01 3.148877484828744439e-02 8.151121569116859256e-01 8.672777754114003868e-01 8.224939817007509424e-01 1.969367511062573572e-01 4.145285193521907052e-01 6.749570362914445454e-01 7.830453871655073117e-01
4.623941431958963122e+00 4.664691421064527610e+00 4.994407845229774878e+00 4.775358599590772357e+00 4.775851514606046067e+00 7.341560411779707529e+00 4.650897132984134430e+00 2.426043216513687373e+00 5.025486315651854774e+00 4.653247158649956638e+00 4.534349571211962804e+00 5.123438774848287913e+00 -8.729670129917455768e+01 4.739403330747285814e+00 4.853009149696846158e+00 4.755763321048951831e+00 2.647395527151998440e+00 3.636606175275751696e+00 4.408073100056868476e+00 4.667177301107168219e+00
9.413053182371586836e-01 9.617699543062828704e-01 1.137382512183797267e+00 1.018725441367956952e+00 1.018983626593841008e+00 2.843428843038160903e+00 9.548118655023938306e-01 2.151832109868701270e-01 1.154851394739489612e+00 9.559950478355527803e-01 8.972732487428182191e-01 1.210932156911685986e+00 4.327333074728562795e-02 -1.800917879626482332e+01 1.059889864727471043e+00 1.008493913518962781e+00 2.586183744372362869e-01 5.277812271255591936e-01 8.374522577212060170e-01 9.630272075410917232e-01
8.860566303795679444e-01 9.056947963882291397e-01 1.074644628764472420e+00 9.604067480101130538e-01 9.606549490357340071e-01 2.743187202377651346e+00 8.990164851542685742e-01 1.982777506953096736e-01 1.091490648721348711e+00 9.001520040923579602e-01 8.438404438085637116e-01 1.145617775411400308e+00 3.939914969684516627e-02 9.424098647274704588e-01 -1.696555111439610641e+01 9.505722157542030315e-01 2.387736131581692789e-01 4.918829981507753524e-01 7.865715792282568231e-01 9.069016308413677674e-01
9.331972114655131545e-01 9.535425030618165376e-01 1.128194793981127431e+00 1.010174272965072229e+00 1.010431018415534954e+00 2.828899301629108631e+00 9.466248092083326959e-01 2.126704572238763968e-01 1.145574074298117750e+00 9.478011093769094231e-01 8.894275384555956343e-01 1.201373981700750937e+00 4.269332104895189051e-02 9.915539135189663789e-01 1.051112215754202772e+00 -1.785619311642215834e+01 2.556722916906195575e-01 5.224820786444659415e-01 8.299757466526686001e-01 9.547924773305298540e-01
2.447140156135639621e+00 2.481632775083482567e+00 2.765852617107141143e+00 2.576033246915904851e+00 2.576456034327101019e+00 4.963244594122023123e+00 2.469940254148574876e+00 8.716821796785776399e-01 2.793086385901090374e+00 2.471931035622116912e+00 2.371829710669955293e+00 2.879386751106256970e+00 2.378955271519981318e-01 2.545248374437235839e+00 2.642883613158168998e+00 2.559242291690619453e+00 -4.606695526493239612e+01 1.662777965519513845e+00 2.266950082391069543e+00 2.483741669765929139e+00
1.612763021563905497e+00 1.641177373755619895e+00 1.879377814580120765e+00 1.719502887885593578e+00 1.719855494902523319e+00 3.893249960113547292e+00 1.631532850843353089e+00 4.612798193339850417e-01 1.902564994747354410e+00 1.633174038904256831e+00 1.551115024793844555e+00 1.976438519352190726e+00 1.065661752757516428e-01 1.693871227125559376e+00 1.775452998150775397e+00 1.705512078644465968e+00 5.422379655195143089e-01 -3.055477261894211338e+01 1.466182134820775529e+00 1.642918238628970906e+00
1.116768939227240853e+00 1.139662363752674157e+00 1.334683206878851669e+00 1.203187197652654694e+00 1.203474540271368465e+00 3.144360201231606311e+00 1.131882610021304858e+00 2.722380916665096406e-01 1.353950984900325727e+00 1.133205811020453480e+00 1.067383721579991063e+00 1.415657036291444459e+00 5.682310005686797699e-02 1.182332257721205870e+00 1.248931579228256483e+00 1.191795746652668520e+00 3.252000823910700111e-01 6.449721348207755334e-01 -2.130757723702848949e+01 1.141067631663217563e+00
9.777179951887462472e-01 9.987105546999793804e-01 1.178563429313410404e+00 1.057096981573017791e+00 1.057361527731207840e+00 2.907948590926089594e+00 9.915738007200426418e-01 2.266024584419418786e-01 1.196427299332059935e+00 9.927874242392726867e-01 9.325244860233797839e-01 1.253745387165507541e+00 4.592730110716837510e-02 1.037907207541092225e+00 1.099261630841367854e+00 1.046612477330529867e+00 2.719916697659298110e-01 5.517082386289710039e-01 8.710676316632181004e-01 -1.869553609223293833e+01
