-2.155207774377193530e+01 1.097916150409723901e+00 1.468560220783214021e+00 1.111611670126030571e+00 9.828076691011937704e-01 5.029790287726233489e-01 5.160919668855425968e-01 6.527061093053602159e-01 1.999773332586665342e+00 1.646909749721027438e+00 1.525516846432888318e+00 2.605682304159439688e+00 4.416482468662712990e-01 1.165744061274239352e+00 2.408353617328027330e+00 6.391869871271400605e-01 8.307221530232536955e-01 8.360464818437950418e-01 2.847546715698028308e-01 8.350664764556979813e-01
9.080861504097235137e-01 -1.969027558082044749e+01 1.350956987094781736e+00 1.012884869031205781e+00 8.919862852028447309e-01 4.481041288724669225e-01 4.600732635195168285e-01 5.853674857731493431e-01 1.860745607440704052e+00 1.521319867332458831e+00 1.405267307079255845e+00 2.449465218618693374e+00 3.922670403929996996e-01 1.063879869620604213e+00 2.257032831386736049e+00 5.729222854607370907e-01 7.501009753822982518e-01 7.550512368191761858e-01 2.506241845445481009e-01 7.541399868385457728e-01
6.436002207832138833e-01 7.158269870947818747e-01 -1.422793811530656960e+01 7.260295167844895703e-01 6.310509613958914521e-01 2.986246460996180851e-01 3.072043996898023432e-01 3.984033238251807330e-01 1.432900706078874320e+00 1.142244982043570278e+00 1.045062181624308639e+00 1.956240129199768196e+00 2.589241983940080427e-01 7.665899316395303753e-01 1.782805353983608843e+00 3.892358433938046813e-01 5.218423839887426086e-01 5.256092874318868402e-01 1.608274326887312866e-01 5.249156291667571583e-01
8.961216701260310558e-01 9.872248690312066532e-01 1.335499516784489415e+00 -1.944677811784807631e+01 8.801689934244716351e-01 4.410684382048878360e-01 4.528872923760666191e-01 5.766875037581330465e-01 1.842326767597288972e+00 1.504763755714268347e+00 1.389446493814648242e+00 2.428635861149071484e+00 3.859513751188235475e-01 1.050569718963238586e+00 2.236893454469150555e+00 5.643845595197662934e-01 7.396526763884067046e-01 7.445529021580277185e-01 2.462914193083591274e-01 7.436508499417395779e-01
1.017391669101191942e+00 1.116400285202844289e+00 1.490594961395891316e+00 1.130242993424471765e+00 -2.190274840331723638e+01 5.135241587270648056e-01 5.268513323560077843e-01 6.655757954091851003e-01 2.025614518123061814e+00 1.670370576393205519e+00 1.548025031712079613e+00 2.634531829661175273e+00 4.511617676924804532e-01 1.184944237638838160e+00 2.436350597872521728e+00 6.518572279266156011e-01 8.460457983128325532e-01 8.514388968982780082e-01 2.913804727967919117e-01 8.504462526727012417e-01
1.749537028772623737e+00 1.884492128872466976e+00 2.370142646099618222e+00 1.903116438204888183e+00 1.725498158727064801e+00 -3.638477040564306009e+01 1.021614012973421914e+00 1.239737988129356649e+00 3.016118215354495202e+00 2.592489584849189566e+00 2.441841290927737163e+00 3.706764872474993311e+00 8.971092722448061885e-01 1.976162930483854829e+00 3.485954825172203897e+00 1.218681879978370963e+00 1.507855633235188453e+00 1.515637698116759857e+00 6.178095376936776351e-01 1.514206263332334768e+00
1.719728966885542443e+00 1.853540263519516840e+00 2.335801399689802160e+00 1.872014292376066757e+00 1.695904332356007682e+00 9.786930129734210393e-01 -3.580169189471030222e+01 1.215256070335455352e+00 2.978640326849844921e+00 2.556916506251828647e+00 2.407083284166389614e+00 3.667135215138777493e+00 8.773254749956471699e-01 1.944488272003577212e+00 3.446906747461319753e+00 1.194459481377455612e+00 1.480357923481063542e+00 1.488059931371414901e+00 6.027372009374436512e-01 1.486643192539730540e+00
1.452887109305360136e+00 1.575378485773149428e+00 2.023544323825180680e+00 1.592358503758132926e+00 1.431172795409185294e+00 7.933609881293564037e-01 8.118000703354550929e-01 -3.056494857628621276e+01 2.634011103152666511e+00 2.232047529804875641e+00 2.090573201266969328e+00 3.299754598133862959e+00 7.061409801224571847e-01 1.659126267170341062e+00 3.085725228340051807e+00 9.816718604039348373e-01 1.236114168722119544e+00 1.243038920939285141e+00 4.744775491571056047e-01 1.241764892536723508e+00
4.064533325866653279e-01 4.572556074407037596e-01 6.645407060788743880e-01 4.644967675972892507e-01 3.977105181230616848e-01 1.762402153544949668e-01 1.816833268498449505e-01 2.405101031526664934e-01 -9.120242225227373822e+00 7.723341639641195799e-01 6.984143912584532821e-01 1.431562299138751104e+00 1.512711850292168259e-01 4.934391102526579087e-01 1.285751184905531863e+00 2.345195991911933064e-01 3.227266839851227198e-01 3.252792358439909326e-01 9.124478636453656200e-02 3.248090081101986382e-01
5.497897497210272322e-01 6.140298673324589007e-01 8.700849820435700988e-01 6.231337557142681005e-01 5.386665763932055873e-01 2.488115848491894710e-01 2.561595062518285948e-01 3.347465298048756810e-01 1.268534163964119443e+00 -1.223847064497646997e+01 9.111248668557626607e-01 1.760619788707170397e+00 2.149207979921551326e-01 6.593962749684059155e-01 1.596468806988266209e+00 3.268087990194690762e-01 4.423788521911201643e-01 4.456842210960585970e-01 1.320360570257213262e-01 4.450754640577961885e-01
6.117468464328882360e-01 6.813273070792558173e-01 9.562521816243075845e-01 6.911664938146483417e-01 5.996710317120794720e-01 2.815132909277370810e-01 2.896762841663892418e-01 3.766222012669694919e-01 1.377964391258453380e+00 1.094474866855762674e+00 -1.355620420759584377e+01 1.891291326260009953e+00 2.437817968248800482e-01 7.303070803637071728e-01 1.720816712621891620e+00 3.678683284553008748e-01 4.947650061404862409e-01 4.983778145674662152e-01 1.508687467844871399e-01 4.977125004391235175e-01
2.461423041594398842e-01 2.797552186186929579e-01 4.216601291997681411e-01 2.845858611490715284e-01 2.404078296611750487e-01 1.006668724749930771e-01 1.039582151387775794e-01 1.400335981338626801e-01 6.653422991387512031e-01 4.981997887071704101e-01 4.455213262600098423e-01 -5.465788794647200355e+00 8.567726187174933006e-02 3.039895074000692476e-01 8.845377813738470874e-01 1.363194616973604223e-01 1.918604097687532373e-01 1.934937196775778911e-01 5.044448215280768893e-02 1.931927280633219390e-01
1.901569246866271490e+00 2.042018040392999723e+00 2.543805198394007760e+00 2.061362375118823476e+00 1.876498767692480474e+00 1.110472272244805270e+00 1.133609474995647126e+00 1.365880980122457178e+00 3.204512185029216642e+00 2.771961797992155141e+00 2.617472796824880099e+00 3.905138261871749172e+00 -3.935462165909751775e+01 2.137148091289930107e+00 3.681642197535642147e+00 1.343550613263234439e+00 1.648719449975176277e+00 1.656890105782007794e+00 6.969824573048460925e-01 1.655387346401191895e+00
8.507640612742390918e-01 9.387298696206042292e-01 1.276569931639530253e+00 9.510797189632371751e-01 8.353802376388380635e-01 4.146249304838547367e-01 4.258712720035771060e-01 5.439652671703409936e-01 1.771779110252657885e+00 1.441536274968406195e+00 1.329097080363706995e+00 2.348549507400069292e+00 3.622470912899302120e-01 -1.852102132617237373e+01 2.159545428525457389e+00 5.322067838287038999e-01 7.001430434114886969e-01 7.048506953962347943e-01 2.300969769130748743e-01 7.039840450284208240e-01
2.893736173280275770e-01 3.278828313867361843e-01 4.887853539836090055e-01 3.334034544691507618e-01 2.827865978725219720e-01 1.204168251722038396e-01 1.242897474613194192e-01 1.665642283400520229e-01 7.600911849055318470e-01 5.746088069882662186e-01 5.156067126218916163e-01 1.125097781373847194e+00 1.027411975356422869e-01 3.555454285254577851e-01 -6.474186483741513953e+00 1.622258656763764795e-01 2.268046439490642718e-01 2.286947057425756658e-01 6.092106502208426144e-02 2.283464353871556829e-01
1.476250987127139869e+00 1.599816285460737175e+00 2.051259843393804516e+00 1.616938559519766283e+00 1.454337227926615794e+00 8.091878799783709386e-01 8.278864813774554632e-01 1.018554860403934281e+00 2.664903599191193351e+00 2.260992799019468702e+00 2.118702328455301043e+00 3.332923461697359979e+00 7.206936132632344449e-01 1.684250783828703746e+00 3.118269865676376540e+00 -3.102496436164259563e+01 1.257354501486345866e+00 1.264351850373819142e+00 4.852249431638193666e-01 1.263064490299148579e+00
1.190846153023253695e+00 1.300054975382298306e+00 1.706926383988742524e+00 1.315266676388406664e+00 1.171585798312832605e+00 6.214216332351882865e-01 6.368449234810633630e-01 7.960571687221198456e-01 2.276170683985122789e+00 1.899622852191120259e+00 1.768659006140486323e+00 2.911524409768753152e+00 5.489224499751761410e-01 1.375247043411488734e+00 2.705908643949064274e+00 7.804145014863459462e-01 -2.537681515682701061e+01 1.006045634344635120e+00 3.603631338456603217e-01 1.004933085195255593e+00
1.184103481843794992e+00 1.292938236819176190e+00 1.698626287431886928e+00 1.308099902158027961e+00 1.164911896898278121e+00 6.171366981167596411e-01 6.324799313714148941e-01 7.909149209392852820e-01 2.266656235843991229e+00 1.890861221096058475e+00 1.760204814567466247e+00 2.901090719677577923e+00 5.450261057820078303e-01 1.367887695396234671e+00 2.695731705742575368e+00 7.753448503738191722e-01 9.939786343446371797e-01 -2.524246873714096751e+01 3.575834891472287058e-01 9.988919095907496937e-01
2.427914671569802785e+00 2.583614184544547498e+00 3.128947432688731212e+00 2.604941419308359318e+00 2.399956472796791473e+00 1.514411537693677312e+00 1.542260200937443759e+00 1.817456549157105528e+00 3.827724786364536502e+00 3.372316057025721125e+00 3.207798746784487065e+00 4.553144482152807093e+00 1.380221457304846133e+00 2.688236976913074727e+00 4.323061065022083760e+00 1.791320943163819290e+00 2.143399133845660387e+00 2.152686489147228599e+00 -4.961039145052132682e+01 2.150978844100599918e+00
1.185340476455698067e+00 1.294243986838545801e+00 1.700149629166756826e+00 1.309414849941739734e+00 1.166136252672701046e+00 6.179222633323345759e-01 6.332801925397305576e-01 7.918578925367237842e-01 2.268403008110198904e+00 1.892469464057795925e+00 1.761756500439123574e+00 2.903006728063321606e+00 5.457403464011915117e-01 1.369238045028420725e+00 2.697600435387155660e+00 7.762744902991486340e-01 9.950830851952616740e-01 1.001108909590707086e+00 3.580928441005997720e-01 -2.526711940015715996e+01
