-6.009031108078294992e+00 1.701242797996176948e-01 7.479901694314940175e-02 1.267843762251784911e-01 7.004731313478737261e-04 2.203935536837264841e+00 2.066969088577739956e-13 1.000456581105055830e-03 9.112530191290042596e-04 2.345847612321428342e-04 3.955370924902507600e-03 4.176044210253831990e-02 3.142272290618592923e+00 3.593952180976876798e-02 2.357576628993323362e-04 2.000800213481238043e-01 4.140731991624779611e-03 9.554546341134702867e-04 4.045498307650832373e-05 1.161084704422561458e-03
3.059651279799617818e+00 -1.702319009899132851e+01 5.464262738672196473e-01 8.106641277498066733e-01 8.783876624610683845e-03 4.792237407597441212e+00 3.388862523762151683e-12 1.231367151278832221e-02 1.127279160805311035e-02 3.084052325126306407e-03 4.432512169864354090e-02 3.448822375309026356e-01 5.889279864963922861e+00 3.051824758430755624e-01 3.098892940804052944e-03 1.119242979242252023e+00 4.622267093007081940e-02 1.178942154656808031e-02 5.614543729511771789e-04 1.417149883408549971e-02
4.071846016943148960e+00 1.653946273867218597e+00 -2.344825076899434535e+01 1.391389172355011583e+00 2.220395577728908124e-02 5.875109366623931351e+00 9.876396787799316967e-12 3.076696547621152883e-02 2.825571201801158408e-02 8.022853343370262708e-03 1.043282053425317740e-01 6.738101051012975740e-01 6.986718336657146367e+00 6.056728059215783500e-01 8.060564554106459598e-03 1.813363117552908355e+00 1.085236944928815728e-01 2.950350701614934054e-02 1.506838899163349173e-03 3.522327704251671660e-02
3.422391376225177861e+00 1.216744127749805893e+00 6.899491723550116307e-01 -1.921620221450694288e+01 1.238432074596388516e-02 5.186763601520562261e+00 5.017120672826983927e-12 1.729395264892929704e-02 1.584879708724463987e-02 4.390069509659312065e-03 6.102897526355118007e-02 4.456861442544912122e-01 6.290579160937079806e+00 3.965502755847767902e-01 4.411030438465205795e-03 1.351349914632054006e+00 6.358884576163809088e-02 1.656634287855241611e-02 8.076743292286725148e-04 1.986843257973512633e-02
9.517597473131347741e+00 6.636153876624610426e+00 5.542053955777289431e+00 6.233674320745964614e+00 -7.876271509285405159e+01 1.137831019580201897e+01 1.990971054536467058e-09 1.212890209748948012e+00 1.154450626767360211e+00 5.129200888983660445e-01 2.282468727766891359e+00 4.816718379050653809e+00 1.250011658033836781e+01 4.635876266197860751e+00 5.146114110364303773e-01 6.864291177738424565e+00 2.324328403866937176e+00 1.183854172306250341e+00 1.424349107643169132e-01 1.309964314301025556e+00
3.426525368372645985e-01 4.142740759744092255e-02 1.677936662393205228e-02 2.987360152056270368e-02 1.301958020182812919e-04 -2.163317144190197716e+00 3.396525771158989832e-14 1.872796332483260030e-04 1.702541603463911940e-04 4.279687894793453751e-05 7.661078765400107429e-04 8.974933199749825230e-03 1.663695123095245476e+00 7.650863476487326960e-03 4.301411511776980054e-05 4.971662319380985851e-02 8.031060187235073821e-04 1.786854980039646055e-04 7.214844089193190528e-06 2.180338186354014286e-04
3.269473700000020244e+01 2.980521000000338461e+01 2.869769000000987447e+01 2.939913000000501242e+01 2.317784000199096539e+01 3.455602000000003216e+01 -5.083895070603944646e+02 2.357712000135855490e+01 2.347231000150196678e+01 2.196390000635197381e+01 2.513926000030374297e+01 2.795396000002023129e+01 3.567791000000001134e+01 2.776659000002424449e+01 2.196940000631871470e+01 3.003491000000271072e+01 2.519204000028873480e+01 2.352545000142745835e+01 2.004150003962938698e+01 2.374453000115729395e+01
9.118617456581104008e+00 6.240403671512787298e+00 5.151336965476211560e+00 5.839303952648928764e+00 8.136102097489472662e-01 1.097908727963324793e+01 1.358556293826725829e-09 -7.330938204966339811e+01 9.485102604504694890e-01 4.014037268203791697e-01 1.976608919409223342e+00 4.432534805849793536e+00 1.210085722174979495e+01 4.253935476203956512e+00 4.027942139511759834e-01 6.467933386550245523e+00 2.015894731352172453e+00 9.743874725092758204e-01 1.061228790418085322e-01 1.086039418815317070e+00
9.223338253019129240e+00 6.344172791608052364e+00 5.253635712018011716e+00 5.942668797087244492e+00 8.599806267673597571e-01 1.108388025416034672e+01 1.501969528044773654e-09 1.053320260450470558e+00 -7.471756289806911866e+01 4.285816963933351542e-01 2.054974612954271862e+00 4.532938973530055371e+00 1.220566105715685978e+01 4.353692197180774492e+00 4.300479561518991689e-01 6.571880870554730691e+00 2.094969401720810698e+00 1.026805310558822626e+00 1.147364280155906135e-01 1.142277697239363565e+00
1.073107158476123146e+01 7.844394052325125877e+00 6.741812853343370548e+00 7.439620069509659039e+00 1.726860088898365397e+00 1.259216279687894691e+01 6.351976559843876483e-09 2.014623726820379268e+00 1.936991696393334905e+00 -9.676541596811027546e+01 3.313807776976153807e+00 6.005093835496832178e+00 1.371402517910184038e+01 5.820263830135153249e+00 1.002752520832060013e+00 8.073532716821823385e+00 3.361354317688936444e+00 1.976171820163718840e+00 3.293276087852136103e-01 2.141549486826158866e+00
7.559432370924902500e+00 4.710275121698643375e+00 3.662758205342532047e+00 4.320898975263551378e+00 3.210487277668908068e-01 9.417526107876540209e+00 3.037460175148015727e-10 4.144689194092240347e-01 3.880246129542718192e-01 1.384477769761544852e-01 -5.428840725500693054e+01 2.994115461140496759e+00 1.053892920227027297e+01 2.832002102201932825e+00 1.390036368672957212e-01 4.932540700092769903e+00 1.026622133255878699e+00 4.012547978371558410e-01 3.134095379119303248e-02 4.597174490334736130e-01
4.782537442102538172e+00 2.196132237530902032e+00 1.417540105101297687e+00 1.890856144254491111e+00 4.059837905065361019e-02 6.611034933199750441e+00 2.023917306411866950e-11 5.569480584979404764e-02 5.128897353005495985e-02 1.503383549683241435e-02 1.794154611404963906e-01 -2.857564508184699648e+01 7.727366352217471146e+00 9.092389159800322584e-01 1.510307843696172790e-02 2.377716573924970600e+00 1.862360959164783281e-01 5.348025282120500573e-02 2.898230072760388763e-03 6.347326520006507655e-02
1.590992906185927092e-01 1.657986496392273301e-02 6.498336657147052442e-03 1.179916093708022022e-02 4.658033836766090101e-05 5.418051230952454222e-01 1.142036453730903692e-14 6.722174979522559449e-05 6.105715685923818561e-05 1.517910183920441750e-05 2.792022702725969877e-04 3.416352217471006151e-03 -7.630814553064244610e-01 2.901119107821253842e-03 1.525669584926064607e-05 2.005983650654427630e-02 2.928607157857386080e-04 6.410917258798842137e-05 2.531223769041808002e-06 7.837277746233412327e-05
4.964086521809768726e+00 2.343802475843075328e+00 1.536772805921579055e+00 2.029090275584777281e+00 4.712626619786074167e-02 6.797080863476487878e+00 2.424631423023175695e-11 6.446547620395728928e-02 5.941219718077503376e-02 1.757383013515411221e-02 2.046721022019332703e-01 1.096608915980032961e+00 7.914221119107820890e+00 -2.997376240392679492e+01 1.765429839289204064e-02 2.530155382681459564e+00 2.123268514989016809e-01 6.192618516372019183e-02 3.412961729868615145e-03 7.337387479248323741e-02
1.072557275766289919e+01 7.838908892940803952e+00 6.736350564554107301e+00 7.434141030438465414e+00 1.723051411036429892e+00 1.258666301411511768e+01 6.318718466374759661e-09 2.010514213951176465e+00 1.932957956151899026e+00 9.972525208320688339e-01 3.308863636867295455e+00 5.999663078436961783e+00 1.370852525669585020e+01 5.814844298392891631e+00 -9.667931807779103792e+01 8.068044905770545228e+00 3.356391237672550876e+00 1.972099366443602619e+00 3.281499825558874539e-01 2.137323946953773035e+00
2.859907021348123912e+00 8.895429792422522297e-01 4.761431175529092230e-01 7.155699146320543269e-01 7.221177738424173001e-03 4.570826623193810612e+00 2.714130075121025965e-12 1.014338655024560332e-02 9.280870554730731928e-03 2.522716821823833746e-03 3.689070009277011647e-02 2.967665739249711332e-01 5.663059836506545430e+00 2.618353826814593388e-01 2.534905770545143374e-03 -1.586258173008333650e+01 3.848653495505240107e-02 9.708892093509779997e-03 4.567207413548720544e-04 1.168437568003907225e-02
7.506837731991624629e+00 4.659392670930070146e+00 3.614173694492881506e+00 4.270678845761637810e+00 3.101284038669364640e-01 9.364783106018723657e+00 2.887349639394312931e-10 4.009747313521729861e-01 3.752394017208103838e-01 1.332143176889363789e-01 9.738421332558782062e-01 2.948156095916478314e+00 1.048616286071578507e+01 2.786876851498901075e+00 1.337512376725508434e-01 4.881356534955052062e+00 -5.370875326666775607e+01 3.881130270841701146e-01 3.002799100072709587e-02 4.450436304556838474e-01
9.170242454634115248e+00 6.291549421546568155e+00 5.201743507016150403e+00 5.890246342878553421e+00 8.362441723062506993e-01 1.103074868549800414e+01 1.427462868829949627e-09 1.026057472509278146e+00 9.736653105588223278e-01 4.146218201637203449e-01 2.015064797837156529e+00 4.481990252821206333e+00 1.215252410917258885e+01 4.303066185163721080e+00 4.160493664436035188e-01 6.519168892093510692e+00 2.054703027084171296e+00 -7.400151509096465929e+01 1.102927970974600241e-01 1.113536474712316870e+00
1.265327745498307621e+01 9.764271454372950743e+00 8.657696838899161307e+00 9.358437674329229239e+00 3.278774910764315820e+00 1.451452721484408848e+01 3.962938793666932677e-08 3.641742879041808045e+00 3.545546428015589946e+00 2.251727608785213164e+00 5.129100953791192019e+00 7.915358230072760293e+00 1.563641253122376895e+01 7.728502961729867948e+00 2.256049982555886402e+00 9.993866720741353404e+00 5.180567991000726735e+00 3.594242797097458197e+00 -1.288967163180046214e+02 3.796611646126776041e+00
8.951368084704421690e+00 6.074851498834084040e+00 4.988383277042515829e+00 5.674468432579733879e+00 7.432743143010243081e-01 1.081170803381863443e+01 1.157298054913266851e-09 9.186294188153165674e-01 8.700576972393626596e-01 3.609194868261586531e-01 1.854447449033472806e+00 4.272903265200064027e+00 1.193345837277746213e+01 4.095433874792481888e+00 3.621939469537721057e-01 6.302064375680037855e+00 1.892553630455683367e+00 8.944564747123149306e-01 9.358164612677601080e-02 -7.109475328105061465e+01
