-4.824031416929546623e+00 2.900618046624541257e+00 9.549083251598103339e-03 7.870669256774884400e-04 1.730030347497085464e-05 5.232989363527589255e-01 6.564874311844329198e-31 2.454861889264476488e-02 2.400617260232578570e-02 4.858607599681505980e-04 1.301449877667261168e-01 1.399164680478205518e-02 1.541249930055342277e-01 2.746509232617372689e-02 7.734134154006221985e-03 6.593329956561856386e-01 1.537865907211244110e-01 1.941259581127350309e-01 2.192037167507682088e-06 1.174063212205944830e-05
1.935680466245411069e-01 -4.722276775478041477e-01 9.002257586455602667e-04 6.766596812657888729e-05 1.384767804394533712e-06 8.135006203779791834e-02 4.541660673517196772e-32 2.449427186488168338e-03 2.391555353625782806e-03 4.126497775044896772e-05 1.532595920741331927e-02 1.346817455647042168e-03 1.859872516426255840e-02 2.762604412938316455e-03 7.215283820459542606e-04 1.098493039597277093e-01 1.855176439006528052e-02 2.430023545339310073e-02 1.713606414318735552e-07 9.350868894246197689e-07
6.538579083251596202e+00 9.236980225758644636e+00 -4.895776700724722019e+01 1.740438328526885403e-01 6.153065997794645615e-03 5.374172621400829186e+00 4.097503261477531095e-28 1.670190819123372528e+00 1.651684724710417163e+00 1.177670680609031878e-01 3.398340236707440010e+00 1.243600046723446706e+00 3.610543783184033906e+00 1.765094609093989186e+00 8.812485440416023552e-01 5.765129427231897807e+00 3.607741528420775001e+00 3.911326917791546620e+00 8.804128044279582862e-04 4.290060091813726814e-03
9.387347066925677552e+00 1.209367766596812643e+01 3.031573832852688888e+00 -8.632290324026432415e+01 6.462438003102956297e-02 8.208390641388517039e+00 6.834040581760657087e-27 4.064234662055365099e+00 4.038566110966272937e+00 7.549636532119226029e-01 6.139999856520198307e+00 3.436021330498698401e+00 6.370254992907795177e+00 4.194039557474963154e+00 2.816995867472347648e+00 8.605827663394231664e+00 6.367233425070303099e+00 6.691983362833006765e+00 1.062019225891923033e-02 4.654897843425315207e-02
1.357287730030347461e+01 1.627991138476780719e+01 7.049983065997796672e+00 4.250924380031030125e+00 -1.523783756271796506e+02 1.239250142642389818e+01 4.203201182215797803e-25 8.177572235466392669e+00 8.150367987160487715e+00 3.745731179679314238e+00 1.031323242351879976e+01 7.501091492655316273e+00 1.054580746892435172e+01 8.314680383850950207e+00 6.803717346387814224e+00 1.279058564717717239e+01 1.054275823602355189e+01 1.087011677226150752e+01 2.709987882543031246e-01 8.055181082956595073e-01
1.703708936352758663e+00 3.968810062037797515e+00 2.555262140082968994e-02 2.240641388515403690e-03 5.142642389782414871e-05 -8.579690678480016430e+00 2.103145760499964059e-30 6.309186292062249346e-02 6.176721982993069182e-02 1.393837881577907013e-03 2.970397840936976896e-01 3.689455261000430114e-02 3.458482379454556610e-01 7.017913146771637134e-02 2.084775813030249544e-02 1.212222213817389926e+00 3.451675653094963270e-01 4.248332245667697515e-01 6.603126699600839338e-06 3.499917655238679327e-05
7.379976000000000624e+01 7.650681000000000154e+01 6.727073000000000036e+01 6.441320000000000334e+01 6.022690000000000055e+01 7.261934999999999718e+01 -1.292789770000000090e+03 6.840216999999999814e+01 6.837490999999999985e+01 6.387510000000000332e+01 7.053978999999999644e+01 6.772383000000000663e+01 7.077242999999999995e+01 6.853954000000000235e+01 6.702300999999999931e+01 7.301744999999999663e+01 7.076937999999999818e+01 7.109681000000000495e+01 5.800970000000000226e+01 5.980890000000000128e+01
5.422138618892643258e+00 8.107089427186489061e+00 5.387508191233729704e-01 7.526466205536522236e-02 2.302235466391722250e-03 4.280271862920622894e+00 1.343955529124852839e-28 -3.689834178268080223e+01 9.864319248663924178e-01 4.948310992338513653e-02 2.423427380808111931e+00 6.988845404326810007e-01 2.614612318617232756e+00 1.070257048718763260e+00 4.641192139833922314e-01 4.661425366404365889e+00 2.612070451424669759e+00 2.889901083618187094e+00 3.186689298450475633e-04 1.593049308891029536e-03
5.448856172602325465e+00 8.134291555353625469e+00 5.475047247104175563e-01 7.685611096627335825e-02 2.357987160487386158e-03 4.306207219829930821e+00 1.380545275504348674e-28 1.013691924866390703e+00 -3.716718917425882296e+01 5.055964606607969009e-02 2.445539132595687448e+00 7.095383458902088103e-01 2.637370991932576292e+00 1.084572566823747586e+00 4.719066316167708219e-01 4.687697519319336870e+00 2.634821045502916181e+00 2.913459094092697654e+00 3.266166223904278833e-04 1.631888306961488304e-03
9.925145860759966965e+00 1.263175126497775125e+01 3.513397068060903905e+00 1.293063653211922848e+00 9.753117967931348997e-02 8.745643837881578619e+00 1.160721775555049349e-26 4.576553109923385598e+00 4.550369646066079632e+00 -9.420064574153627746e+01 6.673199342567286863e+00 3.932519319551409875e+00 6.904306662495160118e+00 4.708818374036707333e+00 3.289152048483007462e+00 9.143328660757635618e+00 6.901274900907068854e+00 7.226989692540405130e+00 1.668092543604655573e-02 7.092019420065910629e-02
3.390114987766725818e+00 5.982345959207412633e+00 1.292802367074405434e-01 1.340985652019841337e-02 3.424235187989580691e-04 2.376599784093697654e+00 1.634528926679747297e-29 2.858073808081119105e-01 2.806591325956875327e-01 8.509342567286696385e-03 -1.931614779160322826e+01 1.792553663056363489e-01 1.120826051142682855e+00 3.129839107438012746e-01 1.076263812947012705e-01 2.704690102797628004e+00 1.119183776471016856e+00 1.304233214244899575e+00 4.531133064391670612e-05 2.345734868588792398e-04
6.089921646804781652e+00 8.784326817455648140e+00 7.905000467234474248e-01 1.253913304986986055e-01 4.161492655315308237e-03 4.932414552610004499e+00 2.622139836473289762e-28 1.377224540432681499e+00 1.360618345890209246e+00 8.378931955141025179e-02 2.995215366305636895e+00 -4.391105422602417718e+01 3.200378841270647978e+00 1.462698240580294406e+00 6.901878889240955495e-01 5.320346986981790316e+00 3.197663294471422724e+00 3.492736536062455599e+00 5.869986441435113503e-04 2.891980161488755686e-03
3.181454993005533805e+00 5.752978725164262563e+00 1.088437831840343567e-01 1.102499290779515584e-02 2.774689243504352312e-04 2.192768237945455390e+00 1.299535918428730153e-29 2.443523186172326389e-01 2.398509919325763906e-01 6.976662495160345680e-03 8.881860511426831195e-01 1.517788412706474188e-01 -1.781764998441814285e+01 2.681576287477977494e-01 9.035524930718334680e-02 2.510998584290461189e+00 9.984757752082026316e-01 1.170943193026453777e+00 3.657308650260584972e-05 1.899141618090187508e-04
5.287685092326174008e+00 7.970032604412938149e+00 4.962846090939899146e-01 6.769955747496322895e-02 2.040383850948839818e-03 4.149989131467716419e+00 1.173808286711830676e-28 9.328870487187637117e-01 9.199425668237474207e-01 4.437837403670723962e-02 2.313233910743801580e+00 6.469882405802941383e-01 2.501047628747798068e+00 -3.556038068280389552e+01 4.264243375877252440e-01 4.529350397538240536e+00 2.498547925922346202e+00 2.772156694365364160e+00 2.814375052089801692e-04 1.410741607163841851e-03
6.784484134154006085e+00 9.484521528382046540e+00 1.128968544041603073e+00 2.071858674723480731e-01 7.607346387813239928e-03 5.617187758130302910e+00 5.229985978512629272e-28 1.843279213983393117e+00 1.823806631616771368e+00 1.412420484830077538e-01 3.624406381294702051e+00 1.391007888924095770e+00 3.839775249307184168e+00 1.942954337587725622e+00 -5.183349768082335629e+01 6.009418911860675117e+00 3.836934195345112819e+00 4.144305484313930421e+00 1.097757473273140933e-03 5.314402065358657910e-03
1.441642995656185366e+00 3.599209303959727713e+00 1.840942723189800331e-02 1.577663394231073549e-03 3.564717717026263168e-05 8.141222138173902501e-01 1.420205022878549683e-30 4.614536640436572856e-02 4.515751931933657121e-02 9.786607576350221140e-04 2.270301027976281416e-01 2.672698698178970975e-02 2.659785842904612840e-01 5.144039753824108940e-02 1.497891186067427417e-02 -7.148600831941699596e+00 2.654330658540528520e-01 3.297051937362893703e-01 4.555464930419529800e-06 2.423569969139132386e-05
3.184166590721123846e+00 5.755981764390065258e+00 1.090915284207756020e-01 1.105342507030315780e-02 2.782360235498877450e-04 2.195137565309496441e+00 1.303449377880133109e-29 2.448604514246696673e-01 2.403510455029161386e-01 6.994900907067954678e-03 8.895937764710171169e-01 1.521132944714221613e-01 1.001525775208219171e+00 2.687079259223458250e-01 9.056419534511231384e-02 2.513503065854052920e+00 -1.783678393544223084e+01 1.172633277062152146e+00 3.667603819347134756e-05 1.904412997456952125e-04
2.897075958112734995e+00 5.434300235453393135e+00 8.524691779154722204e-02 8.373362833006828959e-03 2.067722615065914515e-04 1.947373224566770089e+00 9.438388532086577972e-30 1.952610836181872811e-01 1.915590940926979457e-01 5.279692540404929031e-03 7.472132142448997261e-01 1.197565360624556485e-01 8.465631930264544414e-01 2.148866943653642003e-01 7.050548431393005577e-02 2.250345193736289495e+00 8.452032770621522584e-01 -1.585931841256276442e+01 2.711346332161992386e-05 1.413650176484063765e-04
1.579006219203716554e+01 1.849711017136064228e+01 9.261910412804427395e+00 6.414120192258918607e+00 2.488198788254301519e+00 1.460965660312669812e+01 3.717132247579190423e-24 1.039278866892984432e+01 1.036553661662239101e+01 5.882080925436046215e+00 1.253013531133064440e+01 9.714716998644142620e+00 1.276276657308650186e+01 1.053012143750520835e+01 9.014407757473271943e+00 1.500775455546492942e+01 1.275971667603819348e+01 1.308713711346332076e+01 -1.912640647749661014e+02 2.155843781129437975e+00
1.399087174063212125e+01 1.669791093508689173e+01 7.466120060091814281e+00 4.650848978434253489e+00 1.223518108295658546e+00 1.281048499917655192e+01 6.340019246468839879e-25 8.594863049308891334e+00 8.567641888306962272e+00 4.137120194200659462e+00 1.073112457348685922e+01 7.917821980161488860e+00 1.096371991416180869e+01 8.732050741607165989e+00 7.219424402065357960e+00 1.320857423569969313e+01 1.096067044129974732e+01 1.128805136501764927e+01 3.566437811294388971e-01 -1.595174613881630137e+02
