-43.64666234052014	1.5963558278896472	4.1047541420232125	0.7472581076475119	1.077935098669283	0.5792112137562211	2.366686570025274	0.6697526390247472	0.9795463806772384	1.632185184380129	4.789808554569436	2.234559582602972	1.3882177696474718	1.9740980742185297	1.0101440704678366	1.5156758025615316	5.664239954370672	4.291827268854622	4.6218003548886	2.402605744245202
0.5746658278896478	-30.939654177152367	3.166278809133177	0.4102216413591944	0.6274117159586434	0.30694697586747344	1.6122351417660805	0.3619526737340551	0.5609766196329498	1.0270343125539207	3.818536821400875	1.5029568765471955	0.8461037711620201	1.2924513611185033	0.58147898552056	0.939698097279325	4.668391401444903	3.3428645842529203	3.6572321845534286	1.6422163759774926
0.07281814202321266	0.15603280913317652	-7.980204158488038	0.04712268165793565	0.08181998993474297	0.032837212993734426	0.32035537087091254	0.040265639174022316	0.07054217135659792	0.16215473496147353	1.4005841941246389	0.2869882700648129	0.12310143377558488	0.22772988485710605	0.07396015596208118	0.14274194909655258	2.013909137792891	1.1019413930569435	1.2954727186524813	0.3298262689991393
1.304168107647512	1.9888216413591944	4.6359686816579355	-51.6217235215374	1.396000140714463	0.7912780634825477	2.829250666449792	0.9044657111985165	1.2799262966561635	2.0288277729577424	5.33168335482645	2.687630782402379	1.7541664302353848	2.4056727452583466	1.3161687126688795	1.8983335455484116	6.213706296270915	4.8265103375197205	5.161541984212822	2.867602250470221
0.9259150986692832	1.4970817159586438	3.9617359899347435	0.6870701407144636	-41.59422542130131	0.5296335188566316	2.246066713065691	0.6143086395035846	0.9065039082593965	1.5316749716268492	4.643123955911739	2.11690962778003	1.2966938965244896	1.8630777348715442	0.9355471843955201	1.4192877437749394	5.514895054588955	4.147623769096668	4.475855217989328	2.28122053977881
1.5873912137562214	2.336816975867473	5.072953212993736	1.2425480634825476	1.6898335188566314	-58.575252383868715	3.2242592670123758	1.1322078959079804	1.5602295083883935	2.3797337610480223	5.774739049486519	3.076504522397408	2.083362285993173	2.7803823755365342	1.6008184756823478	2.2394399728699015	6.660978964115695	5.265487040246536	5.603395506988944	3.2641707732382863
0.299476570025274	0.5667151417660802	2.2850813708709126	0.20513066644979208	0.33087671306569055	0.1488692670123754	-20.627227912950254	0.17852890736111532	0.2914145230124102	0.5847149085643604	2.878212756459999	0.918964669011349	0.4664594333728512	0.7672220340365542	0.30350260871550555	0.5269777329466065	3.6798784086223653	2.4432959561992833	2.7294151157693145	1.0224911296884152
1.4242326390247475	2.138122673734055	4.826681639174022	1.102035711198516	1.520808639503584	0.87850789590798	3.0002189073611154	-54.61470202091171	1.3986883251408329	2.179458656517506	5.525295979882191	2.8557477585117526	1.8949124828160049	2.5672352174460884	1.4368701169012061	2.0444928348268046	6.4093435580156655	5.018173093334205	5.354579165060502	3.039296726554926
1.0207363806772356	1.6238566196329496	4.143668171356598	0.7642062966561635	1.0997139082593959	0.5932395083883936	2.3998145230124104	0.6853983251408328	-44.212195154696424	1.6600145293507031	4.829654860364836	2.2669106918385187	1.4136512680083533	2.0047078122250968	1.0310192459241894	1.5424082363206817	5.704758847783801	4.331043287819788	4.661459085128638	2.4359335568078406
0.5569051843801295	0.9734443125539207	3.118810734961474	0.3966377729577425	0.6084149716268491	0.2962737610480224	1.5766449085643608	0.34969865651750665	0.5435445293507036	-30.34486871561721	3.7687429318090597	1.4687315275244675	0.8224415244098437	1.261138140070762	0.5635560299788299	0.9142411429421453	4.616792221950228	3.294661768811893	3.6079206736146405	1.6062679225446324
0.04151055456943733	0.09192882140087426	0.6842221941246389	0.02647535482644945	0.04684595591173946	0.018261049486520034	0.19712475645999897	0.022517979882192268	0.04016686036483501	0.09572493180905972	-5.17030048849751	0.1752529838524715	0.07170012514000192	0.1370230754219255	0.042185596332368756	0.08372498876472288	1.513959696467803	0.7628594630674452	0.9154402422400871	0.20337585837493907
0.33404958260297235	0.6241368765471953	2.418414270064813	0.23021078240237908	0.3684196277800295	0.16781452239740835	1.085664669011349	0.2007577585117528	0.3252106918385185	0.6435015275244672	3.0230409838524714	-22.091503105494184	0.5159089905348146	0.8388344298163704	0.3384613324460918	0.5813165348914715	3.8344381602186077	2.580153625593861	2.8717741058956925	1.1093946335639187
0.6919377696474717	1.17151377116202	3.458757433775585	0.5009764302353847	0.7524338965244892	0.37890228599317305	1.837389433372851	0.4441524828160049	0.6761812680083531	1.2014415244098438	4.123718125140003	1.7201389905348143	-34.706247451223405	1.492467738054272	0.6997710747922425	1.104547443494809	4.983292194123602	3.6393759196236477	3.9597944334794577	1.869455236035382
0.41534807421853	0.7553913611185029	2.7009158848571064	0.29001274525834625	0.4563477348715435	0.21345237553653415	1.275682034036554	0.2540052174460884	0.4047678122250964	0.7776681400707612	3.3265710754219255	1.1805944298163704	0.6299977380542717	-25.304579535492525	0.4206233055212127	0.7059647698901997	4.155324146579108	2.869159681182735	3.170832838113664	1.3019201712739759
0.9899240704678384	1.5829489855205603	4.085676155962082	0.73903871266888	1.0673471843955207	0.5724184756823486	2.350492608715506	0.6621701169012068	0.9696092459241916	1.6186160299788301	4.770263596332368	2.218751332446092	1.3758310747922429	1.9591533055212134	-43.3705067807998	1.502648350019268	5.644357506167754	4.272598108887257	4.602349421671725	2.386312498744915
0.6171158025615318	1.0628280972793245	3.2761179490965526	0.44286354554841156	0.6727477437749391	0.3326999728699015	1.6956277329466067	0.39145283482680493	0.6026582363206817	1.0909611429421446	3.9334629887647226	1.5832665348914714	0.9022674434948091	1.3661547698901997	0.6243083500192672	-32.333609433311096	4.787238705689641	3.4543146023925413	3.7711063069533783	1.7264166730481678
0.020039954370672516	0.0458814014449032	0.4016451377928911	0.012596296270914884	0.022715054588954904	0.008598964115694866	0.10288840862236505	0.010663558015666666	0.019368847783801955	0.04787222195022725	0.6180576964678028	0.09074816021860768	0.035372194123601916	0.0698741465791078	0.020377506167753908	0.041598705689641365	-2.687365839678595	0.4540729198626403	0.5586114151854903	0.10638325042785648
0.062498268854620904	0.13522558425292006	0.9045483930569439	0.04027133751972039	0.07031476909666787	0.02797804024653542	0.28117695619928373	0.034364093334205224	0.06052428781978742	0.14061276881189227	1.2818284630674455	0.25133462559386066	0.10632691962364724	0.19858068118273497	0.06348910888725648	0.12354560239254114	1.86894391986264	-7.123513618285797	1.1822854490443009	0.2896643494387924
0.04767535488859962	0.10479718455342857	0.7532837186524816	0.030506984212821924	0.0537502179893277	0.021090506988944317	0.2225001157693147	0.025974165060502756	0.04614408512863883	0.10907567361464063	1.089613242240087	0.1981591058956927	0.0819494334794585	0.15545783811366487	0.048444421671724504	0.09554130695337892	1.6286864151854903	0.8374894490443011	-5.7795851246746945	0.22944590523219557
0.29074574424520255	0.5520463759774927	2.2499022689991395	0.19883225047022168	0.32138053977881015	0.14413077323828644	0.9778411296884129	0.17295672655492667	0.2828835568078405	0.5696879225446319	2.839813858374939	0.8980446335639183	0.45387523603538205	0.7488101712739759	0.2946724987449147	0.5131166730481679	3.6387232504278564	2.4071333494387925	2.6917109052321955	-20.246307864445107