-1.825059227443106380e+01 9.140312819938711808e-01 1.031519354966324187e+00 1.187974501379887027e+00 6.023897459290669110e-01 9.191838073658114006e-01 4.929403156185251933e-01 7.871824141685316301e-01 1.348449890744760626e+00 1.190368175933025352e+00 1.550794490746949750e+00 6.945006408389624575e-01 8.286377142293317455e-01 1.246033772790518634e+00 1.351241097157431792e+00 1.017167126413270228e+00 9.582380516619525279e-01 9.287281350186665785e-01 5.896400987660905813e-01 6.115716587080902711e-01
1.091197281993870449e+00 -1.999595408414687370e+01 1.124555688673457565e+00 1.289566528962863057e+00 6.664162119626571013e-01 1.005474955388511615e+00 5.479349497948527992e-01 8.648246132718913071e-01 1.457914644494614054e+00 1.292084069935726554e+00 1.669044426543651927e+00 7.655511055635301210e-01 9.090856245892879883e-01 1.350573796785893510e+00 1.460835345790478135e+00 1.109371086128597250e+00 1.046935087154456712e+00 1.015613423402738524e+00 6.526543921572858231e-01 6.763208515525130915e-01
9.691293549663235751e-01 8.849996886734575741e-01 -1.766000095745377862e+01 1.153424403642420382e+00 5.809910614098050541e-01 8.900390307379520971e-01 4.746433486715331274e-01 7.610634540517751123e-01 1.311092158308867939e+00 1.155774044541339141e+00 1.510281936859450447e+00 6.706734996354903888e-01 8.015395125146622668e-01 1.210434468339120606e+00 1.313837030389610749e+00 9.859415043237619303e-01 9.282477958598258638e-01 8.993747184519564897e-01 5.685901921271366843e-01 5.899237539492934168e-01
8.329845013798872211e-01 7.574105289628629833e-01 8.608244036424201884e-01 -1.505630200324431556e+01 4.883443475402238221e-01 7.619248592321239411e-01 3.959344898301392357e-01 6.469155789124365619e-01 1.144334496342034990e+00 1.002141526532872140e+00 1.328384835635567196e+00 5.670085616272668716e-01 6.828874609940587259e-01 1.052042637318966634e+00 1.146858235596341924e+00 8.481390439484379762e-01 7.962053917518151502e-01 7.702922209258805664e-01 4.775183283962124992e-01 4.961505546747667084e-01
1.542911745929066880e+00 1.429772211962657025e+00 1.583903061409805080e+00 1.783856347540223819e+00 -2.866217251326123971e+01 1.436610722957120778e+00 8.398397254747341778e-01 1.258897248221375387e+00 1.983550832236302464e+00 1.786873006773723516e+00 2.228770141599984100e+00 1.130677403723546082e+00 1.315293446534955057e+00 1.856690856224566089e+00 1.986980787848493968e+00 1.565269143786269801e+00 1.488201838927224685e+00 1.449258188385709856e+00 9.816313650089987242e-01 1.013184438716485669e+00
1.085419807365811007e+00 9.945449553885049587e-01 1.118665030737951982e+00 1.283150859232124130e+00 6.623247229571206374e-01 -1.988535055301792553e+01 5.444097426663101480e-01 8.598850051062242317e-01 1.451018124615831573e+00 1.285660817942057665e+00 1.661613901665248028e+00 7.610212707102897989e-01 9.039720639639532429e-01 1.343977815733415238e+00 1.453930934775258699e+00 1.103531641605723701e+00 1.041311676872505254e+00 1.010101787979670984e+00 6.486262161337575938e-01 6.721841775661645535e-01
1.772955315618525152e+00 1.650783949794852878e+00 1.817048348671533198e+00 2.030939489830139166e+00 1.179332725474734112e+00 1.658188742666310000e+00 -3.309283744047395004e+01 1.464843128028626262e+00 2.242775825002276235e+00 2.034152148989737618e+00 2.500814009171692387e+00 1.324061799585614319e+00 1.526412776610114763e+00 2.108395202226128085e+00 2.246400231318777418e+00 1.797015315236383248e+00 1.713966365569261630e+00 1.671876445283967172e+00 1.158879323839355990e+00 1.193996297555919739e+00
1.248100414168531680e+00 1.148576613271891311e+00 1.284371454051775219e+00 1.462823578912436639e+00 7.792932482213751344e-01 1.154567005106224009e+00 6.457461280286262983e-01 -2.300170586055613597e+01 1.643382635836774019e+00 1.465534407144144957e+00 1.867961145754986285e+00 8.899919114832458567e-01 1.048796262042682725e+00 1.528420930755326257e+00 1.646502932887186521e+00 1.267869594961970492e+00 1.199865019525824694e+00 1.165654587005279685e+00 7.638541886604256481e-01 7.903938027374332043e-01
7.174698907447607521e-01 6.497686444946142448e-01 7.425021583088676769e-01 8.683444963420348106e-01 4.120488322363021205e-01 6.538021246158314259e-01 3.317808250022763472e-01 5.514846358367739843e-01 -1.284757065044714075e+01 8.702896370592195785e-01 1.169409593640278633e+00 4.809682412876422619e-01 5.833859744205025510e-01 9.156865982210720123e-01 1.002311778699369160e+00 7.310900758292113721e-01 6.844755178782119254e-01 6.612818407910074914e-01 4.026051307835350479e-01 4.188646542556287433e-01
8.310981759330253738e-01 7.556480699357265296e-01 8.588940445413395519e-01 9.978615265328554251e-01 4.870810067737232352e-01 7.601548179420576368e-01 3.948671489897379594e-01 6.453464071441450400e-01 1.141999637059219808e+00 -1.502023376655269260e+01 1.325825031693372846e+00 5.655890183755917233e-01 6.812536974350168473e-01 1.049831185242020570e+00 1.144520105734573745e+00 8.462286452263005909e-01 7.943785411047915579e-01 7.685081885857458772e-01 4.762772236863058173e-01 4.948712946171406890e-01
5.982044907469495909e-01 5.392884265436520552e-01 6.200819368594504555e-01 7.307848356355672870e-01 3.356581415999839724e-01 5.427879016652480404e-01 2.682090091716927138e-01 4.544531457549864095e-01 8.477995936402786814e-01 7.325050316933725547e-01 -1.056632336561382068e+01 3.941326008015827442e-01 4.818952685614714682e-01 7.727271302557086052e-01 8.498645651894985997e-01 6.101020048027087084e-01 5.694447299506919524e-01 5.492809694785033559e-01 3.276848294458403199e-01 3.414187538166324476e-01
1.384146640838962439e+00 1.278031105563530057e+00 1.422709499635490316e+00 1.611644561627267214e+00 8.798014037235456497e-01 1.284431270710290063e+00 7.336927995856145079e-01 1.118719911483246010e+00 1.801594241287642228e+00 1.614505018375591794e+00 2.036368600801582662e+00 -2.561154762373924854e+01 1.171166417810564520e+00 1.680786664697591526e+00 1.804866983773271150e+00 1.405172046462678459e+00 1.332773243474068003e+00 1.296272803639189286e+00 8.629743548101936890e-01 8.918900554389234125e-01
1.193500714229331683e+00 1.096782624589287547e+00 1.228792512514662372e+00 1.402740460994058802e+00 7.396344465349552477e-01 1.102599063963953352e+00 6.112607766101149087e-01 9.527412620426825018e-01 1.579228974420502363e+00 1.405386697435016874e+00 1.799348268561471453e+00 8.463834178105642536e-01 -2.195528566098540324e+01 1.466805298502983579e+00 1.582282906389238963e+00 1.212733380018641505e+00 1.146602969981971976e+00 1.113366426806038589e+00 7.247697787263090996e-01 7.503256808536161726e-01
7.887037727905181761e-01 7.160777967858935611e-01 8.154944683391205373e-01 9.497026373189663140e-01 4.588388562245659941e-01 7.204118157334149508e-01 3.710502022261282784e-01 6.101729307553265258e-01 1.089336598221072316e+00 9.517711852420200902e-01 1.267987130255708639e+00 5.338106646975915304e-01 6.446122985029838492e-01 -1.420963120978926142e+01 1.091781947717994194e+00 8.032847910691647275e-01 7.533407813065066128e-01 7.284464111169880463e-01 4.485377851360766721e-01 4.662691363492190710e-01
7.156410971574316271e-01 6.480693457904782573e-01 7.406270303896105300e-01 8.662482355963418978e-01 4.108587878484942224e-01 6.520949347752587055e-01 3.307852313187779059e-01 5.499849328871863063e-01 9.976917786993456660e-01 8.681901057345736694e-01 1.166854565189498594e+00 4.796209837732711145e-01 5.818199063892393053e-01 9.135119477179941549e-01 -1.281259997175996368e+01 7.292359707183168060e-01 6.827090566406884831e-01 6.595600777648116253e-01 4.014373051622286970e-01 4.176586782064147241e-01
9.830271264132679487e-01 8.980650861285975894e-01 1.014191504323760151e+00 1.168989043948438278e+00 5.906071437862696616e-01 9.031556416057234804e-01 4.828603152363833972e-01 7.728115949619704939e-01 1.327930075829211409e+00 1.171358645226300288e+00 1.528552004802708586e+00 6.813860464626784186e-01 8.137303800186412861e-01 1.226474791069164683e+00 1.330695970718316579e+00 -1.792586933454289877e+01 9.417470311822471185e-01 9.125857401412852399e-01 5.780488734660930161e-01 5.996523192218433662e-01
1.042958051661953212e+00 9.544890871544581268e-01 1.075357795859826160e+00 1.235915391751815307e+00 6.323998389272245113e-01 9.597956768725047771e-01 5.186713655692615221e-01 8.236670195258245508e-01 1.400175517878212039e+00 1.238368541104791554e+00 1.606754729950691907e+00 7.278472434740680397e-01 8.664599699819721668e-01 1.295390781306506867e+00 1.403029056640688221e+00 1.060607031182246862e+00 -1.907260576541571240e+01 9.696239389877535642e-01 6.191700185761164210e-01 6.419247090097968123e-01
1.074828135018667252e+00 9.845474234027360438e-01 1.107864718451956776e+00 1.271382220925880491e+00 6.548361883857100052e-01 9.899657879796768256e-01 5.379614452839670546e-01 8.508365870052795321e-01 1.438361840791007706e+00 1.273878188585745752e+00 1.647970969478503189e+00 7.527268036391892014e-01 8.946034268060383265e-01 1.331876411116988068e+00 1.441260077764811909e+00 1.092825740141284863e+00 1.031003938987754776e+00 -1.968259653562793332e+01 6.412540365484945548e-01 6.646125953142394405e-01
1.567127098766090576e+00 1.452975392157285883e+00 1.608467192127136736e+00 1.809995328396212910e+00 1.018596365009001747e+00 1.459877216133757871e+00 8.563513238393563043e-01 1.280423188660425593e+00 2.011072130783535084e+00 1.813034223686305957e+00 2.257761829445840362e+00 1.150815354810193591e+00 1.337393778726309046e+00 1.883354785136076792e+00 2.014524305162229023e+00 1.589675873466092959e+00 1.511937018576116509e+00 1.472641036548494542e+00 -2.912796597274439492e+01 1.031942531313934097e+00
1.525839658708090463e+00 1.413422851552513126e+00 1.566581753949293665e+00 1.765408554674766650e+00 9.869304387164837822e-01 1.420216177566164806e+00 8.282492975559199166e-01 1.243743802737433013e+00 1.964112654255628643e+00 1.768409294617140803e+00 2.208276753816632798e+00 1.116512055438923179e+00 1.299730680853616205e+00 1.837867136349219166e+00 1.967526678206414692e+00 1.548060319221843395e+00 1.471472709009796542e+00 1.432780595314239402e+00 9.687235313139351822e-01 -2.833386494385804966e+01
