-3.286917647626496830e+01 8.302881587168827737e-01 6.242833412559960493e-01 7.768115885073570981e-01 3.855038801524140801e+00 3.510013068441044659e-01 1.284396084236234525e+00 1.803403088515415753e+00 7.736432155442275471e-01 2.715694374271000466e+00 3.330124985256844639e+00 6.668012445722546477e-01 2.032421674811638379e+00 9.982859804081367638e-01 7.643846763137555067e-01 8.008456750478989417e-01 1.351621981010942442e+00 1.098905214370880179e+00 5.572111382829467274e+00 3.239113702227791158e+00
1.191398158716882927e+00 -3.730609907172852502e+01 7.635511128347152177e-01 9.390892808353331622e-01 4.194577798314402806e+00 4.408418059097351516e-01 1.506584726559890175e+00 2.068075472149902616e+00 9.354706991579412323e-01 3.026555879020440543e+00 3.659233128933029544e+00 8.127689367726249614e-01 2.311518022453610488e+00 1.189478585113157516e+00 9.248901716399166029e-01 9.665025888572064128e-01 1.580218174704883571e+00 1.301736889962771704e+00 5.927621596768070766e+00 3.565986043024011121e+00
1.502693341255995962e+00 1.280851112834714645e+00 -4.424107220315150357e+01 1.209281224482579242e+00 4.689305725712904938e+00 6.006328973308844299e-01 1.859500956990859377e+00 2.475440900879591233e+00 1.205013394768694956e+00 3.489202199839847029e+00 4.142514623246919214e+00 1.059162628442070764e+00 2.736592557935630943e+00 1.500489660415725623e+00 1.192523939481638484e+00 1.241554068570227543e+00 1.941565697268908819e+00 1.628703210400369361e+00 6.439264737218043599e+00 4.046779326075903072e+00
1.262321588507356651e+00 1.063489280835333783e+00 8.163812244825792153e-01 -3.891254789069807885e+01 4.312745599056777124e+00 4.757783152262298754e-01 1.587841773669489198e+00 2.163164950974993062e+00 9.962247627954735618e-01 3.136099520949357178e+00 3.774299742340310626e+00 8.679676352577753162e-01 2.411189210869578048e+00 1.260332158934102775e+00 9.851839029409941162e-01 1.028587326506871902e+00 1.663593203450905333e+00 1.376527704146371267e+00 6.050437661090994013e+00 3.680382328662580527e+00
8.924080152414057276e-02 6.766979831440285420e-02 4.509772571290487225e-02 6.143759905677671079e-02 -5.586999415802388569e+00 2.096074611568563353e-02 1.318266307606770493e-01 2.325612589751608617e-01 6.107666461542797520e-02 4.944032825834522860e-01 7.409952901432650396e-01 4.944176524661525463e-02 2.874867229573908056e-01 8.900901222317154915e-02 6.002724624701008538e-02 6.420570148847810910e-02 1.431372882120649781e-01 1.031107837008308215e-01 2.144649545908445365e+00 7.006615520164874988e-01
2.174991306844104688e+00 1.903721805909735387e+00 1.546212897330885072e+00 1.814258315226230600e+00 5.610748746115685748e+00 -5.853023692079315055e+01 2.595533137269579793e+00 3.288488072878272828e+00 1.808890459578833321e+00 4.373154578406514226e+00 5.050928965278200344e+00 1.623038433622238319e+00 3.573164838741328175e+00 2.172337576502907375e+00 1.793159891772974968e+00 1.854727621960763129e+00 2.689988479196592230e+00 2.325506743200116855e+00 7.379077208961961176e+00 4.952307841996223203e+00
7.610460842362346545e-01 6.221247265598903731e-01 4.577409569908599263e-01 5.789817736694898853e-01 3.374274630760677685e+00 2.481931372695800886e-01 -2.704669149646807824e+01 1.452665785060105463e+00 5.764356310205945855e-01 2.287149614915668927e+00 2.868786871075843958e+00 4.912562952814558126e-01 1.658087680500531569e+00 7.596285148558546974e-01 5.690018582719259532e-01 5.983324790689370509e-01 1.057501599107454116e+00 8.433197684721088772e-01 5.060294067852125544e+00 2.781870021498738410e+00
4.802230885154160633e-01 3.837854721499026067e-01 2.738509008795917410e-01 3.544749509749937078e-01 2.675179258975161289e+00 1.413180728782727213e-01 6.528357850601052004e-01 -1.953240880713420680e+01 3.527550215086995289e-01 1.694846793342872582e+00 2.210971334081294870e+00 2.958717777112503389e-01 1.165092434236426833e+00 4.792237944460239762e-01 3.477398577085186182e-01 3.675825979802874177e-01 6.955441682853136243e-01 5.387348632751358668e-01 4.289878015536642053e+00 2.132500619588296953e+00
1.266713215544227111e+00 1.067430699157940088e+00 8.196733947686948296e-01 1.003784762795464358e+00 4.319944664615427143e+00 4.779704595788323851e-01 1.592855631020593909e+00 2.169005021508698672e+00 -3.901144401991505362e+01 3.142794008767718417e+00 3.781317898261397303e+00 8.714044576747573823e-01 2.417301166086635700e+00 1.264719565477253838e+00 9.889311436947740841e-01 1.032443446407987686e+00 1.668734073627775372e+00 1.381152691555637801e+00 6.057906422589762307e+00 3.687361296781474174e+00
2.250023742710002828e-01 1.747538790204403725e-01 1.201001998398468218e-01 1.598975209493574690e-01 1.769509282583452192e+00 5.847257840651345906e-02 3.198076149156685588e-01 5.273347933428721435e-01 1.590320087677188354e-01 -1.135918144669758334e+01 1.392228210632201701e+00 1.308094809485059462e-01 6.331541649472262057e-01 2.244712992727927459e-01 1.565122554626444396e-01 1.665165116960189429e-01 3.441671055111704680e-01 2.564638773040915920e-01 3.210327797129444605e+00 1.330620491696617336e+00
1.366289852568444152e-01 1.046271289330292370e-01 7.060862324691841163e-02 9.529374234031073865e-02 1.313297290143265128e+00 3.344296527820014853e-02 1.986408710758434393e-01 3.406553340812944475e-01 9.475189826139761295e-02 6.894242106322016062e-01 -7.824941905184360280e+00 7.720368234901570093e-02 4.159282601575797211e-01 1.362874300353591750e-01 9.317565140790232125e-02 9.944448189681766304e-02 2.148872900214408854e-01 1.569830802921379775e-01 2.603538113567783974e+00 9.501228662070174691e-01
1.429131244572254156e+00 1.213988936772624427e+00 9.430826284420703587e-01 1.144787635257774827e+00 4.577569765246614963e+00 5.613784336222378268e-01 1.776936295281454914e+00 2.381381777711249814e+00 1.140664457674757326e+00 3.383831480948505277e+00 4.033029682349015488e+00 -4.262719199917317070e+01 2.638867936128950653e+00 1.426989641650662222e+00 1.128600564708292397e+00 1.175979170118298001e+00 1.857199797520334261e+00 1.551730029209288153e+00 6.324255673132475941e+00 3.937786848826311026e+00
3.954416748116377778e-01 3.134280224536100667e-01 2.212025579356309835e-01 2.886992108695781156e-01 2.416304722957390627e+00 1.121948387413277959e-01 5.444576805005311160e-01 8.512924342364264207e-01 2.872511660866358119e-01 1.486866164947225899e+00 1.972444260157579565e+00 2.395579361289507103e-01 -1.702513399152266516e+01 3.945869879496896604e-01 2.830307468612751620e-01 2.997459410554325077e-01 5.817227266557455367e-01 4.456531767449095072e-01 3.993228288254711433e+00 1.898025454174375959e+00
1.001715980408142359e+00 8.317985851131570740e-01 6.255096604157259765e-01 7.782521589341029333e-01 3.858237012223171725e+00 3.517775765029066970e-01 1.286408514855854390e+00 1.805833794446023655e+00 7.750795654772543175e-01 2.718593299272792585e+00 3.333213430035359082e+00 6.680896416506625357e-01 2.034996987949690084e+00 -3.290971929830059395e+01 7.658086397986917371e-01 8.023179603533301396e-01 1.353696796478734088e+00 1.100730639879994754e+00 5.575480291445869874e+00 3.242178763059129665e+00
1.279674676313755866e+00 1.079070171639916698e+00 8.294039394816388189e-01 1.014963902940994256e+00 4.341115246247010617e+00 4.844598917729747711e-01 1.607641858271925850e+00 2.186209857708518722e+00 1.011151143694773546e+00 3.162494255462644954e+00 3.801961651407902654e+00 8.815605647082932483e-01 2.435300746861275734e+00 1.277668639798692274e+00 -3.930295244624741713e+01 1.043832290578711852e+00 1.683892441118804983e+00 1.394798831632828806e+00 6.079861459367611687e+00 3.707890877239142124e+00
1.229715675047899248e+00 1.034262588857205900e+00 7.920140685702276029e-01 9.719473265068713230e-01 4.258873701488478325e+00 4.596076219607628799e-01 1.550552479068936673e+00 2.119632597980286803e+00 9.682434464079866521e-01 3.086078511696018989e+00 3.721810481896817624e+00 8.425191701182983550e-01 2.365595941055432583e+00 1.227757960353330180e+00 9.574122905787111337e-01 -3.817622847608805614e+01 1.625346018971143280e+00 1.342167127284974448e+00 5.994499207168670019e+00 3.628192261075998459e+00
7.153919810109422572e-01 5.828781747048833450e-01 4.269256972689087215e-01 5.418532034509054851e-01 3.272705288212064634e+00 2.297684791965914630e-01 9.446215991074530249e-01 1.382494168285313130e+00 5.394340736277756232e-01 2.198629105511170412e+00 2.772153290021440508e+00 4.586397975203343469e-01 1.582472726655745676e+00 7.140367964787338595e-01 5.323724411188044403e-01 5.602460189711430116e-01 -2.588560448478635223e+01 7.941439993456190782e-01 4.950573988283132998e+00 2.686263656015390300e+00
9.072152143708795968e-01 7.489368899627713017e-01 5.586032104003694210e-01 6.993277041463712429e-01 3.677218783700830773e+00 3.098267432001162169e-01 1.174979768472108166e+00 1.670224863275135530e+00 6.963926915556379882e-01 2.555465877304091471e+00 3.158789080292137452e+00 5.977100292092885070e-01 1.890943176744909415e+00 9.056106398799944612e-01 6.878188316328281982e-01 7.216071272849743368e-01 1.238683999345619124e+00 -3.065261998717765124e+01 5.384111352643693671e+00 3.069154003755895754e+00
2.165138282946706128e-02 1.605159676807087210e-02 1.039473721804336920e-02 1.446766109099385800e-02 3.599875459084454499e-01 4.627208961961001149e-03 3.318406785212500709e-02 6.259801553664152973e-02 1.437642258976258407e-02 1.505597971294445059e-01 2.465741135677840257e-01 1.146567313247606919e-02 7.974828825471157179e-02 2.159029144586978657e-02 1.411145936761189212e-02 1.516920716867028833e-02 3.634398828313350344e-02 2.534135264369380761e-02 -1.368293330100741167e+00 2.300505203518347919e-01
1.470877022277911061e-01 1.128500430240112207e-01 7.634332607590271769e-02 1.028463286625808659e-01 1.374433552016487425e+00 3.629184199622264434e-02 2.131940214987382565e-01 3.636546195882963683e-01 1.022652967814744324e-01 7.292864916966174116e-01 1.051592866207017307e+00 8.343084882631135457e-02 4.429794541743760083e-01 1.467227630591297627e-01 1.005748772391420603e-01 1.072962610759985169e-01 2.304676560153905152e-01 1.688180037558959512e-01 2.688484520351834828e+00 -8.278620474273218122e+00
