-2.024275762815544510e+01 8.039126001532086452e-01 7.033918747703874486e-01 1.272303282910105304e+00 2.010898606268295228e-03 3.652058888663761160e-01 8.008862510460136510e-05 3.006116470602788304e+00 6.130989695913002802e-01 2.262162315181521333e+00 1.966589388835334518e+00 7.187623955364980111e-01 2.148587454986637724e+00 1.827555962603417017e+00 2.692750839805886295e-02 7.623040671327138140e-01 1.144481890473069585e+00 2.619231672924182686e+00 1.487793597093858803e-06 3.341016487568072867e-05
1.225642600153208583e+00 -2.405127387638327363e+01 8.824787165117055077e-01 1.532415653775773379e+00 2.910947680412545417e-03 4.752040568386276531e-01 1.177795542699621741e-04 3.381253125389954928e+00 7.756831517424961353e-01 2.603900982003329201e+00 2.289512927366844863e+00 9.005384918869469013e-01 2.483545464199286901e+00 2.140212278652509070e+00 3.787853783997875701e-02 9.515197035638937040e-01 1.389268289439061110e+00 2.979139693754612406e+00 2.209248411774855913e-06 4.926678195520431506e-05
1.370161874770387422e+00 1.127518716511705099e+00 -2.643258636047566412e+01 1.696169972412842508e+00 3.604352410614889649e-03 5.503394473826849209e-01 1.472742804368067516e-04 3.604581568809832159e+00 8.833423834354567905e-01 2.810691350107142217e+00 2.486701832558897429e+00 1.019652071978828012e+00 2.686898362411567209e+00 2.332079706995811463e+00 4.605721962482632603e-02 1.075016905563286995e+00 1.544548127820381200e+00 3.195010707655442150e+00 2.778868340560963360e-06 6.170687718375759165e-05
7.696332829101054651e-01 6.080156537757734903e-01 5.267299724128422511e-01 -1.619572289218145400e+01 1.289707957504353545e-03 2.624462413342231737e-01 5.049131818408951743e-05 2.577625051984455240e+00 4.547065849391160319e-01 1.882039766029076633e+00 1.612509093048140274e+00 5.390859767566770211e-01 1.777941921509765377e+00 1.487363288879408607e+00 1.780239945108708782e-02 5.742332484391415859e-01 8.910631454846116295e-01 2.213165137886815792e+00 9.279059802446699446e-07 2.100015854741192292e-05
8.331190898606267936e+00 7.910360947680413091e+00 7.666014352410614130e+00 8.833139707957503362e+00 -1.360292830091042333e+02 6.576231379982083958e+00 1.026135549560763111e-01 1.115777917870418712e+01 7.423701241434836895e+00 1.026520760207022143e+01 9.878286776283850656e+00 7.704943917813628751e+00 1.011936789172471407e+01 9.686941814544264062e+00 3.196924423535903781e+00 7.812042600965301453e+00 8.607016004684995281e+00 1.070522014959577994e+01 2.996589994757195043e-03 4.930397615882740198e-02
2.127400888866376238e+00 1.815669056838627560e+00 1.645764447382684903e+00 2.527311241334222913e+00 9.246379982083777899e-03 -3.847242759833707026e+01 3.975165367730039141e-04 4.637690929179318466e+00 1.485941815124878218e+00 3.791812336264879235e+00 3.436171107575363148e+00 1.672257964240487782e+00 3.656808248977535758e+00 3.263557435927294303e+00 1.071866663400092012e-01 1.746278864354703808e+00 2.343670670072131035e+00 4.205086348887130399e+00 7.724170523481112594e-06 1.679562820571751719e-04
1.190982008862510533e+01 1.148812777955427222e+01 1.124311727428043817e+01 1.241246049131818552e+01 3.683173554956077123e+00 1.014794251653677293e+01 -1.973286330709757124e+02 1.473818585778977486e+01 1.099999375351421627e+01 1.384542343758052496e+01 1.345835923575862836e+01 1.128216212592544032e+01 1.369953538437642671e+01 1.326692296300632279e+01 6.634079502656286209e+00 1.138955886657989858e+01 1.218606216570065115e+01 1.428554892823761513e+01 5.943911428445673023e-02 5.987200302946406039e-01
1.776764706027888219e-01 1.310831253899549520e-01 1.093715688098326616e-01 2.518550519844550695e-01 1.591787041866268967e-04 4.705592917931843838e-02 5.857789775451970769e-06 -4.171327870237510282e+00 9.111436190723774808e-02 6.191689534297332154e-01 4.929924098724913217e-01 1.125967166046000362e-01 5.689952005697234139e-01 4.385589270928204608e-01 2.431748047766400713e-03 1.219184642371012456e-01 2.156458314152607247e-01 7.906955623225540020e-01 1.032859453444295250e-07 2.408991964712025005e-06
1.523028969591300408e+00 1.263883151742496214e+00 1.126502383435456833e+00 1.867306584939115943e+00 4.451241434836509560e-03 6.336768151248782788e-01 1.837535142169260255e-04 3.829484361907237400e+00 -2.891379268192407892e+01 3.021125572968756945e+00 2.688565352622106719e+00 1.147733080728605470e+00 2.894277842939727119e+00 2.529142712269769167e+00 5.579578907235085983e-02 1.207428421199044921e+00 1.707688186589469748e+00 3.413437849499054266e+00 3.488351731649936273e-06 7.712399392813574519e-05
3.264923151815215530e-01 2.465009820033291499e-01 2.082513501071427409e-01 4.490397660290765813e-01 3.576020702222426758e-04 9.394733626487962452e-02 1.343758052289250185e-05 1.511938953429733390e+00 1.755255729687575372e-01 -7.574038766366008701e+00 8.189191998358146263e-01 2.139770238720667683e-01 9.288280288213593971e-01 7.384801496541918420e-01 5.286890217276423234e-03 2.304385396446909096e-01 3.898798416933330069e-01 1.236155988861750155e+00 2.403812563043283922e-07 5.547749084055994823e-06
4.179893888353348741e-01 3.191829273668451705e-01 2.713318325588978119e-01 5.665790930481405807e-01 5.067762838509639071e-04 1.253761075753634935e-01 1.923575862934299443e-05 1.772832409872491244e+00 2.300353526221068923e-01 1.205989199835814318e+00 -9.492859660164583602e+00 2.785221975619753820e-01 1.125432623237613949e+00 9.073322422468383941e-01 7.370945677247926417e-03 2.991401436043144013e-01 4.952291054994972797e-01 1.469981775908724808e+00 3.464457689303228976e-07 7.956225129987160301e-06
1.346482395536498178e+00 1.106528491886947130e+00 9.806020719788295370e-01 1.669475976756676916e+00 3.483917813629071672e-03 5.377829642404879928e-01 1.421259254394200008e-04 3.568756716604599699e+00 8.655230807286055095e-01 2.777367023872066909e+00 2.454842197561974970e+00 -2.604498748558724230e+01 2.654097387289672039e+00 2.301035623453633772e+00 4.465086466678030996e-02 1.054666224197642110e+00 1.519178528178683152e+00 3.160309682038338952e+00 2.679161899393643815e-06 5.953369484022905599e-05
3.588074549866375196e-01 2.720354641992869249e-01 2.303483624115670314e-01 4.908319215097651234e-01 4.078917247136838275e-04 1.048332489775356952e-01 1.538437642628055115e-05 1.607655200569723331e+00 1.945678429397268150e-01 1.074718028821359361e+00 8.842526232376132223e-01 2.365973872896719177e-01 -8.263544972597737015e+00 7.992382365872455763e-01 5.994379562306759515e-03 2.545460765783518209e-01 4.272230237084969073e-01 1.321465813379370635e+00 2.759006597686118681e-07 6.355837278971758662e-06
4.703959626034169839e-01 3.613222786525091546e-01 3.081497069958111235e-01 6.328732888794085243e-01 6.018145442638669343e-04 1.442024359272945921e-01 2.296300632131952597e-05 1.909838927092820215e+00 2.620527122697688949e-01 1.316990149654191811e+00 1.098772242246838449e+00 3.161556234536339605e-01 1.231858236587246136e+00 -1.055040179666180045e+01 8.678050896211472742e-03 3.390804580769252174e-01 5.550674357040032980e-01 1.594329588132042508e+00 4.150187154850138885e-07 9.506920376815464657e-06
5.311387508398058621e+00 4.900608537839978851e+00 4.663747219624825746e+00 5.804932399451086411e+00 1.522044235359038544e-01 3.629451666340008931e+00 8.799502656285167548e-03 8.115331748047765359e+00 4.430325789072350418e+00 7.225416890217275068e+00 6.840430945677247188e+00 4.701390864666779912e+00 7.080234379562306835e+00 6.650298050896211066e+00 -8.756984062822529324e+01 4.805138483694027407e+00 5.582189134444713652e+00 7.663871100236797851e+00 1.977594174829812789e-04 3.884224446167569827e-03
1.282614067132713753e+00 1.050099703563894371e+00 9.285569055632864055e-01 1.597213248439141697e+00 3.172600965301929782e-03 5.043938643547037914e-01 1.288665798981393235e-04 3.470668464237101514e+00 8.178084211990450658e-01 2.686418539644690906e+00 2.368050143604313984e+00 9.472562241976418829e-01 2.564636076578352242e+00 2.216550458076925079e+00 4.098848369402750824e-02 -2.499466118827439232e+01 1.450611101651767543e+00 3.065437655803646688e+00 2.422902798384117486e-06 5.394008514569765725e-05
8.682218904730698572e-01 6.912782894390612221e-01 6.015181278203810544e-01 1.117473145484611852e+00 1.576004684995399151e-03 3.052156700721309623e-01 6.216570065173641641e-05 2.767825831415260396e+00 5.214981865894695590e-01 2.049289841693332725e+00 1.767569105499496862e+00 6.151985281786830351e-01 1.940743023708497050e+00 1.635967435704003270e+00 2.146913444471319765e-02 6.540411016517677645e-01 -1.795164752005439013e+01 2.392672999690600211e+00 1.147906614176256663e-06 2.588989704841320762e-05
2.434316729241828292e-01 1.816096937546121670e-01 1.524407076554420426e-01 3.400351378868155527e-01 2.401495957804215733e-04 6.709134888713037814e-02 8.928237614451506454e-06 1.243335562322553489e+00 1.277078494990542268e-01 7.960259888617496893e-01 6.427817759087245397e-01 1.567896820383387069e-01 7.354458133793705388e-01 5.756895881320424069e-01 3.611100236797764890e-03 1.693276558036463375e-01 2.931329996906000823e-01 -5.728709492117625146e+00 1.585501066798977173e-07 3.678753062008325936e-06
1.620344148779359728e+01 1.578171220924841123e+01 1.553667277886834164e+01 1.670611092790597851e+01 7.877256589994757974e+00 1.444125272417052308e+01 4.353139114284456213e+00 1.903188010328594615e+01 1.529351348835173141e+01 1.813911024038125319e+01 1.775204034644577078e+01 1.557572267916190079e+01 1.799322027590066142e+01 1.756060041501871538e+01 1.091917775941748303e+01 1.568313242290279952e+01 1.647970114790661356e+01 1.857924015855010680e+01 -2.773719976641285712e+02 3.465072794539513890e+00
1.286087341016487606e+01 1.243915926678195483e+01 1.219413170687718484e+01 1.336353100015854700e+01 4.580963976158826334e+00 1.109881295628205677e+01 1.549820030294638995e+00 1.568928240899196602e+01 1.195098712399392760e+01 1.479651554774908284e+01 1.440944795622512942e+01 1.223317953369483924e+01 1.465062635583727868e+01 1.421800950692037802e+01 7.580264224446167098e+00 1.234058394008514625e+01 1.313712588989704955e+01 1.523664367875306169e+01 1.224727945395130413e-01 -2.144524313078516400e+02
