-1.837137928786141217e+01 9.069765096853900088e-01 9.179025443577083498e-01 1.275068902864897380e+00 9.638025786076297452e-01 8.857158830255550397e-01 8.768105708686866340e-01 9.302225502850357541e-01 9.589962323868745919e-01 9.719424209051097385e-01 1.027125922799253965e+00 1.118855506602126182e+00 1.145169889177802380e+00 1.009550209950805799e+00 9.197440951827015043e-01 9.011906580778840103e-01 8.166378155947451312e-01 8.067334366976354199e-01 1.053516908007549269e+00 8.854166527840250378e-01
1.099176509685390268e+00 -2.030866472104262854e+01 1.011670046469160145e+00 1.390263946986410204e+00 1.060633021424071343e+00 9.772747972223989610e-01 9.677493368963892006e-01 1.024822039969115695e+00 1.055510613847954859e+00 1.069305681529170826e+00 1.128021693498213684e+00 1.225329194076673067e+00 1.253179147779273750e+00 1.109335765577922128e+00 1.013636426120362310e+00 9.938177926422634423e-01 9.032797760144595234e-01 8.926499106395227034e-01 1.156054226920831374e+00 9.769547937430446138e-01
1.086852544357707950e+00 9.884200464691643706e-01 -2.006780308416380265e+01 1.376014378242032654e+00 1.048592453356178567e+00 9.658722936384516178e-01 9.564220126029098212e-01 1.013051289374632624e+00 1.043508251787511387e+00 1.057200720004312977e+00 1.115490269763849129e+00 1.212125995939620893e+00 1.239791362051052337e+00 1.096938286838051058e+00 1.001951267499685772e+00 9.822858485591905442e-01 8.924740213162840607e-01 8.819323363484300460e-01 1.143324897956827124e+00 9.655548080579050563e-01
7.676589028648975743e-01 6.906539469864099168e-01 6.996543782420329149e-01 -1.384263619722501915e+01 7.375943645634802648e-01 6.731748069954244240e-01 6.658670953765695177e-01 7.098174140961958090e-01 7.336118532556815675e-01 7.443441023217074459e-01 7.902705724986800462e-01 8.672369404290104500e-01 8.894552432993964031e-01 7.756118774626733492e-01 7.011725515081085325e-01 6.858926540080720891e-01 6.167050834519540725e-01 6.086497512957194100e-01 8.123355320081336872e-01 6.729291265608717820e-01
1.037092578607629267e+00 9.417230214240714936e-01 9.529324533561785993e-01 1.318294364563480370e+00 -1.909565576509535134e+01 9.199047604411227930e-01 9.107634196791404291e-01 9.655694596892943071e-01 9.950731180618265226e-01 1.008343074026848196e+00 1.064874991777144064e+00 1.158737360189166843e+00 1.185639663835295066e+00 1.046875301494500032e+00 9.548215596882411171e-01 9.357862282153196487e-01 8.489567955015254741e-01 8.387768072988276424e-01 1.091893184229124403e+00 9.195976230166148513e-01
1.123715883025554696e+00 1.023074797222397692e+00 1.034922293638453894e+00 1.418584806995424330e+00 1.084614760441122927e+00 -2.078837319767052350e+01 9.903263954778669387e-01 1.048272603507848011e+00 1.079417154226255393e+00 1.093414150815808839e+00 1.152969099389526519e+00 1.251596819627234680e+00 1.279809260205710508e+00 1.134019743561827998e+00 1.036918435879264910e+00 1.016798017277872113e+00 9.248285109668100690e-01 9.140246949654603492e-01 1.181390735237716427e+00 9.996750352083684232e-01
1.134220570868686773e+00 1.032959336896389635e+00 1.044882012602910137e+00 1.430687095376569573e+00 1.094883419679140157e+00 1.009736395477862203e+00 -2.099376749719091606e+01 1.058316328645648952e+00 1.089653975695014987e+00 1.103736460769915606e+00 1.163646422891164267e+00 1.262832304839725417e+00 1.291197886553480556e+00 1.144585619496993001e+00 1.046890763088292431e+00 1.026642485223169698e+00 9.340660410775794009e-01 9.231884210562807391e-01 1.192232628990783194e+00 1.009409327961307667e+00
1.073182550285035397e+00 9.755820399691166322e-01 9.870612893746305572e-01 1.360187414096195813e+00 1.035239459689292429e+00 9.532326035078485527e-01 9.438663286456476786e-01 -1.980067673548297691e+01 1.030197985573647834e+00 1.043775707613945558e+00 1.101588145909069949e+00 1.197471787298804990e+00 1.224930385252652743e+00 1.083186044003542348e+00 9.889956636776290333e-01 9.695015013729858522e-01 8.805009240010194249e-01 8.700576972393626596e-01 1.129201276387285402e+00 9.529179315852615018e-01
1.042156232386874271e+00 9.464706138479553887e-01 9.577182517875101331e-01 1.324181853255681718e+00 1.004943118061814689e+00 9.245771542262545273e-01 9.154039756950147488e-01 9.703979855736467597e-01 -1.919455570859381055e+01 1.013313564322371629e+00 1.070026997354077469e+00 1.164176127597611021e+00 1.191157406344531600e+00 1.051970251850612215e+00 9.596137685598838951e-01 9.405134685389681115e-01 8.533768190969406309e-01 8.431596060754827926e-01 1.097129563729442703e+00 9.242689502891366926e-01
1.028592420905109162e+00 9.337556815291703227e-01 9.449007200043139099e-01 1.308404102321707452e+00 9.917030740268519828e-01 9.120641508158082722e-01 9.029764607699156675e-01 9.574657076139465595e-01 9.868035643223732611e-01 -1.892965033784376772e+01 1.056225841622531636e+00 1.149604481509455489e+00 1.176373525416811949e+00 1.038322369096262410e+00 9.467790216152203175e-01 9.278531886914107574e-01 8.415413862453975380e-01 8.314241007844406228e-01 1.083101729906886801e+00 9.117588106461562703e-01
9.733559227992527596e-01 8.820516934982138846e-01 8.927702697638492113e-01 1.243910572498679867e+00 9.378149917771438915e-01 8.611990993895265456e-01 8.524664228911640329e-01 9.048581459090704326e-01 9.330969973540772511e-01 9.458058416225316734e-01 -1.785133209549039535e+01 1.090161904074554267e+00 1.116043528227161463e+00 9.827355123877645759e-01 8.945770020143452017e-01 8.763763123577341663e-01 7.934875453903004194e-01 7.837843552499600408e-01 1.025930324991134901e+00 8.609056532939303175e-01
8.898755066021262206e-01 8.041491940766730684e-01 8.141959959396211088e-01 1.145666940429010516e+00 8.564673601891669152e-01 7.846168196272345075e-01 7.764423048397254279e-01 8.255317872988046091e-01 8.520361275976109372e-01 8.639744815094553276e-01 9.149519040745539566e-01 -1.622309847226899748e+01 1.024466336590215576e+00 8.987002050888837079e-01 8.158899467546920636e-01 7.988313840695291379e-01 7.213167154735736775e-01 7.122617124404447830e-01 9.393816709830118405e-01 7.843420786846658777e-01
8.676498891778021694e-01 7.834591477792740566e-01 7.933213620510525255e-01 1.119345243299395998e+00 8.348296638352952215e-01 7.642892602057105300e-01 7.562678865534807615e-01 8.044503852526527776e-01 8.304774063445315990e-01 8.422035254168120932e-01 8.922935282271616808e-01 9.759263365902165477e-01 -1.578990485263544663e+01 8.763214692800994632e-01 7.949843138636107920e-01 7.782395508885198154e-01 7.021977133441366092e-01 6.933199397749408854e-01 9.163085783444295807e-01 7.640196524063219696e-01
9.905102099508021896e-01 8.980957655779219229e-01 9.089482868380508451e-01 1.263981877462673209e+00 9.545453014945004533e-01 8.769797435618275072e-01 8.681356194969926943e-01 9.211860440035420927e-01 9.497702518506114799e-01 9.626323690962614865e-01 1.017465512387761617e+00 1.108640205088883501e+00 1.134801469280098951e+00 -1.818613441517878471e+01 9.107775001929121483e-01 8.923490618757327075e-01 8.083861285959292875e-01 7.985530963505358404e-01 1.043693408717059734e+00 8.766825633566849296e-01
1.084794095182701534e+00 9.864864261203576401e-01 9.980512674997017442e-01 1.373632551508108479e+00 1.046581559688241736e+00 9.639684358792639518e-01 9.545307630882924332e-01 1.011085663677627089e+00 1.041503768559884469e+00 1.055179021615220591e+00 1.113397002014344883e+00 1.209919946754691944e+00 1.237554313863610700e+00 1.094867500192911791e+00 -2.002757592766818817e+01 9.803602809053263423e-01 8.906702254279987852e-01 8.801433228535918696e-01 1.141198410252519224e+00 9.636513725837902999e-01
1.105780658077884393e+00 1.006207792642272558e+00 1.017925848559190216e+00 1.397892654008071833e+00 1.067086228215320176e+00 9.833880172778725060e-01 9.738224852231683881e-01 1.031131501372984483e+00 1.061943468538967483e+00 1.075793188691411384e+00 1.134736312357734089e+00 1.232401384069529371e+00 1.260349550888519632e+00 1.115979061875732370e+00 1.019900280905326584e+00 -2.043775210758942151e+01 9.090748432945017221e-01 8.983979502808009387e-01 1.162874209545903259e+00 9.830666717642266850e-01
1.208947815594745290e+00 1.103389776014459756e+00 1.115834021316283842e+00 1.516425083451953926e+00 1.167976795501525444e+00 1.079138510966810793e+00 1.068966041077579643e+00 1.129850924001019274e+00 1.162526819096940667e+00 1.177201386245397607e+00 1.239567545390300340e+00 1.342606715473573686e+00 1.372027713344136535e+00 1.219736128595929392e+00 1.117930225427998803e+00 1.096794843294501609e+00 -2.245561670997325621e+01 9.886085860283844173e-01 1.269290936719456697e+00 1.078796842432256708e+00
1.221913436697635635e+00 1.115629910639522215e+00 1.128162336348430106e+00 1.531239751295719431e+00 1.180666807298827337e+00 1.091204694965459909e+00 1.080958421056280594e+00 1.142277697239362899e+00 1.175179606075483107e+00 1.189954100784440749e+00 1.252734355249959908e+00 1.356421712440444738e+00 1.386019939774941090e+00 1.232773096350535891e+00 1.130273322853591722e+00 1.108987950280800661e+00 1.011478586028380811e+00 -2.270938550502809505e+01 1.282649224021426004e+00 1.090860555626850692e+00
9.483269080075498181e-01 8.586642269208318856e-01 8.691848979568272959e-01 1.214555532008133598e+00 9.134131842291248748e-01 8.382007352377162102e-01 8.296326289907830498e-01 8.810512763872851982e-01 9.087795637294426854e-01 9.212617299068865950e-01 9.745103249911345467e-01 1.063171670983011685e+00 1.088638578344429675e+00 9.575434087170591191e-01 8.709584102525194105e-01 8.530942095459029817e-01 7.717909367194564219e-01 7.622792240214260051e-01 -1.736297025054785692e+01 8.379128035983365308e-01
1.124066652784025067e+00 1.023404793743041719e+00 1.035254808057905151e+00 1.418989126560871616e+00 1.084957623016614026e+00 1.000325035208348812e+00 9.906493279613022285e-01 1.048607931585262776e+00 1.079758950289136044e+00 1.093758810646156432e+00 1.153325653293930220e+00 1.251972078684665757e+00 1.280189652406322098e+00 1.134372563356684571e+00 1.037251372583789522e+00 1.017126671764226220e+00 9.251368424322569117e-01 9.143305556268501721e-01 1.181752803598336454e+00 -2.079523125359972369e+01
