-1.512551357268830898e+01 7.840576887360668490e-01 6.358307917380221497e-01 8.633709614689053513e-01 1.139330271484944257e+00 5.221344373302998498e-01 7.941938886350130566e-01 6.110245301368021353e-01 8.682654822894904090e-01 1.175484954776463420e+00 9.807599979500577492e-01 6.144399426378378548e-01 1.235764670731879650e-01 8.160229623348285166e-01 1.084968173747947295e+00 6.182701093525112546e-01 7.819694988465227814e-01 7.255304630832059010e-01 9.045507287781999750e-01 1.081732222288003920e+00
1.252360688736066763e+00 -1.942862198602868773e+01 8.228752424086868134e-01 1.093408318714910399e+00 1.412188655581908536e+00 6.844207910089660230e-01 1.011987520748355074e+00 7.928736429763020288e-01 1.099144058363947574e+00 1.453323508698529665e+00 1.230117158684240097e+00 7.970109241799520072e-01 1.734758352390257108e-01 1.037752959308901213e+00 1.350082512857933681e+00 8.016481108306934278e-01 9.975285393999129280e-01 9.304816220132372528e-01 1.141566276129032609e+00 1.346375620148087426e+00
1.482141791738022407e+00 1.200883242408686824e+00 -2.340981726492801585e+01 1.305610972860392405e+00 1.657742465980828195e+00 8.405754976474091311e-01 1.214367404204099277e+00 9.656461390056235716e-01 1.312016831118192561e+00 1.702657105220394262e+00 1.457557687898109133e+00 9.703896550108619401e-01 2.260231348885694824e-01 1.243305091339704349e+00 1.589718309369501537e+00 9.757040100043515851e-01 1.198101562501406647e+00 1.122417026173284649e+00 1.359309412337175615e+00 1.585649925221403134e+00
1.150334961468905348e+00 9.120693187149100378e-01 7.462639728603924771e-01 -1.767984302274154373e+01 1.302312800292761530e+00 6.176039775466645176e-01 9.233357581305075001e-01 7.183102217217415264e-01 1.005409719981106953e+00 1.341549439606737559e+00 1.129246743956340948e+00 7.221627281675147003e-01 1.523421978161537682e-01 9.475696277551846070e-01 1.243165390630699196e+00 7.264816382604476486e-01 9.097472016114309668e-01 8.468420537254581770e-01 1.045456565578515518e+00 1.239638704916069534e+00
8.725202714849440433e-01 6.770756555819086309e-01 5.446214659808280567e-01 7.485388002927613194e-01 -1.298159258624400891e+01 4.440987855596406075e-01 6.861866939285501399e-01 5.226054786959755116e-01 7.529615170375942856e-01 1.033240338830115235e+00 8.549974801719026907e-01 5.256340182630070412e-01 1.013382329886196170e-01 7.058300887516987254e-01 9.501421901056286146e-01 5.290313623818505562e-01 6.751994776993416325e-01 6.245981495585525289e-01 7.857934894369499323e-01 9.471790894941406469e-01
1.706280437330299771e+00 1.400263791008965697e+00 1.178410497647409017e+00 1.514785977546664331e+00 1.895054785559640464e+00 -2.734656122585297311e+01 1.415050164235267527e+00 1.140153537620166135e+00 1.521767755784932064e+00 1.943091023124083883e+00 1.679721117703030897e+00 1.145441884874075944e+00 2.841625021514789795e-01 1.446740721732701296e+00 1.822115704635204558e+00 1.151364374868846019e+00 1.397211916960198641e+00 1.313966040864063656e+00 1.573232976860012400e+00 1.817746015345931498e+00
1.238616888635013069e+00 9.881075207483548395e-01 8.124794042040992537e-01 1.080794758130507294e+00 1.397419693928550144e+00 6.753271642352675075e-01 -1.919234729518596083e+01 7.827495177172342222e-01 1.086487645120668644e+00 1.438307295730857138e+00 1.216524590994045862e+00 7.868489968741673168e-01 1.705516056550212822e-01 1.025563689874397610e+00 1.335699437941230361e+00 7.914439410281404186e-01 9.856557487016667229e-01 9.191554684952158993e-01 1.128597859261578629e+00 1.332016067909943535e+00
1.526848530136801996e+00 1.240394642976301975e+00 1.035159139005624951e+00 1.347170221721741390e+00 1.705239478695975475e+00 8.718315376201666300e-01 1.254150517717234292e+00 -2.419096896033338595e+01 1.353696796478733866e+00 1.750818001102490085e+00 1.501847632584078607e+00 1.004855834355723898e+00 2.370662811780468449e-01 1.283663165479867141e+00 1.636172160981440804e+00 1.010295592373784856e+00 1.237556606998630571e+00 1.160297912847298774e+00 1.401864997706496530e+00 1.632039910372947045e+00
1.144429482289490263e+00 9.070050583639474029e-01 7.418698311181924909e-01 9.946097199811066991e-01 1.295935517037594353e+00 6.137857557849322188e-01 9.182286451206694844e-01 7.140367964787339705e-01 -1.757899079912494500e+01 1.335057712186464851e+00 1.123410500543598145e+00 7.178725255527755866e-01 1.511592701507356029e-01 9.423714309397983602e-01 1.236966211093577739e+00 7.221726808893620397e-01 9.046918140382660400e-01 8.420324007077915063e-01 1.039905084702854809e+00 1.233450362145054324e+00
8.429149547764633876e-01 6.524505086985297186e-01 5.237761052203943057e-01 7.220154396067373082e-01 9.674803388301150830e-01 4.263750231240840960e-01 6.613142957308570935e-01 5.024240011024901920e-01 7.263237121864649648e-01 -1.248672356499392677e+01 8.258123294119520397e-01 5.053605793367597077e-01 9.645031773115961271e-02 6.804299005844629544e-01 9.187332901994572643e-01 5.086550066964772299e-01 6.506254404615143816e-01 6.014281709089697170e-01 7.583167956926609721e-01 9.158373546943771037e-01
1.019489997950056459e+00 8.005441586842403368e-01 6.499766878981091400e-01 8.810127439563412155e-01 1.160537480171902613e+00 5.343051177030309074e-01 8.108315909940456701e-01 6.247536325840786775e-01 8.859765005435981111e-01 1.197112329411951892e+00 -1.545510851963844168e+01 6.282268835949881280e-01 1.271489467259182826e-01 8.329827370515457963e-01 1.105524332799853626e+00 6.321217393558633546e-01 7.984246791722642289e-01 7.411222651334233857e-01 9.227678172078005447e-01 1.102248878699429557e+00
1.520567942637838010e+00 1.234835924179951805e+00 1.030206655010862171e+00 1.341326728167514748e+00 1.698572018263007077e+00 8.674238848740761787e-01 1.248553996874167238e+00 9.951598343557193083e-01 1.347836525552775555e+00 1.744058579336759562e+00 1.495624883594988130e+00 -2.408110445270209965e+01 2.354984625236573315e-01 1.277986670919904144e+00 1.629649267018086878e+00 1.005422265033012463e+00 1.232005729406639105e+00 1.154966151371544125e+00 1.395883063576268901e+00 1.625525870005332996e+00
3.454006467073187814e+00 3.035602835239024966e+00 2.710142134888569032e+00 3.195808197816153662e+00 3.698578232988619430e+00 2.430446502151478505e+00 3.056558605655021132e+00 2.651672281178046653e+00 3.205425270150735528e+00 3.759450317731159341e+00 3.418848946725917770e+00 2.659800462523657316e+00 -5.946969716023532726e+01 3.101193801701453534e+00 3.605132677467365099e+00 2.668885683790822583e+00 3.031267145661124651e+00 2.911565071925200865e+00 3.275818585087012291e+00 3.599493940480778864e+00
1.209746962334828480e+00 9.631739593089004847e-01 7.907180913397043875e-01 1.054329627755184351e+00 1.366364088751698791e+00 6.563187217327013379e-01 9.748646898743970057e-01 7.615631654798671324e-01 1.059931430939799135e+00 1.406723900584463172e+00 1.187976737051545939e+00 7.655826709199040625e-01 1.644878017014539118e-01 -1.869673655556561798e+01 1.305467057717153656e+00 7.700882404250436464e-01 9.607639765121392950e-01 8.954233265482187676e-01 1.101378256835335634e+00 1.301833849753280647e+00
9.195881737479478790e-01 7.163995128579336846e-01 5.780273093695013076e-01 7.908213906306993390e-01 1.051572190105628524e+00 4.725897046352048325e-01 7.258964379412301549e-01 5.549681609814408612e-01 7.954222110935774692e-01 1.085923290199457991e+00 9.014143327998540567e-01 5.581412670180865288e-01 1.093226774673654034e-01 7.463630577171539437e-01 -1.377073338835477756e+01 5.617003741626119817e-01 7.144435491260204829e-01 6.616478670455049338e-01 8.295587398241982546e-01 9.969331416313615968e-01
1.513573109352511104e+00 1.228648110830693252e+00 1.024696010004349844e+00 1.334820638260447501e+00 1.691144362381850286e+00 8.625213748688466131e-01 1.242323941028140366e+00 9.897745923737836238e-01 1.341311680889361924e+00 1.736528006696477222e+00 1.488694739355863383e+00 9.945972650330067166e-01 2.337586837908227355e-01 1.271667240425043532e+00 1.622383374162611913e+00 -2.395879380683321713e+01 1.225826678079373178e+00 1.149031912140035638e+00 1.389222204273786954e+00 1.618269882886214539e+00
1.255219498846523063e+00 1.002475539399920068e+00 8.250405625014070043e-01 1.096033201611430918e+00 1.415259477699341684e+00 6.863159169601986687e-01 1.014482748701664105e+00 7.949826069986307697e-01 1.101777814038266134e+00 1.456445440461514362e+00 1.232944679172264024e+00 7.991277294066388981e-01 1.740871456611248203e-01 1.040289976512139614e+00 1.353073549126020625e+00 8.037736780793732771e-01 -1.947779579684797113e+01 9.328398147141998553e-01 1.144264624818972065e+00 1.349361792138339178e+00
1.336249463083205802e+00 1.072897622013237129e+00 8.868250261732841810e-01 1.170597053725457748e+00 1.502127149558552643e+00 7.405390408640639688e-01 1.085451468495215233e+00 8.551929128472987029e-01 1.176587400707791664e+00 1.544717170908969539e+00 1.313111265133423355e+00 8.595571513715439815e-01 1.918540719252010973e-01 1.112418326548218817e+00 1.437746867045504917e+00 8.644479121400355792e-01 1.070308814714199919e+00 -2.087539194858354463e+01 1.220862002760630727e+00 1.433901228567710850e+00
1.101938728778200094e+00 8.706512761290324809e-01 7.103864123371754768e-01 9.558805655785166389e-01 1.249991489436950154e+00 5.864749768600124868e-01 8.815628592615785131e-01 6.834289977064964550e-01 9.611290847028550743e-01 1.288274795692661012e+00 1.081425817207800621e+00 6.871430635762688643e-01 1.427765850870125197e-01 9.050422568353359010e-01 1.192326739824198567e+00 6.913072042737867795e-01 8.684026248189721242e-01 8.075310027606309449e-01 -1.685456471003437429e+01 1.188890229166892132e+00
9.224922222880032052e-01 7.188326201480875755e-01 5.800989252214029390e-01 7.934347049160694887e-01 1.054749089494141145e+00 4.743600153459316404e-01 7.283530679099434746e-01 5.569759103729466920e-01 7.980463621450545331e-01 1.089167354694376977e+00 9.042788786994291339e-01 5.601578700053327919e-01 1.098239404807790226e-01 7.488698497532806364e-01 1.003073141631363185e+00 5.637268828862145309e-01 7.168717921383391811e-01 6.639422285677109015e-01 8.322622291668920758e-01 -1.381951708586530003e+01
