-2.082207737431815175e+01 7.457120450608671902e-01 7.521176987026489957e-01 1.207823688313405919e+00 1.299816327677208561e+00 3.651645350902712472e-01 1.208461932090822977e+00 1.425797889825876741e+00 1.249041120030964347e+00 1.804990301411329323e+00 1.659810932826923491e+00 1.125648684049526560e+00 3.384433435889423469e-01 1.178007373896695187e+00 1.030238783345093445e+00 8.354262039923984196e-01 7.580227298419578430e-01 1.166749563652428989e+00 1.437916737658004207e+00 1.232887483262786743e+00
1.306413045060867084e+00 -2.708109618856047973e+01 1.007855462324590334e+00 1.549768373712965497e+00 1.655796686650544691e+00 5.166989601965208401e-01 1.550507349468591700e+00 1.799516685153978335e+00 1.597393405005888667e+00 2.223305131605936236e+00 2.062465543464654605e+00 1.454211673896937951e+00 4.812471064333895820e-01 1.515192109617447436e+00 1.342179771778583053e+00 1.109336300732388203e+00 1.015090148945518189e+00 1.502109156781549659e+00 1.813257271548032401e+00 1.578752006182097434e+00
1.297148698702649039e+00 9.921854623245933702e-01 -2.689305643474202512e+01 1.539540881687036178e+00 1.645194319731744681e+00 5.118764185800507294e-01 1.540277155739144810e+00 1.788445089972431568e+00 1.586994381208296945e+00 2.211076559062119529e+00 2.050639507979257647e+00 1.444344536616305685e+00 4.766875485345295482e-01 1.505092468590564891e+00 1.332764249385957722e+00 1.100970804698167660e+00 1.007197184074270835e+00 1.492058635075558026e+00 1.802143031225434733e+00 1.568419501553907081e+00
8.175036883134058074e-01 5.987473737129656026e-01 6.041898816870361344e-01 -1.704478965181122518e+01 1.081726957120440868e+00 2.829511051956503098e-01 1.000565106408363381e+00 1.194513881996535964e+00 1.036549726609009792e+00 1.539377364111404356e+00 1.406449097955679406e+00 9.274729528618741448e-01 2.614167078473118022e-01 9.736309308753580138e-01 8.438626999193649114e-01 6.753055661432707524e-01 6.092103466232172693e-01 9.636903919606610858e-01 1.205413810222607962e+00 1.022212062247067621e+00
7.502663276772083556e-01 5.455456866505449254e-01 5.506133197317446548e-01 9.224969571204416630e-01 -1.564086408066715350e+01 2.542303980200539826e-01 9.230321002653845142e-01 1.107303376963522545e+00 9.571306704452238190e-01 1.437603332230763531e+00 1.309922773282178099e+00 8.539063275658069774e-01 2.345938318027660230e-01 8.975380703016992978e-01 7.750669943516954596e-01 6.169564472999886640e-01 5.552892205744717202e-01 8.881353095327128022e-01 1.117693604383436679e+00 9.435393324675102056e-01
2.127536535090271297e+00 1.718369960196520996e+00 1.729217418580050625e+00 2.435643105195650637e+00 2.566152398020054015e+00 -4.356883702004007120e+01 2.436559940408185909e+00 2.739958694906778014e+00 2.494519287952147835e+00 3.235331304923781737e+00 3.050003003217420794e+00 2.316175981946246409e+00 9.421600641478846683e-01 2.392626277500673027e+00 2.173646469406829596e+00 1.867531487371220766e+00 1.739189090492953005e+00 2.376288085001693862e+00 2.756403246077827607e+00 2.471524669603883062e+00
8.170119320908229010e-01 5.983563494685917306e-01 6.037961557391448020e-01 9.994351064083841774e-01 1.081132100265384199e+00 2.827379404081862280e-01 -1.703454802600876761e+01 1.193880238805421490e+00 1.035971232011010379e+00 1.538641328536745068e+00 1.405749853539877581e+00 9.269360510921753615e-01 2.612174564316986358e-01 9.730760575241319543e-01 8.433598124093624193e-01 6.748774992896610092e-01 6.088141379748791548e-01 9.631393420833312957e-01 1.204776568256514802e+00 1.021638863673445252e+00
6.688078898258766891e-01 4.818256851539783892e-01 4.864240899724314171e-01 8.278438819965360240e-01 8.998633769635225876e-01 2.205966949067778571e-01 8.283402388054214027e-01 -1.392944954192240914e+01 8.599941587342804228e-01 1.310997159505447929e+00 1.190317810629329509e+00 7.643348929252792301e-01 2.032447576325901728e-01 8.047086129803723287e-01 6.916176130744813300e-01 5.467715862525953652e-01 4.906684813393358269e-01 7.960003622315191540e-01 1.009721298504081766e+00 8.473709504885539312e-01
7.864911200309644412e-01 5.741424050058886452e-01 5.794133812082971069e-01 9.643197266090117736e-01 1.044130670445224673e+00 2.695972879521476018e-01 9.648712320110094387e-01 1.154434158734280569e+00 -1.639815849591603225e+01 1.492723859723591229e+00 1.362160648634642479e+00 8.935806709362043021e-01 2.489394249144064319e-01 9.385909223783428512e-01 8.121405533686225642e-01 6.483471848211642685e-01 5.842762029909324140e-01 9.288946287644724853e-01 1.165103476848132535e+00 9.860009405386966908e-01
4.795703014113291140e-01 3.371841316059361882e-01 3.406255590621194429e-01 6.042773641114043137e-01 6.617333322307634713e-01 1.475393049237812004e-01 6.046713285367452118e-01 7.425671595054478269e-01 6.298538597235912029e-01 -9.898987360339624786e+00 8.990211369041833933e-01 5.541079198457208310e-01 1.354081213631610214e-01 5.859463953069421471e-01 4.972639514403413008e-01 3.860812213141478488e-01 3.438048897009412519e-01 5.790627445670224471e-01 7.504710081559587964e-01 6.197976306300878591e-01
5.436409328269233843e-01 3.855945434646546599e-01 3.894385079792573867e-01 6.805990979556791887e-01 7.433027732821780864e-01 1.714610032174201104e-01 6.810298535398773279e-01 8.311378106293292323e-01 7.085406486346425003e-01 1.108271136904183329e+00 -1.127328856658384204e+01 6.256492111651399401e-01 1.575783715290876574e-01 6.605435322744771520e-01 5.631497124571778201e-01 4.400933862081740644e-01 3.929885757213567588e-01 6.530057596668953357e-01 8.397035375019572534e-01 6.975601716254289375e-01
8.840686840495262100e-01 6.519306738969380399e-01 6.577335366163056252e-01 1.076212952861874239e+00 1.161876327565806610e+00 3.122239819462461208e-01 1.076806051092175753e+00 1.279744892925279265e+00 1.114550670936204524e+00 1.637947919845720968e+00 1.500239211165140141e+00 -1.842778418756223857e+01 2.888024949264036412e-01 1.048525382761894997e+00 9.118997281571294966e-01 7.334226011504640930e-01 6.630850739840090657e-01 1.038081459576112087e+00 1.291115524290333383e+00 1.099517019814678420e+00
2.218815343588942390e+00 1.800918106433389676e+00 1.812028548534529326e+00 2.532108707847311901e+00 2.664515831802765966e+00 1.060160064147884329e+00 2.533039456431698255e+00 2.840606757632590185e+00 2.591861424914406076e+00 3.341200121363160580e+00 3.154120371529087752e+00 2.410754494926403702e+00 -4.538772322358614986e+01 2.488429497690068271e+00 2.265770067030807855e+00 1.953536780858067701e+00 1.822240324932461020e+00 2.471834745737888195e+00 2.857254044723638753e+00 2.568528533461050589e+00
8.408973738966951661e-01 6.173811096174474100e-01 6.229514685905648275e-01 1.026840930875358104e+00 1.109978070301699260e+00 2.931442775006730117e-01 1.027416057524131343e+00 1.224588612980372249e+00 1.064030922378342847e+00 1.574256395306942169e+00 1.439603532274477349e+00 9.529953827618957707e-01 2.709474976900682064e-01 -1.753157490035002652e+01 8.677815170069551609e-01 6.956913459409892475e-01 6.280894116295854257e-01 9.898793744386759075e-01 1.235657641135462725e+00 1.049443978499692953e+00
9.703587833450921796e-01 7.215987717785832256e-01 7.278532493859574126e-01 1.174302699919364645e+00 1.264736994351695509e+00 3.513944694068297792e-01 1.174929812409362562e+00 1.388727613074481670e+00 1.214810553368622648e+00 1.762803951440341299e+00 1.619439712457177771e+00 1.093599728157129913e+00 3.255180670308082114e-01 1.145011517006955248e+00 -2.021151047137821521e+01 8.092544299737272073e-01 7.336195046204856407e-01 1.133954615248956799e+00 1.400663221104090805e+00 1.198932777298554742e+00
1.184886203992397968e+00 8.980953007323881909e-01 9.053998046981679426e-01 1.415085566143270857e+00 1.515966447299988751e+00 4.546194873712208206e-01 1.415787499289660856e+00 1.653221586252595632e+00 1.460357184821164056e+00 2.060961221314147718e+00 1.905723386208174164e+00 1.324462601150464103e+00 4.226247808580680942e-01 1.382261345940989150e+00 1.218594429973727467e+00 -2.460902955330677244e+01 9.121294557458987651e-01 1.369851046812873729e+00 1.666373397909758136e+00 1.442628806791817597e+00
1.288693729841957625e+00 9.850601489455187432e-01 9.928371840742709065e-01 1.530201346623217384e+00 1.635510220574471596e+00 5.074880904929528480e-01 1.530935137974879234e+00 1.778329481339335549e+00 1.577497202990932434e+00 2.199895889700941076e+00 2.039829575721356925e+00 1.435336073984008864e+00 4.725393249324609801e-01 1.495870411629585561e+00 1.324170504620485689e+00 1.093340455745898776e+00 -2.672138814023044162e+01 1.482881707495354418e+00 1.791988193125183759e+00 1.558983460417628031e+00
8.499495636524290187e-01 6.246081567815494617e-01 6.302276350755576795e-01 1.037210391960661671e+00 1.120885309532712482e+00 2.971160850016935084e-01 1.037789342083330180e+00 1.236190362231519346e+00 1.074644628764471976e+00 1.587682744567022741e+00 1.452375759666895583e+00 9.628614595761120221e-01 2.746627457378882364e-01 1.010189374438679621e+00 8.770346152489569835e-01 7.035910468128736550e-01 6.354107074953543322e-01 -1.771971627222500345e+01 1.247323737299214530e+00 1.059962606298077592e+00
6.615467376580043135e-01 4.761862715480323915e-01 4.807420312254347960e-01 8.193638102226081799e-01 8.908736043834368790e-01 2.176612460778275526e-01 8.198565682565145396e-01 9.903412985040789263e-01 8.512834768481323255e-01 1.299521008155958723e+00 1.179503537501957355e+00 7.563255242903332842e-01 2.005120447236385939e-01 7.963976411354628526e-01 6.841732211040908451e-01 5.405433979097582498e-01 4.849471931251839729e-01 7.877537372992147180e-01 -1.377628256319937172e+01 8.387502132297048885e-01
7.984674832627866037e-01 5.836310061820974004e-01 5.889685015539071200e-01 9.781120622470693693e-01 1.058669332467509827e+00 2.747326696038834837e-01 9.786688636734457436e-01 1.169940950488553622e+00 1.014130940538695569e+00 1.510797630630087873e+00 1.379310171625429016e+00 9.066770198146784088e-01 2.537365334610509615e-01 9.521339784996938338e-01 8.243927772985547575e-01 6.587488067918175760e-01 5.938924604176281097e-01 9.423426062980773121e-01 1.180700213229704643e+00 -1.664805400808467084e+01
