-1.947229927204561406e+01 1.130219163523116910e+00 5.143137297343265413e-01 9.486801241618093572e-01 1.514158559318125319e-01 9.329428728261882631e-01 7.391646215862902240e-06 1.378946123215836650e+00 1.634110719618335539e+00 2.133173475625883331e+00 2.099235700884702904e+00 1.148409188387818247e+00 6.116723671024010961e-02 1.463744180066717693e+00 1.833664330024190825e+00 1.140196017959742569e+00 1.552864869112729362e+00 8.914362992726407864e-01 2.418208067686987428e-01 2.159511865746066295e-01
8.801891635231163802e-01 -1.726569643421569467e+01 4.417802680793876946e-01 8.332059454898492756e-01 1.261947868024392294e-01 8.188263762868330797e-01 5.855786173312280337e-06 1.231003792943262676e+00 1.470560775747582261e+00 1.945279352872842704e+00 1.912771961241558794e+00 1.016801050689630337e+00 5.027370584970077688e-02 1.310345341679129083e+00 1.659483848850341836e+00 1.009213121250170042e+00 1.394025384639573373e+00 7.809650286305563904e-01 2.034995070284318364e-01 1.812711668251139052e-01
1.723720729734326662e+00 1.901217268079387734e+00 -3.239562877539684393e+01 1.652205276698624825e+00 3.468343936769009983e-01 1.630083422951517313e+00 2.270520949971329973e-05 2.226776085721848819e+00 2.546006805426594077e+00 3.138691810068001686e+00 3.099459324847502639e+00 1.925592534183448779e+00 1.518928104117269751e-01 2.334343372444622755e+00 2.787367130614986976e+00 1.914598644033380870e+00 2.445767476713250677e+00 1.571286060131285023e+00 5.246354901833929496e-01 4.751274342665494643e-01
1.053138124161810740e+00 1.187693945489849634e+00 5.472562766986247551e-01 -2.044235994491534214e+01 1.632266019972264115e-01 9.836921243955595306e-01 8.146372236600039966e-06 1.443717415207993016e+00 1.705216074711108032e+00 2.213984742043557663e+00 2.179482668714500804e+00 1.206459792400916387e+00 6.634105060300334034e-02 1.530739657625067585e+00 1.909034419191559140e+00 1.197987502256114611e+00 1.622067628686565177e+00 9.406502102062520576e-01 2.595900716678503084e-01 2.320734924855423209e-01
3.203332855931813050e+00 3.428141786802439750e+00 2.189344393676901479e+00 3.110685601997226879e+00 -5.828424047917255280e+01 3.081764177332612320e+00 1.234381338588659061e-04 3.824552397949359417e+00 4.197563929113691472e+00 4.860786678236352465e+00 4.817811733877810809e+00 3.458491023118507979e+00 5.156560546432813474e-01 3.951765843423307611e+00 4.471574380682164396e+00 3.444817432154989589e+00 4.081861598513989442e+00 3.004258567562172910e+00 1.369924179071621007e+00 1.271784406950447144e+00
1.070195872826187999e+00 1.206109376286833124e+00 5.579294229515174841e-01 1.016487124395559549e+00 1.671001773326121209e-01 -2.075275415342869323e+01 8.398769148253000541e-06 1.464406659649085007e+00 1.727868386762023478e+00 2.239624937530709570e+00 2.204949843286445166e+00 1.225055146817435991e+00 6.804761283364385571e-02 1.552119383463676394e+00 1.933002671848217391e+00 1.216501901256621165e+00 1.644131353935002426e+00 9.564753922666917596e-01 2.653948260611189713e-01 2.373456651561617337e-01
1.448852439164621586e+01 1.473855285578617291e+01 1.327913270520950029e+01 1.438406714637223693e+01 1.143672343813385872e+01 1.435127239876914906e+01 -2.705563351466416293e+02 1.516967591625949474e+01 1.556666170197534704e+01 1.625824141321959715e+01 1.621385147333194610e+01 1.477196867618263099e+01 1.023191851177248246e+01 1.530588244825665711e+01 1.585423706413725675e+01 1.475692275636310669e+01 1.544427402974324970e+01 1.426292311808623303e+01 1.210304708683360353e+01 1.193845801456289735e+01
6.977911232158365840e-01 7.998787929432625843e-01 3.362140857218487988e-01 6.581044152079927878e-01 9.148039794935884650e-02 6.459986596490849831e-01 3.916259494367497858e-06 -1.384245160091099258e+01 1.211592355804762322e+00 1.641135551156891470e+00 1.611338628298853770e+00 8.142919197864888492e-01 3.565224924061583672e-02 1.069649051074072821e+00 1.381032057300559002e+00 8.077795747609767263e-01 1.143575334696682155e+00 6.142175869110593212e-01 1.498084111453771849e-01 1.329074897877728090e-01
5.559687196183356050e-01 6.424487757475823013e-01 2.584578054265939118e-01 5.226160747111078253e-01 6.750492911369132543e-02 5.124733867620234751e-01 2.701975345718982272e-06 8.146053558047620102e-01 -1.111030646078598849e+01 1.385333382156585191e+00 1.358258920025647853e+00 6.547347265247379644e-01 2.583645890118259347e-02 8.752707710214389092e-01 1.150670182642994810e+00 6.491812372423708677e-01 9.400539237048647356e-01 4.859164842362602155e-01 1.119690751528775313e-01 9.900355001758588680e-02
3.634504756258833957e-01 4.255863528728427436e-01 1.595618100680018803e-01 3.398037420435576772e-01 3.914667823635246263e-02 3.326489375307096208e-01 1.413219594950135288e-06 5.525675511568913789e-01 6.937523821565853011e-01 -7.259954128778757010e+00 9.779692006158635653e-01 4.345068090575512354e-01 1.458042103038877969e-02 5.982837026815027714e-01 8.115623121256748673e-01 4.304717897283569239e-01 6.476274128270905761e-01 3.139970927587812377e-01 6.619972128490474172e-02 5.823632375822235252e-02
3.739027008847026212e-01 4.374689612415588180e-01 1.647193248475025962e-01 3.496916687145003588e-01 4.056173387781041723e-02 3.423638432864449799e-01 1.473331943494284679e-06 5.671606282988537195e-01 7.110679200256480037e-01 1.022359200615863273e+00 -7.474363582099412540e+00 4.465888391571526950e-01 1.513161998666312687e-02 6.137896355955627659e-01 8.309462552765102261e-01 4.424637930046582124e-01 6.640844194732306027e-01 3.232558208232200747e-01 6.851476916497141467e-02 6.029097449261668767e-02
8.649631883878182714e-01 9.833850506896308907e-01 4.327395341834489040e-01 8.185557924009160269e-01 1.231280231185078455e-01 8.043561468174361684e-01 5.676182629195409181e-06 1.212000919786488939e+00 1.449430726524738144e+00 1.920783809057551306e+00 1.888475839157153002e+00 -1.698312638441743161e+01 4.896406086443080147e-02 1.290601420225693685e+00 1.636891501975353824e+00 9.924958651051563052e-01 1.373539770395348247e+00 7.669770498277322934e-01 1.988026150360330258e-01 1.770293946813673303e-01
4.318134236710240437e+00 4.557270705849700398e+00 3.199452810411727466e+00 4.218850050603003332e+00 1.720706054643281080e+00 4.187761612833643454e+00 3.685117724817963260e-04 4.973774249240615397e+00 5.360945458901182903e+00 6.041270421030389137e+00 5.997431619986663520e+00 4.589377060864430646e+00 -7.813209909815425647e+01 5.106270161493955406e+00 5.643084309626223316e+00 4.574916728233311858e+00 5.241269316968334202e+00 4.104214222284595870e+00 2.211839699791362523e+00 2.085161866909102990e+00
6.463821800667176598e-01 7.430133416791292467e-01 3.075743724446229899e-01 6.089196576250672788e-01 8.248684342330697694e-02 5.975043834636764029e-01 3.448256655957695344e-06 9.334420510740725208e-01 1.136050771021439143e+00 1.550644702681502896e+00 1.521760635595562849e+00 7.566854202256936279e-01 3.194116149395502535e-02 -1.286031921665531996e+01 1.299111171669127041e+00 7.505070361044684502e-01 1.070791519575950757e+00 5.675635242008741921e-01 1.356944793575126651e-01 1.202425166959854991e-01
4.679463300241908930e-01 5.437958488503417120e-01 2.122421306149870623e-01 4.388584191915589905e-01 5.393938068216391768e-02 4.300316718482172784e-01 2.064137255614914581e-06 6.964690573005593022e-01 8.630941826429946451e-01 1.215567312125674704e+00 1.190561255276509911e+00 5.546195019753535904e-01 2.039930962622297714e-02 7.507551716691269750e-01 -9.373788714436210867e+00 5.497255649836156888e-01 8.089847968837147185e-01 4.069634185569210860e-01 9.022975269723965130e-02 7.960354534956118333e-02
8.717960179597424863e-01 9.908431212501668250e-01 4.367916440333807770e-01 8.251295022561148107e-01 1.245004321549893905e-01 8.108489012566210130e-01 5.756363105884907976e-06 1.220534574760976598e+00 1.458923237242371052e+00 1.931794789728356943e+00 1.899396793004658246e+00 1.007541865105155532e+00 4.954972823331116327e-02 1.299469036104468289e+00 1.647043564983615704e+00 -1.710999742099319576e+01 1.382741720382057782e+00 7.732528427331372134e-01 2.009055661186653630e-01 1.789283273223026549e-01
5.971108691127297030e-01 6.883013846395734658e-01 2.806064767132507853e-01 5.618556286865651339e-01 7.419059851398880634e-02 5.511243539350022536e-01 3.029743249076183894e-06 8.689763346966823399e-01 1.062441923704865232e+00 1.461596412827090630e+00 1.433663419473230727e+00 7.012317703953483417e-01 2.854831696833396923e-02 9.323995195759509080e-01 1.218948796883714936e+00 6.953877203820579833e-01 -1.191048539223407232e+01 5.230035677906311742e-01 1.225910753752826043e-01 1.085041928165244446e-01
1.117039299272640784e+00 1.256598028630556696e+00 5.874820601312849000e-01 1.061795210206250895e+00 1.779445675621727230e-01 1.044825392266691688e+00 9.118086232937509645e-06 1.520975586911059274e+00 1.789661484236259925e+00 2.309323092758781115e+00 2.274191820823220134e+00 1.276026049827732267e+00 7.285022228459572813e-02 1.610528524200874223e+00 1.998284418556921072e+00 1.267255842733137072e+00 1.704360567790631054e+00 -2.160280489831567863e+01 2.815873266649188689e-01 2.520662853717189344e-01
2.627357806768699344e+00 2.839066507028431996e+00 1.700765490183393069e+00 2.540669071667850165e+00 7.035441790716211452e-01 2.513678826061118698e+00 6.708683360435337942e-05 3.216500411145377658e+00 3.575648075152877414e+00 4.221459721284904987e+00 4.179384769164971480e+00 2.867785615036032798e+00 3.404096997913624301e-01 3.338593479357513161e+00 3.841484752697239546e+00 2.854842566118665381e+00 3.463882075375282366e+00 2.441521326664919389e+00 -4.818661820389534967e+01 9.199567444914876768e-01
2.766088186574606755e+00 2.981438166825113978e+00 1.815857434266549664e+00 2.677752492485542479e+00 7.700044069504471400e-01 2.650229665156161651e+00 7.801456289774833972e-05 3.364199489787773167e+00 3.727282550017585905e+00 4.378096323758223107e+00 4.335760974492616882e+00 3.010612394681367210e+00 3.783318669091030317e-01 3.487741516695986199e+00 3.995458545349561241e+00 2.997465327322302642e+00 3.614395192816524549e+00 2.576600285371719146e+00 1.084556744491487645e+00 -5.061194957851557064e+01
