-1.440513982294614159e+01 8.660215792278427305e-01 5.656473381183997340e-01 7.697792152078355432e-01 8.054147362372583441e-01 3.804224458020938560e+00 3.730609001581234874e-01 5.474116872808981737e-02 8.114042670791296041e-01 8.843354045217907133e-01 1.035009252151423365e+00 5.586590047733731579e-01 2.186196041213019081e-01 6.734243353046935887e-01 5.877734536129725074e-01 8.606799730372369783e-01 2.444655284903100578e-01 1.501489613699235059e-01 4.839521482430924615e-01 6.577784945424053342e-01
1.147131579227842479e+00 -1.657530986651434901e+01 6.648140658061438835e-01 8.934695001519102897e-01 9.330015621637225420e-01 4.067400630370025638e+00 4.449750297631590024e-01 6.815162572610425351e-02 9.396357651546938250e-01 1.020189064080309960e+00 1.185371732625954966e+00 6.569131790812225979e-01 2.648599631906405349e-01 7.860296521275144110e-01 6.897951940406383819e-01 9.941066229813234623e-01 2.952921663978327893e-01 1.835576389044036305e-01 5.721108709494568956e-01 7.685040237714505507e-01
1.614387338118400184e+00 1.432444065806144362e+00 -2.363454343403363467e+01 1.297968293203686674e+00 1.348160091306359165e+00 4.801085871259002325e+00 6.981891131285148377e-01 1.217961877794183634e-01 1.356548954287463804e+00 1.457658136128722193e+00 1.661025921897318458e+00 9.894424177283157595e-01 4.352144272875344555e-01 1.159683992164559863e+00 1.033255667657696719e+00 1.425068147491887816e+00 4.809057696957527717e-01 3.100040408494087463e-01 8.748553017533315934e-01 1.136849696490113137e+00
1.272099215207835643e+00 1.114679500151909641e+00 7.515482932036863239e-01 -1.843731976771370640e+01 1.042629051132414331e+00 4.276810732139887605e+00 5.090587954596013098e-01 8.078837620813278386e-02 1.049774389058750979e+00 1.136344212281576560e+00 1.312844438962031957e+00 7.429003554834174849e-01 3.069065487287470639e-01 8.836779013009236072e-01 7.788617225459899540e-01 1.108351362397806295e+00 3.413299316046823351e-01 2.142977001068373799e-01 6.497818988701814513e-01 8.646353428692914456e-01
1.223654736237258511e+00 1.070131562163722405e+00 7.176600913063587717e-01 9.585490511324147311e-01 -1.771335514936101774e+01 4.196996241699619823e+00 4.838934767378863522e-01 7.574944841775299587e-02 1.006951031356928539e+00 1.091236465212540141e+00 1.263453459288923941e+00 7.092986473915953161e-01 2.903038282977442597e-01 8.456133196475668079e-01 7.440796021542138705e-01 1.063968416091600755e+00 3.231705360381293968e-01 2.021201156628019968e-01 6.193749074985849257e-01 8.271502130253778340e-01
9.300445802093901260e-02 7.507063037002544015e-02 4.112587125900134255e-02 6.327073213988737566e-02 6.753624169961999768e-02 -9.381392723223265229e-01 2.370792588472504792e-02 2.437791048775864774e-03 6.826508044372509021e-02 7.741740901223738425e-02 9.798726138516659911e-02 4.043549930138325144e-02 1.215388095197222386e-02 5.233717982827719439e-02 4.334091698251465313e-02 7.439230230567175917e-02 1.393467739236435056e-02 7.747216231171341096e-03 3.333071406651467311e-02 5.064348399835390951e-02
2.101930900158123006e+00 1.892735029763158661e+00 1.378319113128513962e+00 1.735608795459600673e+00 1.794523476737885925e+00 5.463797925884724904e+00 -3.129668701181219248e+01 1.986639504265045320e-01 1.804338325238874940e+00 1.921948164043095320e+00 2.154988174263408496e+00 1.365394322557088813e+00 6.514734904075840660e-01 1.571494265712150451e+00 1.418902036717043069e+00 1.884174999890903202e+00 7.136223204527998298e-01 4.768791874178509582e-01 1.223768600061645451e+00 1.544123933491239997e+00
4.453591168728090466e+00 4.185891625726104515e+00 3.471906187779417952e+00 3.977318376208132999e+00 4.056359448417753200e+00 8.112507791048775729e+00 2.868643950426505107e+00 -7.215467651272044236e+01 4.069426716365305730e+00 4.223916919255073843e+00 4.519910802836843544e+00 3.452634031686481642e+00 2.207966711156905237e+00 3.751198972549447230e+00 3.531912121429838347e+00 4.174707004787294728e+00 2.336338284181116887e+00 1.811999433586208408e+00 3.235892243488235565e+00 3.712554723062924555e+00
1.215774267079129389e+00 1.062895765154694860e+00 7.121789542874633616e-01 9.518243890587503309e-01 9.930810313569305992e-01 4.183855080443724894e+00 4.798383252388753739e-01 7.494671636530531034e-02 -1.759584761747444048e+01 1.083908157671177097e+00 1.255416127149834526e+00 7.038644877363119390e-01 2.876393869405454162e-01 8.394462866432612635e-01 7.384518249288676284e-01 1.056759877655314872e+00 3.202539684280720778e-01 2.001705595661288917e-01 6.144639465842411941e-01 8.210784651858081817e-01
1.125335404521790705e+00 9.800790640803089815e-01 6.499181361287216241e-01 8.750242122815762302e-01 9.139964652125407429e-01 4.029637409012237548e+00 4.340781640430959598e-01 6.606691925507449104e-02 9.205381576711770819e-01 -1.625236505322830993e+01 1.163116870305894279e+00 6.421502081330383582e-01 2.577876247455060388e-01 7.691831030275801950e-01 6.744837043287068568e-01 9.742646304413081770e-01 2.875322471307644734e-01 1.784201000160139383e-01 5.588231307985676022e-01 7.519295020944088970e-01
9.657892521514216400e-01 8.350417326259550466e-01 5.430659218973179492e-01 7.413044389620315755e-01 7.759934592889239369e-01 3.739987261385166128e+00 3.568981742634086407e-01 5.184080283684244783e-02 7.818261271498342380e-01 8.528968703058946721e-01 -1.390367295821024562e+01 5.362947616410994600e-01 2.083716427756096556e-01 6.476270455619649313e-01 5.645115998239440547e-01 8.298349683254054865e-01 2.331708956010277722e-01 1.428047972128157483e-01 4.639801769377628338e-01 6.324330294638187411e-01
1.628589004773373539e+00 1.445733179081222675e+00 1.010632417728315691e+00 1.310510355483417655e+00 1.360988647391595752e+00 4.821585499301383138e+00 7.064543225570895091e-01 1.237140316864816653e-01 1.369424487736311979e+00 1.471080208133038525e+00 1.675444761641099678e+00 -2.385338072943509857e+01 4.409561999431976242e-01 1.171386345337990909e+00 1.044120380551679217e+00 1.438317953867613408e+00 4.871228798709300589e-01 3.143487679457749873e-01 8.845653807028766025e-01 1.148405905701706420e+00
2.751009604121302132e+00 2.516139963190640927e+00 1.918864427287534369e+00 2.336976548728747272e+00 2.404453828297744789e+00 6.255763880951972666e+00 1.454993490407584966e+00 3.415067111569055625e-01 2.415659386940545605e+00 2.549177624745506243e+00 2.809981642775610133e+00 1.903416199943197551e+00 -4.196732306577575145e+01 2.146940499436208238e+00 1.967210282393045073e+00 2.506443706924846193e+00 1.083612949420840410e+00 7.578210969609753267e-01 1.732421645673938526e+00 2.114929576418608015e+00
1.418174335304693612e+00 1.249669652127514352e+00 8.556939921645592140e-01 1.126107901300923420e+00 1.172123319647566442e+00 4.508307179828277000e+00 5.873742657121506783e-01 9.709897254944645228e-02 1.179826286643261168e+00 1.272933103027580115e+00 1.461597045561964903e+00 8.462063453379904399e-01 3.593004994362076210e-01 -2.063739641086695897e+01 8.856238047244481271e-01 1.242869923781286134e+00 3.984813667637597256e-01 2.530482221673221455e-01 7.436850133702674892e-01 9.792751814177363956e-01
1.570723453612972387e+00 1.391635194040638401e+00 9.674656676576952608e-01 1.259491722545989623e+00 1.308789602154213583e+00 4.737510916982514253e+00 6.729820367170431528e-01 1.160121214298377723e-01 1.317031824928867279e+00 1.416433704328706522e+00 1.616681599823943882e+00 9.571403805516787155e-01 4.177702823930446452e-01 1.123823804724447983e+00 -2.296333827856351206e+01 1.384382101861655334e+00 4.620032103117902578e-01 2.968353478449189953e-01 8.451809961377182434e-01 1.101444310515838687e+00
1.153599973037236603e+00 1.005916622981315678e+00 6.692481474918872131e-01 8.989513623978054868e-01 9.386484160916008790e-01 4.078532302305671209e+00 4.482249998909029753e-01 6.877700478729416311e-02 9.453098776553144900e-01 1.026184630441306034e+00 1.191974968325405282e+00 6.613079538676128744e-01 2.669737069248457328e-01 7.910399237812861806e-01 6.943521018616553020e-01 -1.667125070777037621e+01 2.976104750917431541e-01 1.850950078645341168e-01 5.760692380442382632e-01 7.734339949287208915e-01
2.614045528490309689e+00 2.383762166397832782e+00 1.801745769695752175e+00 2.208589931604682199e+00 2.274510536038129693e+00 6.094734677392364297e+00 1.354332320452800165e+00 3.070682841811163688e-01 2.285463968428071979e+00 2.416112247130764334e+00 2.671970895601027962e+00 1.786772879870929698e+00 9.208029494208400667e-01 2.023311366763759889e+00 1.848633210311790398e+00 2.374270475091743382e+00 -3.967247161529012089e+01 6.928293838324575127e-01 1.621355814421791885e+00 1.992159210163955363e+00
3.213698961369923612e+00 2.965997638904403821e+00 2.324814040849408237e+00 2.775527700106837692e+00 2.847430115662802130e+00 6.782517216231171098e+00 1.811559187417851380e+00 4.766994335862083099e-01 2.859350559566129046e+00 3.000970100016013831e+00 3.275574797212815970e+00 2.307968767945774768e+00 1.288981096960975181e+00 2.571848222167322451e+00 2.377435347844919278e+00 2.955725007864534959e+00 1.386799383832457933e+00 -4.988070444677710213e+01 2.120451325205106485e+00 2.537355544032439347e+00
1.794382148243092612e+00 1.601430870949456908e+00 1.136545301753331572e+00 1.457891898870181668e+00 1.511564907498585297e+00 5.054980714066514835e+00 8.053286000616461937e-01 1.474722434882351496e-01 1.520523946584241282e+00 1.628253130798567705e+00 1.843630176937763210e+00 1.125065380702876983e+00 5.104616456739383690e-01 1.309365013370268116e+00 1.172660996137718570e+00 1.593579238044238844e+00 5.622058144217921827e-01 3.673313252051063071e-01 -2.642741546272752373e+01 1.284742109919969622e+00
1.444268494542404913e+00 1.273884023771450158e+00 8.745996964901119330e-01 1.148805342869290813e+00 1.195400213025377578e+00 4.548353483998353930e+00 6.017439334912400017e-01 1.001947230629237490e-01 1.203198465185807642e+00 1.297419502094408594e+00 1.488143029463818490e+00 8.649659057017056174e-01 3.690295764186071192e-01 1.021015181417735285e+00 9.049843105158388301e-01 1.267003994928720845e+00 4.090692101639549771e-01 2.602955440324385972e-01 7.608021099199691051e-01 -2.103317674109415591e+01
