-2.313424135319377584e+01 9.799952028773153412e-01 9.017825473743208420e-01 1.109967363265120799e+00 1.858609090632810545e+00 5.269865160004207905e-01 1.124449881299281584e+00 1.118930841773162932e+00 1.401206601823816511e+00 2.163049146660665834e+00 2.252756799905387908e+00 8.373814203206910722e-01 1.069949543575543678e-02 9.981211781330693311e-01 1.263708941357289062e+00 7.349819701975486286e-01 5.634962243679868532e-01 9.382939096995829287e-01 2.686115509438195215e+00 1.663708712631354114e+00
1.020275202877313436e+00 -2.356140362639614239e+01 9.206941893583078240e-01 1.131665785884022446e+00 1.887688043840866747e+00 5.397401597877184987e-01 1.146328066845981430e+00 1.140740726885378642e+00 1.426209634424034256e+00 2.194244081621194553e+00 2.284499621175877682e+00 8.553479333934200790e-01 1.106986409955690830e-02 1.018371140062878544e+00 1.287230463265569336e+00 7.513556924738905574e-01 5.769263395672444839e-01 9.577231088475733900e-01 2.720096435775839705e+00 1.691197136209469321e+00
1.105102547374321009e+00 1.083734189358307454e+00 -2.533818244164634592e+01 1.222231991229801640e+00 2.007617495423908771e+00 5.938198831327169414e-01 1.237617376029513272e+00 1.231755341068606846e+00 1.530005918382865815e+00 2.322465857725540150e+00 2.414858877619218358e+00 9.308131532046104439e-01 1.269975089834370248e-02 1.103096482155436098e+00 1.385111934616998441e+00 8.203233554323785537e-01 6.338011142113375573e-01 1.039127376153913263e+00 2.859144153195045668e+00 1.804855644433479789e+00
8.975473632651214118e-01 8.789657858840220772e-01 8.064919912298020854e-01 -2.095946010450816743e+01 1.709004194757632211e+00 4.635853792918331884e-01 1.013530479568440557e+00 1.008373240725309650e+00 1.273633125457761528e+00 2.001859728759990187e+00 2.088550331214034106e+00 7.470336601865560366e-01 8.936417341585883162e-03 8.958014526722528625e-01 1.144056118104416209e+00 6.529244633345695492e-01 4.966285532676832926e-01 8.402892115802217399e-01 2.509504562970321206e+00 1.522744044896615190e+00
4.580890906328104473e-01 4.468880438408664446e-01 4.037774954239087277e-01 5.209041947576320553e-01 -1.119451248196284254e+01 2.131251140083753326e-01 5.293312721851349822e-01 5.261156677947241844e-01 6.970169783356083837e-01 1.217845017960487830e+00 1.284302256493047967e+00 3.691097086034781927e-01 3.210599844998519685e-03 4.570341105695391870e-01 6.121515417824678895e-01 3.155737526288110439e-01 2.304731948161215793e-01 4.237663549535722329e-01 1.618642812848281487e+00 8.671552744829713610e-01
1.695608516000420618e+00 1.668082159787718233e+00 1.559121883132716935e+00 1.844627379291833069e+00 2.782267114008375231e+00 -3.736468703759300780e+01 1.863979300959508478e+00 1.856611789613231034e+00 2.223204343822831053e+00 3.136949382546993625e+00 3.239387111976624656e+00 1.467686098815726758e+00 2.823966159356525521e-02 1.693028992143922329e+00 2.047114356439641902e+00 1.318742382849868555e+00 1.057761541476031741e+00 1.610259428698668005e+00 3.723546394513714386e+00 2.548469199921618245e+00
8.850898812992814557e-01 8.666880668459813197e-01 7.949373760295134206e-01 9.865904795684377060e-01 1.690491272185135063e+00 4.559973009595084670e-01 -2.069303122959787089e+01 9.948887381180626654e-01 1.257974009335111498e+00 1.981828000411944624e+00 2.068120869956880270e+00 7.360995886256701537e-01 8.734039197721272380e-03 8.833607656895534621e-01 1.129412385698949750e+00 6.430264967068156645e-01 4.886135841840834049e-01 8.283929615969952698e-01 2.487429816616085976e+00 1.505355596572142352e+00
8.898108417731630526e-01 8.713407268853787802e-01 7.993153410686066884e-01 9.916732407253061599e-01 1.697515667794724292e+00 4.588697896132311049e-01 1.005128738118058696e+00 -2.079405256369365063e+01 1.263912188230772005e+00 1.989430978607618306e+00 2.075875422021014938e+00 7.402418789460307735e-01 8.810434447895499135e-03 8.880753447614340157e-01 1.134964372016106227e+00 6.467754105516865248e-01 4.916479849233050259e-01 8.329006986918346955e-01 2.495811652028223193e+00 1.511951852489261672e+00
6.838366018238164479e-01 6.685596344240340994e-01 6.093159183828659176e-01 7.686831254577615180e-01 1.380166978335608530e+00 3.372123438228311065e-01 7.799640093351116743e-01 7.756621882307720428e-01 -1.631716634297982793e+01 1.642891240948317177e+00 1.721598339846150072e+00 5.611313905540924463e-01 5.802530745949932220e-03 6.823997005415894934e-01 8.896491939175844577e-01 4.856825496910386342e-01 3.627788887053072231e-01 6.368750252958818026e-01 2.109086018407193119e+00 1.215870664513923005e+00
3.545091466606660746e-01 3.454240816211948673e-01 3.106058577255400022e-01 4.057397287599900371e-01 8.098250179604875587e-01 1.597873825469937059e-01 4.126480004119447154e-01 4.100109786076185370e-01 5.517212409483173152e-01 -8.732607845014261017e+00 1.058690099795040807e+00 2.827835801485377720e-01 2.246376064571650993e-03 3.536527979373748076e-01 4.809641541645314211e-01 2.401476366240604121e-01 1.732718717735577119e-01 3.267201747499574038e-01 1.358191612676718840e+00 6.956681058371578796e-01
3.290467999053883208e-01 3.205096211758778901e-01 2.878288776192187703e-01 3.772603312140341281e-01 7.611122564930480339e-01 1.470551119766247139e-01 3.837708699568804227e-01 3.812854220210150635e-01 5.152583398461498820e-01 9.435200997950412560e-01 -8.112893869699409066e+00 2.617594420692475055e-01 2.030049999491050604e-03 3.282419245841236011e-01 4.482636399712559006e-01 2.218922368226870501e-01 1.595823153428783947e-01 3.029463868927533277e-01 1.289421919364300617e+00 6.521082246493932200e-01
1.182421420320690864e+00 1.160107933393419888e+00 1.072533153204610734e+00 1.304493660186555992e+00 2.114669708603478249e+00 6.441040988157271663e-01 1.320499588625670073e+00 1.314401878946030777e+00 1.623541390554092079e+00 2.436363580148537711e+00 2.530509442069247328e+00 -2.694433755532207897e+01 1.430284975450989669e-02 1.180327213998314750e+00 1.473628076455936187e+00 8.838158109542363361e-01 6.865824723363830318e-01 1.113482830039983273e+00 2.981867939420498992e+00 1.906684507494150305e+00
6.405399495435755597e+00 6.365489864099557415e+00 6.204079750898344514e+00 6.616056417341586560e+00 7.798430599844998312e+00 5.254317661593565170e+00 6.642794039197720934e+00 6.632630434447896128e+00 7.117872530745950499e+00 8.205486376064571985e+00 8.320440049999490384e+00 6.063962849754510387e+00 -1.287613660597008334e+02 6.401673554056982240e+00 6.889665174867132258e+00 5.825033309841488816e+00 5.365203747649784027e+00 6.280540391579002346e+00 8.851588750098795089e+00 7.520701062183694496e+00
1.001881178133051442e+00 9.818511400628804342e-01 9.035364821554362491e-01 1.111981452672252901e+00 1.861314110569538993e+00 5.281669921439223758e-01 1.126480765689553243e+00 1.120955344761433992e+00 1.403529700541589653e+00 2.165952797937374719e+00 2.255711924584123729e+00 8.390472139983147226e-01 1.073355405698171901e-02 -2.317391683387046442e+01 1.265893436733367405e+00 7.364993260560647181e-01 5.647395997524556899e-01 9.400961302209979165e-01 2.689281092800424933e+00 1.666264591000699014e+00
7.758089413572888393e-01 7.590504632655692419e-01 6.938919346169986069e-01 8.685761181044165946e-01 1.524771541782467654e+00 3.905923564396420744e-01 8.808723856989499890e-01 8.761843720161062166e-01 1.119119193917584409e+00 1.801604154164531346e+00 1.884073639971255876e+00 6.406880764559360619e-01 7.065174867132048911e-03 7.742334367333675305e-01 -1.833488660441752316e+01 5.569739456683803214e-01 4.194155873233325060e-01 7.242366489974036980e-01 2.287448531618116121e+00 1.350280101419041090e+00
1.322151970197548598e+00 1.298245692473890767e+00 1.204173355432378800e+00 1.452514463334569461e+00 2.303263752628811112e+00 7.372903828498685863e-01 1.469556496706815762e+00 1.463065410551686485e+00 1.790222549691038445e+00 2.635857636624060252e+00 2.732772236822686995e+00 1.125945810954236181e+00 1.750330984148859570e-02 1.319909326056064591e+00 1.632043945668380180e+00 -2.981896061632397377e+01 7.841557167511215010e-01 1.248211062891070533e+00 3.195206514701084188e+00 2.086870982147170484e+00
1.618737224367986727e+00 1.591887339567244153e+00 1.485722114211337486e+00 1.764289553267683219e+00 2.686234194816121246e+00 9.443805414760313433e-01 1.783214584184083407e+00 1.776008984923304945e+00 2.135389888705307104e+00 3.037052871773557428e+00 3.138533315342878272e+00 1.396783472336383225e+00 2.574474764978480074e-02 1.616220599752455689e+00 1.962556587323332380e+00 1.252226716751121405e+00 -3.582498911798528951e+01 1.535524137574806769e+00 3.618963732528110100e+00 2.455518511433758100e+00
1.064353909699582657e+00 1.043503108847573912e+00 9.618673761539120459e-01 1.178769211580221521e+00 1.950346354953572225e+00 5.676974286986681273e-01 1.193812961596995237e+00 1.188080698691834858e+00 1.480305025295882038e+00 2.261320174749957612e+00 2.352716386892753420e+00 8.945028300399836541e-01 1.190039157900310562e-02 1.062396130220998769e+00 1.338196648997403981e+00 7.871010628910704021e-01 6.063431375748068453e-01 -2.448669336769852833e+01 2.792958394602186534e+00 1.750522134632121363e+00
2.304955094381956338e-01 2.241964357758396698e-01 2.002041531950460029e-01 2.663045629703212347e-01 5.635428128482816712e-01 9.930439451371465831e-02 2.711698166160861345e-01 2.693116520282234361e-01 3.708360184071935461e-01 7.111116126767188517e-01 7.575119193643006232e-01 1.812079394204993144e-01 1.268750098794319426e-03 2.299010928004251997e-01 3.197285316181163184e-01 1.524165147010841659e-01 1.081027325281104234e-01 2.112783946021864756e-01 -5.645053366662556193e+00 4.771605230594185287e-01
5.417987126313542623e-01 5.290071362094693752e-01 4.796256444334798807e-01 6.132540448966153912e-01 1.145765274482971607e+00 2.579371999216182876e-01 6.228055965721424059e-01 6.191618524892616993e-01 8.113306645139227724e-01 1.382298105837157731e+00 1.453908224649393066e+00 4.397345074941504950e-01 4.091062183695227776e-03 5.405945910006990651e-01 7.162701014190412385e-01 3.777909821471707730e-01 2.783675114337584855e-01 5.025521346321214500e-01 1.810870523059418424e+00 -1.312716387000744334e+01
