-1.907836330781218237e+01 7.029312043207038840e-01 3.362536719789215311e+00 1.342251425245097440e+00 7.085838346465660464e-01 7.811643316078035193e-01 4.952141677453785196e-01 6.234049421993349549e-01 1.596925419705365057e+00 9.677199892038430562e-01 1.114743918342204099e+00 1.840859190335550899e+00 8.325743659063878921e-01 1.171247848902448707e+00 7.670265412464221111e-01 6.744799186671097679e-01 5.551588850880070369e-01 6.157074741516842531e-01 2.338992190208106225e-01 6.919339116882488039e-01
1.370881204320703928e+00 -2.595360513372977707e+01 3.978134687606901032e+00 1.779025227381204166e+00 1.007237376072943835e+00 1.099490415011594502e+00 7.280418534120656204e-01 8.973150590894251044e-01 2.072774285467753330e+00 1.331426931333159036e+00 1.509689010916144936e+00 2.347885965103157613e+00 1.164115424550302702e+00 1.577272056585579785e+00 1.081616392441890451e+00 9.634514150098935081e-01 8.078162609960292118e-01 8.872868381615718336e-01 3.642478015320193552e-01 9.858969287374343970e-01
1.330867197892157128e-01 8.073468760690057089e-02 -2.278412439459275962e+00 2.073388180371774081e-01 8.163007355020519829e-02 9.347004079159798584e-02 5.047872661514935660e-02 6.854391940156899510e-02 2.728773008961831170e-01 1.268670611188573993e-01 1.562716936282644298e-01 3.443433249261261819e-01 1.022442946505178613e-01 1.683147584401117058e-01 9.111367228645148031e-02 7.628628566813037970e-02 5.868376232408514109e-02 6.740407842349747936e-02 1.971950715016472858e-02 7.900371415507140282e-02
7.215514252450977439e-01 4.903752273812040929e-01 2.816088818037177699e+00 -1.388230195979826043e+01 4.946706752713234678e-01 5.501983339728617750e-01 3.356629347033109334e-01 4.304058023374276454e-01 1.214344172807620970e+00 6.959237784672304139e-01 8.135711679660346807e-01 1.424606712333669423e+00 5.899367587352695175e-01 8.593943843709480612e-01 5.393286680781130826e-01 4.688204805771823414e-01 3.796591177752680624e-01 4.246482157078403930e-01 1.510846286273891392e-01 4.820306574032885982e-01
1.362093834646566304e+00 9.927973760729461583e-01 3.964590073550205318e+00 1.768880675271323311e+00 -2.579076268127625227e+01 1.091824322667843239e+00 7.222757969877195983e-01 8.906240074149799346e-01 2.061850456005876353e+00 1.322790585631236304e+00 1.500399752853266211e+00 2.336354239920576337e+00 1.156164114093068740e+00 1.567754143796831645e+00 1.074031341458627553e+00 9.564268652163505635e-01 8.016008928843726400e-01 8.806476613154691213e-01 3.608940354406925954e-01 9.787625060482987305e-01
1.256324331607803657e+00 9.067004150115949290e-01 3.798080040791598222e+00 1.646058333972861831e+00 9.134743226678438965e-01 -2.383108154581498894e+01 6.537969462698256518e-01 8.108242342118850976e-01 1.929145757549177498e+00 1.218906769267431134e+00 1.388346755838863578e+00 2.195891322372202747e+00 1.060804567455329472e+00 1.452829727095342083e+00 9.832100326020747350e-01 8.725248278624063714e-01 7.276334565659589027e-01 8.014850026845271591e-01 3.215381459697232436e-01 8.935065560185411204e-01
1.767604167745378207e+00 1.332481853412064821e+00 4.552318726615149025e+00 2.228752934703310373e+00 1.341155796987719029e+00 1.451026946269825091e+00 -3.332052440830565132e+01 1.208501476209870917e+00 2.552107064825432037e+00 1.722137977693158906e+00 1.926226963776200840e+00 2.849886760852779144e+00 1.527267489439321002e+00 2.002754210484544384e+00 1.429837192558430559e+00 1.288552117356992488e+00 1.098947767642511231e+00 1.196298181730447219e+00 5.291109687515183069e-01 1.315555811250998186e+00
1.504274942199334664e+00 1.110235059089424547e+00 4.178863919401568872e+00 1.931975802337427384e+00 1.117984007414979608e+00 1.216534234211884780e+00 8.169814762098709382e-01 -2.842682966221699559e+01 2.236836269980425396e+00 1.462628610816224750e+00 1.650344823916054304e+00 2.520553586432332516e+00 1.285334589999401977e+00 1.721224795869197077e+00 1.197471787298804768e+00 1.071062482113641412e+00 9.034477961748916819e-01 9.892041321020658140e-01 4.167438094617963440e-01 1.095127537187663425e+00
5.743784197053650731e-01 3.822772854677531362e-01 2.479780300896183398e+00 8.124971728076210153e-01 3.857934560058761120e-01 4.314387575491775428e-01 2.571700648254324761e-01 3.334192699804255922e-01 -1.110093959851293199e+01 5.528120033219300344e-01 6.523234749901080098e-01 1.186992737228989903e+00 4.643159087654290529e-01 6.914221013749637379e-01 4.224760747294674657e-01 3.646660238674925836e-01 2.924284765501410366e-01 3.287518446389978699e-01 1.125434198446621376e-01 3.754528059629143599e-01
1.032989989203842995e+00 7.287469313331584875e-01 3.421587061118857243e+00 1.381893778467230272e+00 7.345505856312359860e-01 8.090167692674307132e-01 5.150179776931592679e-01 6.470286108162250915e-01 1.640629003321929735e+00 -1.969089871675858561e+01 1.150135610917493834e+00 1.887869215292955039e+00 8.617048933872621941e-01 1.207755922524103909e+00 7.945192898886397348e-01 6.995260285903540654e-01 5.767954750591108848e-01 6.391120748071197344e-01 2.445654570745601497e-01 7.174540423639200748e-01
8.934139183422040720e-01 6.204090109161447542e-01 3.164391693628264335e+00 1.212941167966034239e+00 6.255597528532659268e-01 6.918567558388633021e-01 4.325069637762011809e-01 5.481448239160546798e-01 1.453540474990107967e+00 8.635356109174938677e-01 -1.709599761724365052e+01 1.685896666530927401e+00 7.389901297841363625e-01 1.052694253379166112e+00 6.789199392416127576e-01 5.945122224647130249e-01 4.864450038360044193e-01 5.411707727030921067e-01 2.006749829854592715e-01 6.103934731739071307e-01
4.650791903355508961e-01 3.041559651031577327e-01 2.198013324926126000e+00 6.695267123336692272e-01 3.070642399205757989e-01 3.449513223722024957e-01 2.017167608527799527e-01 2.639035864323328595e-01 8.337597372289895503e-01 4.468192152929549299e-01 5.314466665309275362e-01 -9.006134497118701177e+00 3.723884871308686950e-01 5.649484688693977574e-01 3.374928232429398323e-01 2.896121880186760533e-01 2.303720902987319852e-01 2.600741943340002527e-01 8.629388993329165092e-02 2.985156339615286925e-01
1.188494365906388239e+00 8.520854245503027835e-01 3.687614294650518154e+00 1.566556758735269339e+00 8.585741140930687187e-01 9.415645674553296818e-01 6.107974894393215504e-01 7.603845899994026158e-01 1.842782908765429051e+00 1.152354893387262269e+00 1.316240129784136403e+00 2.104088487130868934e+00 -2.257434722480336120e+01 1.378759532007608479e+00 9.254452441483389524e-01 8.193681699936007368e-01 6.810374793514929470e-01 7.514663310784363004e-01 2.972817227932315065e-01 8.394507215333533168e-01
8.463178489024488771e-01 5.843920565855796889e-01 3.072834758440111891e+00 1.155164384370948039e+00 5.893141437968317797e-01 6.527397270953420039e-01 4.054342104845450323e-01 5.154247958691974274e-01 1.389039101374963892e+00 8.175559225241042505e-01 9.490942533791668634e-01 1.615798468869398041e+00 6.979095320076084130e-01 -1.621790567502980451e+01 6.403529776516085903e-01 5.596574657173462031e-01 4.566782129536649526e-01 5.087779784552132201e-01 1.865963400350943435e-01 5.748234965166302279e-01
1.275956541246422216e+00 9.225963924418905115e-01 3.829493672286451211e+00 1.668958668078112773e+00 9.294513414586272892e-01 1.016980032602073925e+00 6.663771925584308642e-01 8.255317872988049421e-01 1.953953074729467332e+00 1.238179289888639678e+00 1.409179939241612667e+00 2.222202823242939829e+00 1.078455244148339043e+00 1.474212977651607970e+00 -2.419479679321731425e+01 8.880061581218066102e-01 7.412435754907087393e-01 8.160725210874951729e-01 3.287019575738867050e-01 9.092436040699957145e-01
1.416439918667110165e+00 1.037461415009894639e+00 4.047696285668130223e+00 1.831480480577182490e+00 1.044876865216350481e+00 1.139324827862406408e+00 7.581221173569928640e-01 9.321524821136418781e-01 2.129173023867492631e+00 1.376216028590354412e+00 1.557802222464713227e+00 2.407352188018676564e+00 1.205408169993600787e+00 1.626547465717346208e+00 1.121036158121806681e+00 -2.679800821556984758e+01 8.402093300283408617e-01 9.218579051075641573e-01 3.818425248217590662e-01 1.023008806366483947e+00
1.635778885088006840e+00 1.220486260996028749e+00 4.368753762324084633e+00 2.080979117775267451e+00 1.228710892884372186e+00 1.333093456565958235e+00 9.071777676425116788e-01 1.103197796174891554e+00 2.395595476550140379e+00 1.592145475059110638e+00 1.788395003836004360e+00 2.686772090298731541e+00 1.405737479351492736e+00 1.862228212953664475e+00 1.312933575490708771e+00 1.178869330028340379e+00 -3.086838917846065300e+01 1.091681311473547300e+00 4.714093516443880194e-01 1.204443932323401301e+00
1.518247474151684262e+00 1.121876838161572021e+00 4.199394078423497767e+00 1.947888215707840542e+00 1.129677661315469095e+00 1.228865002684526919e+00 8.264481817304477618e-01 1.010874132102069112e+00 2.253838844638997863e+00 1.476382074807119915e+00 1.665040772703092253e+00 2.538394194334000264e+00 1.298086331078436073e+00 1.736247978455213170e+00 1.209682521087495299e+00 1.082437905107563658e+00 9.136013114735479501e-01 -2.868606569130488637e+01 4.224147622186809059e-01 1.106667411123628098e+00
2.668149219020810925e+00 2.130547801532019836e+00 5.683419507150165195e+00 3.206034628627389527e+00 2.141634035440692863e+00 2.280628145969723519e+00 1.690970968751519088e+00 1.970123809461797215e+00 3.569340419844662549e+00 2.613545457074560652e+00 2.856254982985459989e+00 3.896323889933292151e+00 2.375611722793231628e+00 2.945776340035094698e+00 2.254021957573887125e+00 2.074132524821759027e+00 1.825039351644389019e+00 1.954124762218681255e+00 -5.024454416569572146e+01 2.108864640816575875e+00
1.388223911688248879e+00 1.014236928737433541e+00 4.004743714155071466e+00 1.799020657403288315e+00 1.021542506048299881e+00 1.114636556018540947e+00 7.394558112509981296e-01 9.105475371876634583e-01 2.094289805962914031e+00 1.348474042363920100e+00 1.528013473173907233e+00 2.370585633961528771e+00 1.179820721533352934e+00 1.596043496516629911e+00 1.096603604069995574e+00 9.773388063664805170e-01 8.201139323234015732e-01 9.004174111236277200e-01 3.709046408165753150e-01 -2.627501319070187691e+01
