-22.658891487171605	1.046361546448496	1.604566724820481	0.9471058154732446	1.3318943921889035	1.0292084564262491	1.1704037975717076	0.692705433489856	0.9426251136233105	1.1710921912126988	1.8779383819315396	1.1383670080636576	0.921903338799932	0.9242381337590141	2.341908759061426	1.8339250789362558	0.9168832247195782	0.9304878136677575	1.0264308377943798	0.8108454391831204
0.9550285464484954	-21.67997673548759	1.5443294965372623	0.9037722292881938	1.2778247262750448	0.983356373979242	1.1205206328936204	0.6581003265169447	0.8994328824904884	1.1211902525973159	1.812493709464389	1.0893667465096297	0.8793702404085743	0.8816303209788691	2.2694448813899233	1.769259509777318	0.874511159630178	0.8876805697595993	0.980661785730422	0.7720023448120749
0.5705387248204806	0.6016344965372624	-13.124284878818113	0.5354684849729446	0.8001175418818393	0.5900911217319834	0.6864209958372925	0.37319193477975937	0.5325178985472164	0.6868978352203411	1.209507862115874	0.6643056088371049	0.518913990890483	0.5204433606677188	1.5834458333286263	1.1751990358708406	0.5156286076875897	0.5245414071874166	0.5882261171955292	0.4471940207078079
1.0548278154732456	1.1028272292881935	1.6772184849729448	-23.847547186303675	1.3973882487804636	1.0850742122894825	1.2310055071797652	0.7352243521090511	0.9953522229978891	1.2317158991917283	1.9565873894166987	1.197933564794694	0.9738509749575719	0.9762741590537483	2.4285718420092346	1.9116795649751017	0.9686403246877117	0.9827597289708895	1.0821987821205938	0.858416883034667
0.7284343921889036	0.7656977262750447	1.2306855418818394	0.6862062487804638	-16.684191847311407	0.7518839956147545	0.8665003260226936	0.4876831323794036	0.6826433575256822	0.8670640871756661	1.4678681303069234	0.8403158399505237	0.6661956246340663	0.6680464146692252	1.881887087950081	1.4293142719747858	0.6622182883656174	0.6730035795945608	0.7496500743509557	0.5788937276702162
0.9713494564262485	1.0168303739792404	1.5662601217319836	0.9194932122894831	1.2974849956147547	-22.03566831225354	1.1386428729047773	0.6706305253139443	0.9151021067188148	1.1393193842564167	1.8363455672791293	1.1071649408607205	0.8947981524128813	0.897085583298498	2.2958929581649734	1.792823668540697	0.8898801256428273	0.9032088406283875	0.9972749797508483	0.7860804464389173
0.8469977975717073	0.8884476328936205	1.3970429958372923	0.7998775071797652	1.1465543260226936	0.8730958729047772	-19.31240814567211	0.5760063977614576	0.7958944450699359	1.000621628754068	1.6515107755782032	0.9711008663797857	0.7774917358309332	0.7795637752018627	2.08973080111033	1.6103362152593743	0.7730378425317634	0.7851119498789865	0.8706116954373042	0.6793738844682448
1.3869964334898561	1.443724326516945	2.101510934779759	1.321793352109051	1.7854341323794034	1.4227805253139445	1.5937033977614576	-30.954657821968922	1.3162454861613704	1.5945288283806882	2.4104862471777246	1.5552073313340287	1.2905373129509623	1.293438179677696	2.9209387043995765	2.3612066257494337	1.2842963923969493	1.301197778256636	1.4193841800101812	1.1512476531232567
1.0596571136233102	1.107797882490488	1.6835778985472163	1.0046622229979003	1.403135357525682	1.0899931067188142	1.2363324450699362	0.73898648616137	-23.952003988941257	1.2370447294826863	1.9634575133712195	1.2031714232166186	0.9784313347410657	0.980862165402083	2.436120978385486	1.9184736504257602	0.9732041996418485	0.9873681400612917	1.0871092359269534	0.862618105151526
0.8464431912126986	0.8878742525973153	1.396276835220341	0.7993448991917284	1.1458750871756658	0.8725293842564171	0.9993786287539921	0.5755888283806884	0.7953637294826866	-19.30019074267085	1.6506695951509098	0.9704915852061988	0.7769698315598618	0.7790408732096274	2.0887859449784636	1.6095063576255464	0.7725180877432302	0.7845863833910965	0.8700463287467203	0.6789009187876658
0.45060938193153927	0.47649770946438885	0.8162068621158741	0.42153638941669824	0.6439991303069235	0.46687556727912927	0.5475877755782033	0.2888662471777246	0.4190965133712194	0.5479895951509101	-10.36203012392573	0.5289759895442547	0.40785981418863426	0.4091220258030425	1.3351693556763	0.9696895698356536	0.4051492288676873	0.41250549851437485	0.46532227507191265	0.34897119463126086
0.8733270080636574	0.9156597465096293	1.433293608837105	0.8251715647946939	1.1787358399505234	0.8999839408607209	1.0294668663797868	0.5958763313340287	0.8210994232166188	1.0301005852062	1.6912649895442549	-19.891644983010888	0.8022818813863629	0.8044008983371317	2.1343137873187525	1.6495621298968444	0.7977267753247591	0.8100745237815533	0.8974470027722763	0.701858079495988
1.0823873387999312	1.131187240408574	1.713425990890483	1.026612974957572	1.430139624634066	1.113141152412881	1.2613817358309334	0.7567303129509626	1.0218833347410672	1.262102831559862	1.9956728141886344	1.2278058813863626	-24.44314845114758	1.0024665245859363	2.4714765275638633	1.9503367844755464	0.9946959110763784	1.0090677433983093	1.1102179253143025	0.8824158019719152
1.0797931337590139	1.1285183209788687	1.7100263606677184	1.02410715905375	1.4270614146692249	1.1104995832984972	1.258524775201863	0.7547021796776958	1.0193851654020794	1.2592448732096273	1.9920060258030423	1.2249958983371314	0.997537524585944	-24.387135773114203	2.4674559189284557	1.9467097176722152	0.9922421656799995	1.0065904145504436	1.1075808171754098	0.8801543244632247
0.30565975906142606	0.32452888138992364	0.5812248333286263	0.2846008420092344	0.44909808795008077	0.31750295816497337	0.3768878011103302	0.19039870439957673	0.28283997838548613	0.37718594497846375	0.7262493556763001	0.3631047873187525	0.2747435275638635	0.2756519189284561	-6.9316704221063	0.702066680680767	0.2727936942327914	0.2780882936566828	0.3163701691415167	0.23267420412904857
0.4678420789362556	0.49450950977731845	0.8431440358708409	0.4378745649751016	0.6666912719747855	0.48459966854069714	0.5676592152593745	0.300832625749434	0.43535865042576066	0.5680723576255465	1.0309355698356557	0.5485191298968446	0.42376978447554636	0.4250717176722154	1.3722326806807668	-10.762628205758418	0.4209737571770162	0.4285614636262156	0.48299972659924845	0.36298039665979387
1.087994224719578	1.136955159630178	1.7207676076875897	1.0320293246877106	1.4367892883656173	1.1188501256428272	1.2675548425317635	0.7611163923969494	1.0272831996418503	1.26827808774323	2.003589228867687	1.2338777753247592	1.0053229110763715	1.0077981656800048	2.4801536942327913	1.958167757177016	-24.564173024655155	1.0144226781619858	1.1159172838631337	0.8873052772241162
1.0728908136677568	1.121416569759599	1.7009724071874168	1.0174407289708916	1.4188665795945605	1.1034708406283869	1.2509209498789868	0.749309778256636	1.0127391400612955	1.2516383833910965	1.982237498514375	1.2175175237815532	0.9909867433983062	0.9934384145504466	2.456740293656683	1.9370474636262156	0.9857146781619863	-24.23805252706435	1.1005639821530198	0.8741397378251402
0.9740268377943805	1.0195907857304205	1.5698501171955292	0.922072782120594	1.3007060743509558	1.0027299797508564	1.1416136954373044	0.6726891800101813	0.9176732359269542	1.14229132874672	1.8402472750719128	1.1100830027722768	0.897329925314303	0.89962181717541	2.3002151691415165	1.7966787265992485	0.8924022838631344	0.9057569821530203	-22.09397115128078	0.7883919521260582
1.2165064391831202	1.2689963448120751	1.8868830207078078	1.1563558830346667	1.588014727670216	1.249600446438917	1.408440884468245	0.862617653123257	1.1512471051515267	1.409210918787666	2.1819611946312607	1.3725590794959879	1.1275928019719152	1.1302603244632248	2.6745842041290486	2.1347243966597933	1.1218552772241164	1.1373977378251399	1.2464569521260582	-27.32526539190404