-1.702867334195697424e+01 9.038459964920089185e-01 1.025121910512405643e+00 9.286591650067727022e-01 8.673612644332272525e-01 2.737684783935149913e+00 9.648487771954162850e-01 3.414622881355610651e-01 9.695098268008306430e-01 7.873383542634845300e-01 7.699168267522676912e-01 1.255733663799152522e+00 4.080224743795295844e-02 9.459103536408453028e-01 8.946456148711583456e-01 8.552194222141996649e-01 6.055450213185871178e-01 5.529191198904807036e-01 7.627766114559406674e-01 8.193720938015336408e-01
1.102742996492008576e+00 -1.884317146388876552e+01 1.129513618843637435e+00 1.026557008752041922e+00 9.608939442880216619e-01 2.907988372066429683e+00 1.065235156709357200e+00 3.878247595214426302e-01 1.070212081601617848e+00 8.748721917864016318e-01 8.560972516249569786e-01 1.373984176498151299e+00 4.779519977998543390e-02 1.045002466202707980e+00 9.901450873396957508e-01 9.478642912320425218e-01 6.780419868385501037e-01 6.206540463514038652e-01 8.483972686280459863e-01 9.093495593322651338e-01
9.752919105124043808e-01 8.807866188436377364e-01 -1.659279876928610165e+01 9.051642328332557552e-01 8.449555363770544503e-01 2.695573259979841207e+00 9.407313020004252069e-01 3.305967378923963529e-01 9.453132476882046831e-01 7.664236512667818024e-01 7.493375867182252570e-01 1.227112850339383554e+00 3.920812974077397123e-02 9.221168030058290999e-01 8.717495706920586063e-01 8.330347858445907860e-01 5.883381293672311774e-01 5.368775640678338235e-01 7.423360177782574176e-01 7.978508343379135948e-01
1.074904165006773216e+00 9.739050087520413346e-01 1.101239232833256532e+00 -1.835117853391962228e+01 9.354941223094863645e-01 2.862571138201023935e+00 1.038019444144878234e+00 3.750755328961405954e-01 1.042912810044029470e+00 8.510662803923846331e-01 8.326515310640801859e-01 1.342061157166747121e+00 4.584151115403149040e-02 1.018129249803368053e+00 9.642236009807204633e-01 9.227000970865983920e-01 6.582501336703974193e-01 6.021390747677518585e-01 8.251005851395574187e-01 8.848938585063504947e-01
1.145517264433227878e+00 1.040152944288021075e+00 1.172941536377054783e+00 1.067405122309487364e+00 -1.959965829741870991e+01 2.976791243035842527e+00 1.107073547063989416e+00 4.076828612571030130e-01 1.112176022151518895e+00 9.115737616927229725e-01 8.922546560940345373e-01 1.422870867951016915e+00 5.088434268288340862e-02 1.086326079782574228e+00 1.030036844800722218e+00 9.866152552821880750e-01 7.086623596197751951e-01 6.493320996322579086e-01 8.843294256936200526e-01 9.470320632706635822e-01
2.210057839351501907e-01 1.924123720664303039e-01 2.287242599798412490e-01 1.996471382010242546e-01 1.819562430358427907e-01 -3.234380140160208583e+00 2.103784075907618734e-01 5.541157119220532778e-02 2.117760309332836210e-01 1.597796983276843774e-01 1.550895720067634320e-01 3.043947553234782610e-01 4.992504319604022973e-03 2.047360473127708136e-01 1.897552499828280559e-01 1.785244780105094131e-01 1.132692825643309975e-01 1.008128781308753885e-01 1.531815683357882207e-01 1.685322989110358827e-01
1.035994777195417882e+00 9.374841567093570305e-01 1.061707302000425734e+00 9.629204441448774299e-01 9.000635470639896107e-01 2.798203407590761582e+00 -1.766397493140734554e+01 3.574888983229133621e-01 1.004774073162614467e+00 8.179024693006474722e-01 7.999992326523129860e-01 1.297298550833394071e+00 4.318468868079224088e-02 9.805986175389294068e-01 9.280500025244905471e-01 8.876049491608690722e-01 6.307715084679583750e-01 5.764618568207294791e-01 7.926598579665223854e-01 8.508065912703404177e-01
2.208123288135561246e+00 2.055588759521442821e+00 2.247087737892396575e+00 2.095491532896140985e+00 1.996187861257102902e+00 4.438751571192205425e+00 2.153003898322913390e+00 -3.866506975560209725e+01 2.160353994096227748e+00 1.862632071999101635e+00 1.832916476125312277e+00 2.590098558257751815e+00 1.684745843191543524e-01 2.123006357319935589e+00 2.040692799461516049e+00 1.976219972924936563e+00 1.539439252101270084e+00 1.439674415042072386e+00 1.820667573815604179e+00 1.916659050921452057e+00
1.031122826800830339e+00 9.329280816016171096e-01 1.056756247688204420e+00 9.582808100440279864e-01 8.956330221515194090e-01 2.790068030933283261e+00 9.952410731626138984e-01 3.553059940962274288e-01 -1.757796268641370219e+01 8.137590145028157362e-01 7.959204963426400603e-01 1.291681534740032777e+00 4.285801218967003057e-02 9.759017412667319036e-01 9.235252828319542306e-01 8.832169316300164663e-01 6.273460923843227066e-01 5.732633698222648899e-01 7.886078838514003486e-01 8.465462403735271035e-01
1.247888354263484656e+00 1.136525191786401656e+00 1.276803651266781969e+00 1.165371280392384801e+00 1.093967761692723473e+00 3.137008698327684364e+00 1.207306469300647223e+00 4.565210719991014687e-01 1.212696014502815833e+00 -2.141302342319568908e+01 9.794231020376300556e-01 1.539109633014843492e+00 5.871904416202738952e-02 1.185381221208368308e+00 1.125809666587286539e+00 1.079766312823292385e+00 7.829542120063526234e-01 7.190726913346032756e-01 9.709768325322818416e-01 1.037722213956977502e+00
1.271906826752267738e+00 1.159190251624957257e+00 1.301157586718225234e+00 1.188396531064080053e+00 1.116088656094034626e+00 3.173758572006763590e+00 1.230843232652313102e+00 4.682454761253123099e-01 1.236297496342639857e+00 1.020863102037628201e+00 -2.183910213816694323e+01 1.566233813952535359e+00 6.064989214260455008e-02 1.208652316162553975e+00 1.148339159041684931e+00 1.101702157374308655e+00 8.005857571286312258e-01 7.356564281325065346e-01 9.914350930491169223e-01 1.059099789764780697e+00
7.815946637991525447e-01 7.009481764981513319e-01 8.028038503393833958e-01 7.216771571667470742e-01 6.705758679510169795e-01 2.346934755323478061e+00 7.520135508333940511e-01 2.492985582577516568e-01 7.559295347400327714e-01 6.044206330148435002e-01 5.901048139525353342e-01 -1.318036613406810353e+01 2.783073742970470013e-02 7.361230032321620653e-01 6.932770541929825781e-01 6.604969425333008237e-01 4.566628050675532458e-01 4.146018627261350842e-01 5.842466478498179461e-01 6.308255191599584366e-01
4.810653247437953084e+00 4.618749199779985659e+00 4.858889129740774138e+00 4.669447511154031893e+00 4.542579342682882881e+00 7.291522504319603470e+00 4.741889688680792858e+00 3.071664584319154123e+00 4.751096012189670148e+00 4.368020044162028270e+00 4.328510892142603872e+00 5.271820737429704806e+00 -8.759715921366246505e+01 4.704195770446918168e+00 4.599727992791646791e+00 4.516779305728952920e+00 3.922837178652296863e+00 3.777415788040232592e+00 4.312149575004023738e+00 4.439210708959214102e+00
1.056113353640845132e+00 9.563084662027088179e-01 1.082149803005829192e+00 9.820872498033663689e-01 9.183730797825744308e-01 2.831618047312770781e+00 1.019655617538928194e+00 3.665483573199351253e-01 1.024491741266734923e+00 8.350342212083682325e-01 8.168653161625538672e-01 1.320465003232161871e+00 4.454777044691812099e-02 -1.801924001432543321e+01 9.467457681234336953e-01 9.057401496260357732e-01 6.449527298354198468e-01 5.897092065915549020e-01 8.094160675741113309e-01 8.684180656511808483e-01
1.113317614871158989e+00 1.009920087339698513e+00 1.140251570692058847e+00 1.036650600980721038e+00 9.705528448007244569e-01 2.925106249982827755e+00 1.075576002524489594e+00 3.927037994615155680e-01 1.080584282831954290e+00 8.839316665872860579e-01 8.650211590416846397e-01 1.386088054192982533e+00 4.854899279164631015e-02 1.055214768123434066e+00 -1.903012727934698844e+01 9.574346283664775248e-01 6.855883614733581100e-01 6.277180277689388133e-01 8.572650701415454044e-01 9.186534973744885368e-01
1.160265422214199482e+00 1.054013291232042793e+00 1.187910785844590977e+00 1.081501097086598584e+00 1.013505255282189488e+00 3.000249478010509119e+00 1.121504949160868847e+00 4.146049729249363658e-01 1.126649931630016921e+00 9.242623128232924090e-01 9.047581573743092020e-01 1.439681942533300507e+00 5.197430572895268830e-02 1.100583149626036095e+00 1.043808628366476920e+00 -1.986064612357781201e+01 7.192782865020957983e-01 6.592838642572993457e-01 8.967563051948526098e-01 9.600539877852394266e-01
1.537011021318587023e+00 1.410610986838550129e+00 1.569634129367231123e+00 1.443471133670397366e+00 1.361972359619775030e+00 3.561414282564330680e+00 1.491091508467958571e+00 6.042442521012699741e-01 1.497199092384322583e+00 1.253870212006352736e+00 1.230061757128630973e+00 1.862267805067553406e+00 8.445217865229685816e-02 1.466215729835419923e+00 1.398382361473357927e+00 1.345698286502095664e+00 -2.655927516040673808e+01 9.240167494961551986e-01 1.220274262823771716e+00 1.297387051088681353e+00
1.640407119890480381e+00 1.509245046351403996e+00 1.674195564067833875e+00 1.543382074767752021e+00 1.458664099632257960e+00 3.704979878130875370e+00 1.592803856820729447e+00 6.605014150420722707e-01 1.599138369822264760e+00 1.346010691334603493e+00 1.321154428132506720e+00 1.976228862726135294e+00 9.505278804023238604e-02 1.566994206591554750e+00 1.496534027768939179e+00 1.441725864257299428e+00 1.080038749496154749e+00 -2.840938792714596417e+01 1.310931256512859466e+00 1.391399627760009583e+00
1.281945611455940659e+00 1.168669268628045987e+00 1.311335017778257450e+00 1.198024585139557230e+00 1.125342425693619974e+00 3.189029568335787879e+00 1.240682857966522556e+00 4.731755738156039892e-01 1.246163883851400200e+00 1.029595832532282040e+00 1.008614093049117644e+00 1.577554647849817693e+00 6.146757500402389579e-02 1.218382067574111494e+00 1.157762070141545641e+00 1.110879305194852229e+00 8.079772628237718024e-01 7.426122565128591146e-01 -2.201725961106071594e+01 1.068045707713594750e+00
1.205403093801533654e+00 1.096483559332265267e+00 1.233711834337913871e+00 1.124679858506350660e+00 1.054907063270662748e+00 3.071242298911035729e+00 1.165691591270340055e+00 4.360290509214519439e-01 1.170964240373527199e+00 9.632032139569772777e-01 9.431407897647804406e-01 1.490995519159958427e+00 5.539070895921419796e-02 1.144246065651180588e+00 1.086012497374488905e+00 1.041038987785240177e+00 7.519520510886812392e-01 6.899426277600092527e-01 9.349077077135937719e-01 -2.065994275993920937e+01
