-2.910319316936756096e+01 1.395532482592032553e+00 6.373430103164597904e-01 7.989213071795484566e-01 4.318965627555713560e+00 5.224633836528570496e-01 1.772207413588563263e+00 1.293864607127649613e+00 1.568009475438267630e+00 3.644321070795255579e+00 3.921036055767940454e+00 9.152014663478837964e-01 1.311330740938521366e-01 1.136697492633043316e+00 8.972128583924900980e-01 9.088920434103266999e-01 8.595792460589479766e-01 8.639111297576504978e-01 2.244236641867370929e-01 3.293477760472343530e+00
6.873614825920323357e-01 -2.197986731608468602e+01 4.175431880803385232e-01 5.355380446814405060e-01 3.654683212275169346e+00 3.360616153670133444e-01 1.312392275562708654e+00 9.180153256592948896e-01 1.141425660716097745e+00 3.007697629905244252e+00 3.271559291689686066e+00 6.226982598104804367e-01 7.708567389371558110e-02 7.934359832849848804e-01 6.090981260889813953e-01 6.179233268558550485e-01 5.807817089468534366e-01 5.840316431614188675e-01 1.357240072503686501e-01 2.676810860262996083e+00
1.479483010316459790e+00 1.967854188080338851e+00 -3.925594968274150176e+01 1.218276462724421139e+00 5.131264645792647627e+00 8.391935251406739127e-01 2.410058045063086851e+00 1.845027195078262627e+00 2.172653164423536065e+00 4.436092543044675374e+00 4.722481361052411231e+00 1.370582472724289236e+00 2.382193932201798758e-01 1.651637344602358892e+00 1.347254705961158816e+00 1.362409699616543568e+00 1.298180766037337452e+00 1.303848521801927562e+00 3.916383788107752340e-01 4.069794259250417490e+00
1.232281307179548202e+00 1.677069044681440468e+00 8.094964627244208843e-01 -3.410255688640583571e+01 4.734643520568629249e+00 6.715432268802152826e-01 2.089325621878206807e+00 1.564058343344470803e+00 1.867009618829965856e+00 4.048044627681238516e+00 4.330377295652197311e+00 1.134910069448542558e+00 1.792134575719140366e-01 1.387634348196218337e+00 1.114148141211341647e+00 1.127632279435891505e+00 1.070586496514489783e+00 1.075609575335037205e+00 3.006943239189593942e-01 3.688279125353104870e+00
6.112562755571390033e-02 1.050142122751691470e-01 3.128464579264707973e-02 4.344352056862867822e-02 -3.021296330668463259e+00 2.369159054527755770e-02 1.595893037102724676e-01 9.250253767648326797e-02 1.283394314343076492e-01 6.830529074364606323e-01 8.040631541918683567e-01 5.331188227372102295e-02 4.123554671951241805e-03 7.486670538123996188e-02 5.172208679516480945e-02 5.275159984742548019e-02 4.847144560840364880e-02 4.884045813253254376e-02 7.897394786879084749e-03 5.472042719843165370e-01
1.705553383652856470e+00 2.227322615367012926e+00 1.180143525140673555e+00 1.421273226880215068e+00 5.464621590545276852e+00 -4.386688027161762449e+01 2.691521377035667850e+00 2.097116147786229678e+00 2.443132685290300365e+00 4.763917088358713414e+00 5.052937280123165564e+00 1.587543601222515255e+00 2.996052880306928623e-01 1.890776366189434787e+00 1.562172834574599989e+00 1.578658867837542390e+00 1.508690354565909608e+00 1.514875076031486634e+00 4.836852383602604499e-01 4.393333724625072101e+00
4.932574135885629540e-01 7.416132755627085071e-01 2.889680450630868203e-01 3.770156218782069191e-01 3.138479303710272728e+00 2.294813770356682325e-01 -1.716611139689710797e+01 6.754154565052776782e-01 8.574338570408969185e-01 2.522872538750260407e+00 2.772360957633248191e+00 4.433667216807166134e-01 4.942333083408113892e-02 5.762473701017146732e-01 4.329442901861787485e-01 4.397046115513253417e-01 4.113251997022651651e-01 4.138008393337681001e-01 8.872917306439358220e-02 2.213672013674475636e+00
7.544046071276496734e-01 1.086726325659294945e+00 4.634271950782625771e-01 5.912383433444708958e-01 3.810882537676483661e+00 3.745661477862299304e-01 1.414905456505277881e+00 -2.355946696173514709e+01 1.235719498264150396e+00 3.156264677088568948e+00 3.423654620996975595e+00 6.850727486715475489e-01 8.767631729598426849e-02 8.676635052047634300e-01 6.704609098265583711e-01 6.799438222141540589e-01 6.400034496952546892e-01 6.435015275244673205e-01 1.533979720256563040e-01 2.819957299749397794e+00
5.891814754382677100e-01 8.707686607160980419e-01 3.516851644235357011e-01 4.548216188299658569e-01 3.407351431434308076e+00 2.812146852903005256e-01 1.157555857040897251e+00 7.963514982641503037e-01 -1.959653331046188285e+01 2.774133158729213289e+00 3.031663212058698154e+00 5.317441677890628604e-01 6.253967809246958887e-02 6.840324381229667683e-01 5.197029035622572346e-01 5.275149639239757882e-01 4.946772421509590956e-01 4.975463562414325080e-01 1.111740873134254154e-01 2.452874711039895850e+00
1.059010707952555974e-01 1.774486299052439875e-01 5.553254304467501040e-02 7.626462768123774827e-02 1.402472907436460359e+00 4.240708835871404708e-02 2.634025387502602622e-01 1.573046770885686840e-01 2.145411587292130884e-01 -5.067087638616787793e+00 1.156411384390751307e+00 9.287242742504890625e-02 7.659752835911235770e-03 1.285810356594505877e-01 9.020890912068811607e-02 9.193424475620272374e-02 8.474879734492524186e-02 8.536959536044771979e-02 1.450547761039819653e-02 8.195207723233352004e-01
8.457605576794037516e-02 1.432702916896857748e-01 4.388136105241063900e-02 6.055729565219662019e-02 1.225443154191868222e+00 3.338728012316630189e-02 2.148509576332481852e-01 1.266546209969753589e-01 1.740312120586978151e-01 8.583713843907510022e-01 -4.136509677117802042e+00 7.399292997505557690e-02 5.933526976884013517e-03 1.030812833697306863e-01 7.183389314967447703e-02 7.323226302456614656e-02 6.741295141678303737e-02 6.791525509795687254e-02 1.129192807613396687e-02 6.967920324740769500e-01
1.089881466347883077e+00 1.505549259810480267e+00 7.031224727242890715e-01 8.762300694485426478e-01 4.485831882273720872e+00 5.791336012225155594e-01 1.896996721680716425e+00 1.399212748671547546e+00 1.685252167789062616e+00 3.805972427425049265e+00 4.085132929975055838e+00 -3.106009046641265314e+01 1.489144940955461072e-01 1.234163340456130520e+00 9.808932612612920598e-01 9.933000303631510652e-01 9.408733440517459412e-01 9.454832042093738176e-01 2.528853097688023577e-01 3.451261734837745454e+00
3.380783074093851592e+00 4.034906673893715379e+00 2.645729393220179304e+00 2.995503457571913497e+00 7.511613554671951576e+00 2.366165288030692704e+00 4.578023330834080085e+00 3.876786317295983775e+00 4.291017678092468479e+00 6.795729752835910631e+00 7.092043526976883783e+00 3.223884494095545783e+00 -7.689299507668732758e+01 3.619661542272780252e+00 3.189618463935746551e+00 3.211907181127702682e+00 3.116719881082039567e+00 3.125197208697303886e+00 1.424694004263315605e+00 6.413010253695268226e+00
8.747274926330431688e-01 1.239636983284984728e+00 5.475273446023584123e-01 6.923043481962181112e-01 4.070736705381239773e+00 4.457163661894351647e-01 1.593227370101714557e+00 1.145153505204763000e+00 1.400890438122966319e+00 3.405031035659450644e+00 3.677571283369730715e+00 7.975133404561302042e-01 1.080415422727804553e-01 -2.631683889693298539e+01 7.811854017063918354e-01 7.917842804009557200e-01 7.470867069933078142e-01 7.510074627564795602e-01 1.869624705116273711e-01 3.060734819089408365e+00
1.110352858392489317e+00 1.530409126088981164e+00 7.182547059611583684e-01 8.939281412113414538e-01 4.522702086795164611e+00 5.922228345746002320e-01 1.925034290186178332e+00 1.423060909826558085e+00 1.711670903562257040e+00 3.841768909120688136e+00 4.121433893149674788e+00 1.019353261261290555e+00 1.531084639357468413e-01 1.256295401706391868e+00 -3.150155120627586314e+01 1.012567207863198204e+00 9.594532805722484348e-01 9.641245544314395177e-01 2.595530792205056336e-01 3.486257298415951666e+00
1.097002043410326477e+00 1.514204326855854932e+00 7.083796996165432347e-01 8.823822794358910926e-01 4.498701599847425570e+00 5.836788678375421924e-01 1.906764611551324817e+00 1.407513822214153665e+00 1.694452963923975375e+00 3.818464244756202497e+00 4.097802263024565406e+00 1.006730030363151673e+00 1.503671811277026982e-01 1.241864280400955423e+00 9.875372078631986517e-01 -3.121381205768700084e+01 9.473333631628909624e-01 9.519646633239032818e-01 2.551967574303148911e-01 3.463471851541079616e+00
1.154939246058948044e+00 1.584312708946853387e+00 7.514007660373375197e-01 9.325864965144891050e-01 4.601671445608404021e+00 6.209603545659101442e-01 1.985635199702265430e+00 1.474823449695254807e+00 1.768865242150959194e+00 3.918528797344925430e+00 4.199232951416782988e+00 1.061553344051746617e+00 1.624298810820400396e-01 1.304416706993308139e+00 1.041673280572248173e+00 1.054583363162890253e+00 -3.245809352963002681e+01 1.004802663996586798e+00 2.743137213367328742e-01 3.561363910392346455e+00
1.149681129757650133e+00 1.577972643161418720e+00 7.474785218019273092e-01 9.280195753350372057e-01 4.592450458132532276e+00 6.175550760314868493e-01 1.978520839333768100e+00 1.468731527524467229e+00 1.762144356241432508e+00 3.909559595360447837e+00 4.190145255097957211e+00 1.056573204209374506e+00 1.613172086973044261e-01 1.298747462756479676e+00 1.036754554431439823e+00 1.049624663323903251e+00 9.952126639965905852e-01 -3.234562818596659639e+01 2.725559828513697824e-01 3.552583467922009408e+00
2.718853664186736907e+00 3.338325007250368515e+00 2.043928378810774937e+00 2.361764323918959629e+00 6.760167394786879669e+00 1.795025238360260733e+00 3.862109173064393275e+00 3.187287972025656391e+00 3.584432087313425441e+00 6.047355477610397934e+00 6.342181928076134234e+00 2.572635309768802170e+00 6.694740042633159360e-01 2.943362470511627471e+00 2.540843079220505896e+00 2.561516757430315483e+00 2.473383721336732677e+00 2.481215982851369795e+00 -6.395101296334438956e+01 5.667150992557736799e+00
1.407477604723433584e-01 2.322518602629960738e-01 7.492425925041658330e-02 1.021891253531046206e-01 1.652314271984316463e+00 5.751372462507194083e-02 3.398920136744754683e-01 2.066872997493975628e-01 2.789727110398959598e-01 1.205210772323335178e+00 1.380522032474076788e+00 1.238517348377450172e-01 1.063025369526802988e-02 1.699748190894082023e-01 1.203872984159511383e-01 1.226318515410798476e-01 1.132739103923461887e-01 1.140834679220090464e-01 1.999099255773674824e-02 -6.466050159660973407e+00
