-6.607969775376993482e+00 4.923735134105750033e-01 2.424512336247553260e-02 8.809085980923257037e-03 1.129042750036202874e-03 5.235007602293890727e+00 2.521307384805803939e-07 7.243877113331821486e-03 1.172245106400288464e-02 2.508161367773624820e-02 8.750140938196154794e-02 1.983774140328977559e-02 9.141232737432118845e-04 3.441586419072653700e-03 2.455828769861172385e-04 6.427343008660795221e-01 2.128905827790562866e-02 2.634763366881595278e-02 1.344475460967750170e-09 4.577608095290943883e-05
1.774293513410574619e+00 -1.016283453797148439e+01 6.746360045685181883e-02 2.568963913216018233e-02 3.489017107371475065e-03 6.498115187679232463e+00 8.441771058208737770e-07 2.127958385746957573e-02 3.379261830377788128e-02 6.965912992128482639e-02 2.220546052254502856e-01 5.579491402369719105e-02 2.836768286441409583e-03 1.035339420174967440e-02 7.787972586945706658e-04 1.244456983402897565e+00 5.965672460541680822e-02 7.297114565293076616e-02 4.581585531784463333e-09 1.480666867947695218e-04
5.437015123362475499e+00 4.198313600456852868e+00 -3.285213643787667337e+01 5.137529042505935006e-01 1.035114212942341849e-01 1.061933959101841474e+01 3.962184922885973178e-05 4.469348521072415981e-01 6.259498618157153249e-01 1.020847894924474364e+00 2.020465952572026325e+00 8.830942489511647286e-01 8.655007646121570808e-02 2.558176972638382396e-01 2.730190586635136002e-02 4.632690015177927556e+00 9.229989436372550982e-01 1.051680742609855335e+00 2.323153062952552749e-07 5.831751942504252197e-03
6.632809085980923669e+00 5.367769639132161430e+00 1.724982904250593974e+00 -4.427066073847168326e+01 2.464506729632502668e-01 1.183039613128661216e+01 1.203236361071575278e-04 8.896815218639299028e-01 1.178213095195737692e+00 1.753782269290837803e+00 3.009455650917891134e+00 1.560583934873536860e+00 2.093463598487445565e-01 5.516139789027084683e-01 7.146380427234738653e-02 5.814331924601389368e+00 1.617277191083294374e+00 1.796106740442330985e+00 7.280424314636064673e-07 1.627478188685129237e-02
8.982829042750037019e+00 7.703269017107371219e+00 3.672441421294234232e+00 2.604150672963249757e+00 -7.342304619804544075e+01 1.418801977568801753e+01 1.010048703582408416e-03 2.415885812805942390e+00 2.890367144278330969e+00 3.710686807572152190e+00 5.219041699159771674e+00 3.449280782679366553e+00 8.860842625209225387e-01 1.763266163454941804e+00 3.803157192777369966e-01 8.156714862527518761e+00 3.527214874078238527e+00 3.766471724119612841e+00 6.623765096321704408e-06 1.059897432993153893e-01
2.869760229389050829e-02 9.885187679233057093e-03 2.595910184136885311e-04 8.613128661168809703e-05 9.775688016426266788e-06 -5.576293668854268026e-02 1.779959691448789253e-09 6.980296522754797441e-05 1.172623958963425132e-04 2.695115407534633307e-04 1.112752665702216063e-03 2.081152438744191219e-04 7.840310763872186756e-06 3.158301839386700171e-05 2.002461752844978523e-06 1.449589327260833102e-02 2.249141689268343756e-04 2.846135941697378459e-04 8.996979537893546964e-12 3.552953511611869111e-07
1.808860025213073897e+01 1.680668084417710517e+01 1.267586962184923038e+01 1.146472032363610793e+01 9.107910048703583783e+00 2.329491000177996085e+01 -2.287496750765604929e+02 1.123534832049901766e+01 1.180216838602192375e+01 1.271727813879899216e+01 1.429686883473498327e+01 1.243217958402954082e+01 8.870947119943229708e+00 1.037342429634327523e+01 7.412793638169717703e+00 1.726127055029865431e+01 1.251770583255592406e+01 1.277750607957246487e+01 2.258061697569564014e-02 5.590912586340340162e+00
6.860643877113331790e+00 5.592759583857470851e+00 1.887564852107242119e+00 1.119081521863930284e+00 2.875858128059428642e-01 1.205977980296522745e+01 1.483204990180085451e-04 -4.671984277806232910e+01 1.310077072481974803e+00 1.917688560854627022e+00 3.212014145125408948e+00 1.715095020265875014e+00 2.451457369826572918e-01 6.301308475613062177e-01 8.519374314202705911e-02 6.040657984681299553e+00 1.774672938664612953e+00 1.961913505432723692e+00 9.033809385374969275e-07 1.968854827671797161e-02
6.298242451064002267e+00 5.038392618303777937e+00 1.499699861815714685e+00 8.407330951957362464e-01 1.951871442783303934e-01 1.149294726239589615e+01 8.838602192151923695e-05 7.431970724819735308e-01 -4.083270011171207159e+01 1.526417963744744588e+00 2.719149544058669932e+00 1.347888437853634436e+00 1.649976293915104975e-01 4.501519665964574535e-01 5.495947363786224393e-02 5.482529140370500542e+00 1.400101445023025581e+00 1.565747821379710691e+00 5.298415049444712646e-07 1.226826825709297422e-02
5.396441613677735560e+00 4.159099129921284721e+00 9.794378949244724186e-01 5.011422692908364951e-01 1.003468075721510450e-01 1.057793951154075351e+01 3.813879899059863774e-05 4.356485608546256105e-01 6.112579637447443925e-01 -3.250656143337443638e+01 1.989579610771943230e+00 8.642098163841614999e-01 8.386532427907478215e-02 2.487334881633417316e-01 2.639479724398648836e-02 4.592854241861809683e+00 9.035271465068555052e-01 1.030417286132321086e+00 2.233994246713993193e-07 5.627608305923824557e-03
3.879241409381960715e+00 2.731874605225449670e+00 3.994359525720251880e-01 1.771956509178896078e-01 2.908169915977119532e-02 8.999162752665702314e+00 8.834734979390742468e-06 1.503541451254074846e-01 2.243695440586696288e-01 4.099596107719430949e-01 -2.136668495036930082e+01 3.418892572450155654e-01 2.396073637329139069e-02 7.912352683567774880e-02 7.029230527122423862e-03 3.125665914166150028e+00 3.612504897308099205e-01 4.256665701050849626e-01 5.002379891283812986e-08 1.414970748546982631e-03
5.676307741403290308e+00 4.430344914023698344e+00 1.126794248951165311e+00 5.930539348735367478e-01 1.240507826793670748e-01 1.086298811524387453e+01 4.958402953941209979e-05 5.181650202658750759e-01 7.178384378536353250e-01 1.149319816384162918e+00 2.206619257245016730e+00 -3.494512337647303468e+01 1.040163582024461464e-01 3.010998432279418102e-01 3.327208937437840103e-02 4.868052252994270468e+00 1.043374540761835778e+00 1.182588611558743175e+00 2.924508063411042578e-07 7.187534949445812532e-03
9.219814123273742723e+00 7.939816768286441118e+00 3.892680076461215499e+00 2.804246359848743708e+00 1.123284262520922505e+00 1.442521784031076493e+01 1.247119943228136964e-03 2.610645736982656118e+00 3.097377629391510734e+00 3.931405324279075408e+00 5.451120736373291642e+00 3.666446358202445577e+00 -7.679108853619899833e+01 1.933317161851503263e+00 4.412450147058690209e-01 8.393473396089499161e+00 3.745508798223376346e+00 3.987867276300796959e+00 8.260550241405276013e-06 1.263662926036953627e-01
7.718941586419073353e+00 6.443933394201750708e+00 2.558547697263838572e+00 1.643113978902708494e+00 4.970661634549423114e-01 1.292184158301839503e+01 3.242963432729455641e-04 1.492230847561306195e+00 1.879131966596458758e+00 2.592873488163342621e+00 4.002883526835679717e+00 2.360129843227941393e+00 4.299171618515040261e-01 -5.670921952990559589e+01 1.612108238856245768e-01 6.895201577141149230e+00 2.429049165372028085e+00 2.643101192360127971e+00 2.029112971821215297e-06 3.971920819348471327e-02
1.068054558287698441e+01 9.399158797258694520e+00 5.294831905866350219e+00 4.127763804272346349e+00 2.078915719277735885e+00 1.588661200246175120e+01 4.493638169715520603e-03 3.912093743142025293e+00 4.448739473637862041e+00 5.335334797243986849e+00 6.895589230527122027e+00 5.057102089374376774e+00 1.902645014705868443e+00 3.126010823885622791e+00 -9.888574948156440314e+01 9.853488202494911974e+00 5.140407791922760872e+00 5.394296611189913548e+00 3.199683748670826167e-05 3.476882564188832903e-01
1.470064300866079199e+00 7.898669834028980707e-01 4.725001517792720707e-02 1.766192460138883702e-02 2.344862527518593118e-03 6.048135893272609032e+00 5.502986507995724446e-07 1.458798468129906926e-02 2.333914037050120391e-02 4.882424186181065495e-02 1.612559141661507878e-01 3.891225299426939732e-02 1.903396089500089755e-03 7.031577141148374899e-03 5.182024949126715508e-04 -8.764663286427682110e+00 4.166614853993997475e-02 5.120211443737512219e-02 2.967233043867445934e-09 9.778053646828287150e-05
5.592229058277905729e+00 4.348676724605417654e+00 1.081168943637255131e+00 5.642171910832940451e-01 1.164548740782390679e-01 1.077747491416892700e+01 4.583255592390901632e-05 4.922129386646124094e-01 6.845214450230264758e-01 1.103107146506856928e+00 2.140450489730810979e+00 9.578445407618352281e-01 9.754879822337705897e-02 2.844891653720277858e-01 3.104779192276223287e-02 4.785276148539940877e+00 -3.419897006261602002e+01 1.135523784805188008e+00 2.697579131235234513e-07 6.680004900699004766e-03
5.337477633668816779e+00 4.102181145652931349e+00 9.500407426098552710e-01 4.832367404423307811e-01 9.590172411961343790e-02 1.051772461359417044e+01 3.607957246293995793e-05 4.196435054327233294e-01 5.903578213797114893e-01 9.701872861323197483e-01 1.945056570105086369e+00 8.372486115587429722e-01 8.009727630079742366e-02 2.387311923601279084e-01 2.512661118991437945e-02 4.535002114437375553e+00 8.757137848051880225e-01 -3.200910673107113524e+01 2.110367258466682672e-07 5.343066672241940547e-03
2.358800000134447572e+01 2.230608000458158813e+01 1.817523023231530743e+01 1.696400072804242853e+01 1.460630662376509648e+01 2.879431000000899488e+01 5.521980616975692868e+00 1.673460090338094020e+01 1.730148052984150198e+01 1.821664022339942335e+01 1.979626005002380040e+01 1.793153029245080532e+01 1.436910826055023982e+01 1.587250202911297059e+01 1.290773199683748729e+01 2.276067000296723108e+01 1.801706026975791275e+01 1.827687021103672649e+01 -3.332095355242366281e+02 1.106917254784401550e+01
1.251904577608095259e+01 1.123722806668679652e+01 7.112061751942504451e+00 5.911274781886850960e+00 3.643289743299315209e+00 1.772531035529535259e+01 2.131258634033892513e-02 5.685288548276717258e+00 6.244748268257093393e+00 7.153267608305925229e+00 8.728674970748548034e+00 6.869717534949445259e+00 3.426466292603695951e+00 4.843219208193484171e+00 2.186388256418884346e+00 1.169176778053646792e+01 6.954740004900698658e+00 7.213213066672241602e+00 1.725478440164376589e-04 -1.291671871492393393e+02
