-2.009707570444114566e+01 7.409636502733278896e-01 1.043719126664343744e+00 1.518234545089941268e+00 1.325771235680174964e+00 8.224721242086924233e-01 7.416534595969899168e-01 8.699849406731633428e-01 1.011670046469159923e+00 1.018983626593841008e+00 1.143914216344417811e+00 8.261543311505571419e-01 2.128178799564493850e+00 1.087972556740716357e+00 1.276493978355244030e+00 8.378773706677009603e-01 8.501911707537938012e-01 7.230604685964769907e-01 9.064384125176850882e-01 1.223341644500427927e+00
1.313343650273328000e+00 -2.643997073780359841e+01 1.365175359979287073e+00 1.912478049219463960e+00 1.693541988590426817e+00 1.099841631837574996e+00 1.000850240833328186e+00 1.157488774053024860e+00 1.327206242064715491e+00 1.335883765416023605e+00 1.482964004133886293e+00 1.104323317819078332e+00 2.585772203689759241e+00 1.417366031400820070e+00 1.636863210086153986e+00 1.118575718703237021e+00 1.133520487427262857e+00 9.779002379475135731e-01 1.201458410456776704e+00 1.575417413871937455e+00
9.575191266643440224e-01 7.065953599792871298e-01 -1.923317776752258013e+01 1.463084403529266275e+00 1.274847051908308160e+00 7.853991517515069853e-01 7.072616495408531323e-01 8.314020759967495344e-01 9.688552034006525648e-01 9.759607707429260870e-01 1.097485608581834970e+00 7.889626296879580503e-01 2.062570585220671493e+00 1.043035171029005781e+00 1.226737060504933252e+00 8.003096065853575469e-01 8.122315392677693646e-01 6.893064811709570527e-01 8.667288838189903810e-01 1.174885408141209009e+00
6.157145450899412786e-01 4.375780492194638049e-01 6.467644035292662297e-01 -1.222970670335056731e+01 8.533140113122377191e-01 4.925133065593090276e-01 4.380384625862863701e-01 5.250200858455723596e-01 6.239761524681985971e-01 6.291635884526244338e-01 7.189290383858620848e-01 4.950200092679258312e-01 1.491328296991327074e+00 6.784673596392497563e-01 8.164812447317034705e-01 5.030147169692763542e-01 5.114353319011426535e-01 4.256559796721226530e-01 5.501950903157519779e-01 7.770970304133052453e-01
7.325412356801750402e-01 5.279319885904267817e-01 7.678170519083082901e-01 1.162604011312238006e+00 -1.463583226520330705e+01 5.914646313324850579e-01 5.284662055334028441e-01 6.288689589412639336e-01 7.419376342527357338e-01 7.478337326144800512e-01 8.494083594725668762e-01 5.943538798917419319e-01 1.696540669403266755e+00 8.037276612209048876e-01 9.588892849146870567e-01 6.035631479828853507e-01 6.132540448966153912e-01 5.140881728895151381e-01 6.577450545440310936e-01 9.147965398215761601e-01
1.201402124208692079e+00 9.063916318375753178e-01 1.250529151751507140e+00 1.773963306559309006e+00 1.563624631332485082e+00 -2.417913334225846711e+01 9.071871292249705787e-01 1.054220896245047445e+00 1.214532865049900989e+00 1.222755442342777110e+00 1.362482597665868544e+00 1.004210894001378973e+00 2.427088244187109112e+00 1.300082149814573818e+00 1.509366823254343126e+00 1.017607139588477594e+00 1.031662272652721812e+00 8.857250912202614401e-01 1.095658348675766502e+00 1.450642602645705104e+00
1.312333459596989993e+00 9.991502408332817442e-01 1.364141649540853374e+00 1.911238462586286380e+00 1.692376205533402844e+00 1.098937129224970555e+00 -2.641958977741577996e+01 1.156554266921320240e+00 1.326189683471975078e+00 1.334863249700857235e+00 1.481879682040658563e+00 1.103416441582582008e+00 2.584361115285746635e+00 1.416309420874152902e+00 1.635718282005136803e+00 1.117661340364523470e+00 1.132598317664017085e+00 9.770630947313251324e-01 1.200501767687409904e+00 1.574295967770291682e+00
1.142364940673163520e+00 8.574887740530245939e-01 1.189982075996749433e+00 1.699920085845572526e+00 1.494478958941263924e+00 9.476708962450478557e-01 8.582542669213202302e-01 -2.298466137084627903e+01 1.155087504751547200e+00 1.163056202119808313e+00 1.298664810199864350e+00 9.517324928225738834e-01 2.341382527609563891e+00 1.238058866562661731e+00 1.441592773591467092e+00 9.646564612577209763e-01 9.782204493844375293e-01 8.376072292342156000e-01 1.040035424236834372e+00 1.384406630399444671e+00
9.884200464691640375e-01 7.315762420647157205e-01 1.031805203400652626e+00 1.503246152468198593e+00 1.311917634252735887e+00 8.123528650499008963e-01 7.322596834719751202e-01 8.594575047515472521e-01 -1.986169618199083686e+01 1.007257472472273818e+00 1.131270150138225405e+00 8.160029655473152177e-01 2.110391595219059724e+00 1.075730233245670853e+00 1.262954198958552210e+00 8.276243221017877127e-01 8.398321837150654057e-01 7.138394049426133314e-01 8.956065763694812665e-01 1.210151747351902562e+00
9.812536265938408553e-01 7.257737654160236751e-01 1.024430770742924768e+00 1.493953588452624492e+00 1.303333732614480045e+00 8.060954423427774129e-01 7.264532497008573397e-01 8.529462021198080945e-01 9.927774724722786548e-01 -1.971598662580225181e+01 1.123440712698176691e+00 8.097255767800135562e-01 2.099347684031468653e+00 1.068151190773834358e+00 1.254566134266298372e+00 8.212836955267878158e-01 8.334256660872895184e-01 7.081402885693210969e-01 8.889058753631837728e-01 1.201981951250263858e+00
8.686942163444181242e-01 6.353640041338864952e-01 9.084656085818353377e-01 1.346229038385862387e+00 1.167418359472566891e+00 7.083325976658684242e-01 6.359796820406586892e-01 7.510648101998642634e-01 8.793001501382256002e-01 8.859507126981768232e-01 -1.742288621400294701e+01 7.116392289274804384e-01 1.922035888191949926e+00 9.488287718307549801e-01 1.121898399364231524e+00 7.221722827785630461e-01 7.332454611918154397e-01 6.193962160487382906e-01 7.839448828742372477e-01 1.072925903133814529e+00
1.196674331150556991e+00 9.024633178190786253e-01 1.245682629687957954e+00 1.768060009267925725e+00 1.558103879891742150e+00 9.958008940013968191e-01 9.032564415825817816e-01 1.049872492822575332e+00 1.209772965547315282e+00 1.217975576780013558e+00 1.357379228927480641e+00 -2.408353556965032283e+01 2.420278528888170300e+00 1.295119644043194906e+00 1.503953402967731279e+00 1.013358962638008620e+00 1.027375333595280438e+00 8.818588913608962354e-01 1.091199399982430318e+00 1.445349638695986982e+00
3.649687995644939065e-01 2.501822036897595192e-01 3.855605852206721584e-01 6.306382969913272296e-01 5.265606694032671786e-01 2.849482441871091787e-01 2.504711152857467815e-01 3.057925276095637135e-01 3.704315952190599393e-01 3.738676840314691940e-01 4.340458881919500578e-01 2.865485288881701176e-01 -6.998943757786087794e+00 4.067543709917412764e-01 5.009251796287799152e-01 2.916603261367422539e-01 2.970574812831994760e-01 2.427158444717266161e-01 3.220702816649207989e-01 4.737441353263879829e-01
9.169025567407159683e-01 6.739160314008197927e-01 9.581651710290057800e-01 1.409917359639250023e+00 1.225887661220904867e+00 7.500821498145739952e-01 6.745594208741527709e-01 7.946088665626613867e-01 9.279102332456710123e-01 9.348111907738351212e-01 1.052978771830755500e+00 7.535296440431947795e-01 1.998894370991740832e+00 -1.840608740594178983e+01 1.178936078626250161e+00 7.645091450105619968e-01 7.760479819808066004e-01 6.572250402435034777e-01 8.288324102922910441e-01 1.128373321621092051e+00
7.666439783552442266e-01 5.546332100861536274e-01 8.030870605049330591e-01 1.209151244731703434e+00 1.042269284914687288e+00 6.205868232543430008e-01 5.551882820051367018e-01 6.593627735914668886e-01 7.763541989585522884e-01 7.824461342662982766e-01 8.872683993642319633e-01 6.235834029677314039e-01 1.754285179628779723e+00 8.401560786262504132e-01 -1.533547467194738090e+01 6.331332223634110745e-01 6.431799394202584175e-01 5.402459125946872387e-01 6.892718576862514324e-01 9.546276886272603290e-01
1.181797370667700520e+00 8.901157187032373574e-01 1.230429606585357716e+00 1.749454716969276458e+00 1.540713147982885278e+00 9.825971395884767201e-01 8.909013403645230644e-01 1.036196461257719914e+00 1.194794322101787598e+00 1.202933695526787750e+00 1.341312282778563070e+00 9.867589626380101064e-01 2.398790326136742035e+00 1.279499145010562167e+00 1.486903222363411103e+00 -2.378265391463557421e+01 1.013893755487040194e+00 8.697075951167604346e-01 1.077173563586552474e+00 1.428681541770181029e+00
1.166451170753793676e+00 8.774004874272628429e-01 1.214691539267769294e+00 1.730215331901142850e+00 1.522744044896615190e+00 9.689922726527209207e-01 8.781783176640173272e-01 1.022100449384438559e+00 1.179342183715065051e+00 1.187415666087289434e+00 1.324725461191815556e+00 9.731153335952809069e-01 2.376527481283199350e+00 1.263377981980806641e+00 1.469289939420258317e+00 9.862337554870429512e-01 -2.347217850829434127e+01 8.571962117581760632e-01 1.062713588820266564e+00 1.411467291007378888e+00
1.339970468596477060e+00 1.022430237947514087e+00 1.392416481170957177e+00 1.945085979672122489e+00 1.724228172889515243e+00 1.123705091220261520e+00 1.023293094731323682e+00 1.182137229234215603e+00 1.353999404942613172e+00 1.362780288569320986e+00 1.511526216048738380e+00 1.128248891360896344e+00 2.622835844471726574e+00 1.445205040243503491e+00 1.667005912594687000e+00 1.142697595116760390e+00 1.157846211758175814e+00 -2.697704584763900471e+01 1.226685744193909855e+00 1.604947942876287836e+00
1.099788412517685332e+00 8.224284104567768372e-01 1.146278883818990790e+00 1.646065090315752100e+00 1.444325054544030928e+00 9.100783486757662022e-01 8.231717676874099610e-01 9.610054242368334387e-01 1.112206576369481059e+00 1.119985875363183281e+00 1.252514882874237401e+00 9.140293999824300464e-01 2.278630281664920432e+00 1.193252410292291010e+00 1.392471857686251147e+00 9.266035635865523812e-01 9.398035888202675991e-01 8.031257441939098074e-01 -2.212220781703859274e+01 1.336442243951821762e+00
8.056516445004280325e-01 5.853474138719374498e-01 8.433954081412091686e-01 1.261927030413305229e+00 1.090336539821576300e+00 6.540226026457053310e-01 5.859259677702916003e-01 6.943366303994445987e-01 8.157117473519024387e-01 8.220219512502638937e-01 9.304559031338149877e-01 6.571396386959867941e-01 1.819264135326387866e+00 8.817533216210919900e-01 1.046787688627260682e+00 6.670715417701810201e-01 6.775172910073787857e-01 5.703479428762876502e-01 7.254022439518217347e-01 -1.613441664317627655e+01
