-2.124506219481667557e+01 1.157541010594040465e+00 8.497272381557002818e-01 9.029326025237766062e-01 1.152286356469717887e+00 7.757665905513919657e-01 1.343892850852579590e+00 1.109145796227280600e+00 1.706871976308261818e+00 1.016163155158443354e+00 1.070476150296113316e+00 1.355570585335327927e+00 1.880348513149798229e-01 1.272866029831303480e+00 2.351432410022198827e+00 9.881293457930101498e-01 9.232817484615210013e-01 1.042063740859968446e+00 9.409928434209916537e-01 1.097886912640065660e+00
8.574460105940405752e-01 -1.826509378663991967e+01 7.228684254159080114e-01 7.703510446086040409e-01 9.952226320633613676e-01 6.571819671226547532e-01 1.170361715800752878e+00 9.560581140576176473e-01 1.506874394053915323e+00 8.720050519687834178e-01 9.210413065652417464e-01 1.181095561773726876e+00 1.518029437515240887e-01 1.105219996199983568e+00 2.116588481931191978e+00 8.467635200359946435e-01 7.885603667586297272e-01 8.953676608422812544e-01 8.044305902265730390e-01 9.458540028691378998e-01
1.167024238155700333e+00 1.340260425415908063e+00 -2.470322417056210185e+01 1.059351159095198280e+00 1.334510379371153022e+00 9.170751427701085978e-01 1.543042203672742030e+00 1.287231637704849163e+00 1.932512292448370639e+00 1.184881181933640226e+00 1.244742325960568330e+00 1.555679726800534013e+00 2.344225811314039343e-01 1.466005926632189649e+00 2.610614079911739882e+00 1.153896833530571042e+00 1.081987076272146853e+00 1.213454787718178274e+00 1.101660600912938159e+00 1.274871571124163605e+00
1.103786602523776583e+00 1.271300044608604241e+00 9.429081590951977621e-01 -2.339767147698871952e+01 1.265730101027193966e+00 8.632881926843818388e-01 1.468128197555248038e+00 1.219957160668148965e+00 1.848080252485237551e+00 1.121024305262221299e+00 1.178859874168842303e+00 1.480419108258451022e+00 2.163562160850611427e-01 1.393265113449873027e+00 2.514282524311299838e+00 1.091118918285956196e+00 1.021796598873289996e+00 1.148621481393800492e+00 1.040750430151363259e+00 1.207998196100773747e+00
8.617613564697181872e-01 1.004792632063346014e+00 7.266883793711529371e-01 7.743511010271940664e-01 -1.835574744523718849e+01 6.607425912575207727e-01 1.175668187931262265e+00 9.607084882699902240e-01 1.513042045505005762e+00 8.763712849763655166e-01 9.255752683818649906e-01 1.186432515744565652e+00 1.528547180174733566e-01 1.110336794378312897e+00 2.123911435003178028e+00 8.510412045386258617e-01 7.926279215097867814e-01 8.998145028792381428e-01 8.085562807723440937e-01 9.504707371402433269e-01
1.263767590551392095e+00 1.445277967122654772e+00 1.087779142770108454e+00 1.150435192684382324e+00 1.439268591257520935e+00 -2.669265671835312403e+01 1.656593156737408368e+00 1.389818922613547558e+00 2.059545759024707046e+00 1.282523247873313732e+00 1.345318392638281679e+00 1.669725131996005807e+00 2.632580615105162836e-01 1.576450850401581283e+00 2.754215458515997472e+00 1.249972454634621588e+00 1.174296041447284500e+00 1.312512288801696458e+00 1.195018703784844760e+00 1.376879763987258087e+00
7.204678508525798053e-01 8.470317158007529823e-01 6.023202036727423048e-01 6.438491975552479429e-01 8.427681879312622915e-01 5.451671567374085647e-01 -1.537085326546141673e+01 8.078723716454241366e-01 1.306933898904121483e+00 7.333295987866937926e-01 7.767587060676810484e-01 1.009696137214425304e+00 1.198689836886508014e-01 9.413005177833894122e-01 1.876067422548754138e+00 7.110403671142414561e-01 6.598214805508196834e-01 7.539998967618467551e-01 6.737624423013096608e-01 7.987971295440650099e-01
8.982607962272811664e-01 1.045268114057617881e+00 7.590496377048490118e-01 8.082181606681486663e-01 1.040348488269989602e+00 6.909329226135474400e-01 1.220412371645424043e+00 -1.912133246274379061e+01 1.564912817894714259e+00 9.132951479567292807e-01 9.638972124564889610e-01 1.231429540226122832e+00 1.618628322397161756e-01 1.153506699689360371e+00 2.185286939775540116e+00 8.872264520882479077e-01 8.270589251546625054e-01 9.374104358420581873e-01 8.434728325007756489e-01 9.894821357325196409e-01
5.218669763082618429e-01 6.219643940539151261e-01 4.302102924483706126e-01 4.622212524852374327e-01 6.185620455050057087e-01 3.865397590247071635e-01 7.453538989041214036e-01 5.907928178947142728e-01 -1.110433575716939636e+01 5.319517374680193811e-01 5.661525277233763198e-01 7.532586777556397051e-01 7.854838988967365043e-02 6.977076636193959569e-01 1.492909563420582675e+00 5.144879508125799195e-01 4.745933728957595910e-01 5.482014262075283195e-01 4.854190019475490003e-01 5.835940088049589303e-01
9.840091551584401186e-01 1.139946051968783403e+00 8.354301819336400481e-01 8.880163052622217501e-01 1.134742284976365090e+00 7.623682478733136980e-01 1.324600598786693784e+00 1.092026147956729032e+00 1.684802737468019451e+00 -2.091220775270741683e+01 1.053747223206666028e+00 1.336178600754981405e+00 1.838173243242725297e-01 1.254196757394888451e+00 2.325770310972959720e+00 9.722662263600826416e-01 9.081343964516107592e-01 1.025628264255032951e+00 9.256469294080561516e-01 1.080880008194657238e+00
9.326871502961135985e-01 1.083347306565241697e+00 7.896563259605680063e-01 8.402168741688421649e-01 1.078311268381865640e+00 7.195283926382817219e-01 1.262394706067681005e+00 1.036993212456489788e+00 1.613368527723376467e+00 9.481122232066671041e-01 -1.984159023222185780e+01 1.273642460670839860e+00 1.705434630169578858e-01 1.194051806405857175e+00 2.242290407053406653e+00 9.213634395406885558e-01 8.595783442272071362e-01 9.728458230074020774e-01 8.764402989614749062e-01 1.026218201872895586e+00
7.128155853353280724e-01 8.384355617737269117e-01 5.956277268005339964e-01 6.368101082584508577e-01 8.342025157445656092e-01 5.389691319960054905e-01 9.903661372144297870e-01 7.995595402261229667e-01 1.295508677755639715e+00 7.255776007549814555e-01 7.686764606708399450e-01 -1.520813072212414596e+01 1.181677932436356881e-01 9.320523445065657109e-01 1.862127434901317935e+00 7.034617755282240870e-01 6.526518063803433689e-01 7.460894762275254166e-01 6.664799973442302461e-01 7.905510474616779248e-01
2.936319851314979967e+00 3.200182943751523901e+00 2.665410581131403500e+00 2.763787216085060727e+00 3.191664718017472868e+00 2.523542061510515744e+00 3.491578983688650606e+00 3.121032832239715837e+00 4.011838389889673451e+00 2.964256324324272551e+00 3.056617463016957803e+00 3.509207793243635187e+00 -6.031442763530431250e+01 3.382835154798061517e+00 4.836393847251468259e+00 2.915665107230086761e+00 2.800668738607371644e+00 3.008585779643413449e+00 2.832451331427852548e+00 3.102388518132194406e+00
7.692310298313037586e-01 9.016799961999832913e-01 6.450739266321898757e-01 6.887761134498728843e-01 8.972267943783130972e-01 5.848148504015813209e-01 1.061090517783389808e+00 8.607566996893607492e-01 1.379077663619395988e+00 7.827157573948885227e-01 8.282058064058569480e-01 1.071172344506564844e+00 1.309151547980620389e-01 -1.640508218972968635e+01 1.963582329275738392e+00 7.593431653974215267e-01 7.055662624295001573e-01 8.043750799365440018e-01 7.202131353301333139e-01 8.512655622695860513e-01
3.032674100221987579e-01 3.685184819311921323e-01 2.451520799117399285e-01 2.652635243112998475e-01 3.662714350031779365e-01 2.180494585159974408e-01 4.513274225487540203e-01 3.480069397755401472e-01 6.297495634205827475e-01 3.097593109729600558e-01 3.319144070534067459e-01 4.567174349013178869e-01 3.994384725146792742e-02 4.190523292757383778e-01 -6.268130355967529432e+00 2.985292586409550863e-01 2.730905326662326771e-01 3.202592054988827042e-01 2.799634791085714447e-01 3.432942351575137829e-01
1.011965345793006898e+00 1.170694520035994612e+00 8.604358335305709593e-01 9.141009182859556326e-01 1.165402204538625641e+00 7.858074546346215383e-01 1.358301367114241653e+00 1.121947452088247532e+00 1.723328950812579974e+00 1.028256226360084513e+00 1.082988439540688130e+00 1.370052775528224132e+00 1.912161072300870568e-01 1.286814165397421439e+00 2.370530258640955346e+00 -2.149390717652060090e+01 9.346215213224283724e-01 1.054358624064475336e+00 9.524799286122932473e-01 1.110605082990099746e+00
1.080854748461520520e+00 1.246228366758629358e+00 9.222630762721465425e-01 9.785155988732928689e-01 1.240725921509786778e+00 8.438680414472842228e-01 1.440819480550819653e+00 1.195516925154662458e+00 1.817171372895759696e+00 1.097861396451611293e+00 1.154940344227207039e+00 1.452979806380343630e+00 2.099567386073715458e-01 1.366774262429500286e+00 2.478828532666232931e+00 1.068358521322428478e+00 -2.292315115317306962e+01 1.125094001264828947e+00 1.018685958037228945e+00 1.183708059862419670e+00
9.590837408599677261e-01 1.112482660842281756e+00 8.131777877181782799e-01 8.647874813938003502e-01 1.107359502879238455e+00 7.415312888016964976e-01 1.294444896761846708e+00 1.065315435842058900e+00 1.650226426207528130e+00 9.748022642550328021e-01 1.027654823007404072e+00 1.305864476227525328e+00 1.773207796434136951e-01 1.225030079936543892e+00 2.285444205498882830e+00 9.475426240644747589e-01 8.845410012648289300e-01 -2.039269735309728304e+01 9.017401275052694398e-01 1.054347750387311100e+00
1.061423843420992608e+00 1.224956590226573105e+00 9.047946009129386180e-01 9.603274301513643474e-01 1.219512280772344193e+00 8.274487037848449189e-01 1.417618442301309623e+00 1.174788832500776037e+00 1.790855001947549097e+00 1.078231929408055567e+00 1.134660298961474911e+00 1.429665997344230277e+00 2.045973314278529132e-01 1.344279135330133323e+00 2.448559479108571413e+00 1.049074928612294233e+00 9.815439580372278261e-01 1.105151127505269892e+00 -2.252059906054326532e+01 1.163109148789464031e+00
9.081119126400661878e-01 1.056174002869139095e+00 7.677995711241635268e-01 8.173691961007735207e-01 1.051220737140244887e+00 6.991037639872580423e-01 1.232447129544065323e+00 1.010592135732520935e+00 1.578824008804958989e+00 9.232590081946571159e-01 9.742322018728950539e-01 1.243531047461677863e+00 1.643285181321944288e-01 1.165125562269585968e+00 2.201684235157513658e+00 8.969940829900998613e-01 8.363600598624199023e-01 9.475527503873111268e-01 8.529031487894638275e-01 -1.932761307306100917e+01
