-2.989813104683680933e+01 9.553693893899062317e-01 6.064343517877428535e-01 8.484205026162376928e-01 3.810045491297580078e+00 3.034185200432872320e-01 2.740140941400749597e+00 1.268330464408858438e+00 1.137230262907475753e+00 4.305788393192274022e+00 4.433462452664025832e+00 1.357445906330070784e+00 4.393606965426417182e-03 1.311080283232505916e+00 7.550088832655008630e-01 6.979833023454594665e-01 8.847493914747730503e-01 1.019338069045759410e+00 5.369246678478178936e-01 2.922566166621360040e+00
1.045999389389906220e+00 -3.090055310769044183e+01 6.387412469228447298e-01 8.895937764710171169e-01 3.894529925140962856e+00 3.220239797437818297e-01 2.817335608541621905e+00 1.321740250548309570e+00 1.187186591192463947e+00 4.392197312051695945e+00 4.520265694183727589e+00 1.413036826701878690e+00 4.752025169719632444e-03 1.365552475061499127e+00 7.929422162105063121e-01 7.338293357419823915e-01 9.271260805368412017e-01 1.065917655121576990e+00 5.663767256303773312e-01 3.001405993329727906e+00
1.535354351787743488e+00 1.477031246922845487e+00 -4.113038432765517172e+01 1.335037304837442873e+00 4.691419261433209975e+00 5.428957578327365807e-01 3.561736668534889017e+00 1.876089097022695329e+00 1.711603312816372569e+00 5.202407213334533154e+00 5.333172473203304342e+00 1.985976754258633736e+00 9.742534480782549799e-03 1.928986841939281494e+00 1.208168200956638572e+00 1.129260817488395130e+00 1.383640233806620490e+00 1.560465787790118242e+00 8.994863956959771034e-01 3.757910073512948923e+00
1.168640502616237420e+00 1.119183776471016856e+00 7.263373048374420771e-01 -3.353162983153334409e+01 4.110195602009865112e+00 3.734605431630442784e-01 3.016047350206043198e+00 1.462926133005824747e+00 1.319766255878501493e+00 4.612270645175184036e+00 4.741237908373460819e+00 1.559625772700274471e+00 5.792506490671030933e-03 1.509373266630049892e+00 8.950638609669484547e-01 8.305830461543655119e-01 1.040594877311088018e+00 1.190021241985049327e+00 6.465332884872070363e-01 3.203975949071073526e+00
9.256549129758018246e-02 8.641992514096309697e-02 4.501926143320915397e-02 7.249560200986505942e-02 -4.935730310642484575e+00 1.813406146801532087e-02 5.178638742140420081e-01 1.338500472953079168e-01 1.127332005901701129e-01 1.286255902277532615e+00 1.366239955520092364e+00 1.492745949832834929e-01 1.600272373541983392e-04 1.411393711526259809e-01 6.123864864267483665e-02 5.477169104935483701e-02 7.709992068414651956e-02 9.529058054799859068e-02 3.812479524631874617e-02 5.870533598519497298e-01
2.350828520043287462e+00 2.278803979743782016e+00 1.661385757832736232e+00 2.100650543163044670e+00 5.783024061468015731e+00 -5.724862847862539894e+01 4.614932527685797758e+00 2.760241819902551796e+00 2.564859530774760366e+00 6.303084235899554244e+00 6.435646885776182380e+00 2.888710151446700181e+00 2.476472319920787132e-02 2.822277535691467776e+00 1.937732876472829657e+00 1.834401618532604417e+00 2.162099654275384975e+00 2.381647111292450436e+00 1.523229729836875990e+00 4.820307215588156780e+00
2.205639414007497245e-01 2.071286085416217670e-01 1.132396685348885795e-01 1.762503502060433491e-01 1.715766874214042170e+00 4.794552768579771890e-02 -9.923589600627414242e+00 3.081908804149570136e-01 2.639076763402457559e-01 2.098542531885521978e+00 2.201562087982381843e+00 3.399036819256596731e-01 4.732591979282699821e-04 3.232408312914791804e-01 1.507993525514536026e-01 1.359584536200225124e-01 1.865309509380067843e-01 2.264859919963179702e-01 9.690563609008341628e-02 1.110193295810212977e+00
7.724804644088586469e-01 7.352602505483096795e-01 4.513190970226947374e-01 6.468561330058247849e-01 3.355480047295307688e+00 2.169818199025516092e-01 2.331917880414957178e+00 -2.477817124994128051e+01 8.880661196606555174e-01 3.838592199179836406e+00 3.963652419027753560e+00 1.076874297251462664e+00 2.853758870231030541e-03 1.036800644364552326e+00 5.706014400860255353e-01 5.245167164903280499e-01 6.767579469814226645e-01 7.886655859308874250e-01 3.964303047851195916e-01 2.504064124714501460e+00
8.742802629074761800e-01 8.336065911924639416e-01 5.197333128163724725e-01 7.365962558785019709e-01 3.567263200590169880e+00 2.544995307747606184e-01 2.520534676340245639e+00 1.120966119660655735e+00 -2.710627134648290593e+01 4.056773861437664053e+00 4.183163642185827591e+00 1.203637950225074471e+00 3.496710182073623201e-03 1.160581541931934080e+00 6.524257652170791788e-01 6.013166941152742195e-01 7.694748646709342887e-01 8.919372441382208416e-01 4.582014368940722782e-01 2.697781685324110779e+00
6.178839319227443644e-02 5.756731205169624693e-02 2.948721333453285798e-02 4.805064517518448791e-02 7.597359022775326265e-01 1.167423589955408382e-02 3.741195318855218832e-01 9.044219917983674362e-02 7.572386143766370037e-02 -3.417827044109470247e+00 1.068396647929762633e+00 1.012690746089751070e-01 9.898333005007166167e-05 9.555103161024003366e-02 4.040835894456019234e-02 3.604046128036346441e-02 5.119000554573520378e-02 6.366402878164321988e-02 2.488099252030649688e-02 4.277381651240374505e-01
5.565245266402559648e-02 5.182569418372769826e-02 2.644247320330295886e-02 4.320790837346087654e-02 7.059099555200925025e-01 1.042688577618250574e-02 3.433290879823816533e-01 8.169241902775346842e-02 6.830364218582750391e-02 9.345866479297625373e-01 -3.087064086523427786e+00 9.155739674283508434e-02 8.757829984751580208e-05 8.634572766141813960e-02 3.629814483166008549e-02 3.235358718161959052e-02 4.604918093188763856e-02 5.735369103350230341e-02 2.229310503170700911e-02 3.933485079624327585e-01
7.115959063300709708e-01 6.765568267018788884e-01 4.112067542586330116e-01 5.935557727002745976e-01 3.220904594983283076e+00 1.954501514467003043e-01 2.213630681925659704e+00 9.268742972514621981e-01 8.207379502250737868e-01 3.699419074608975233e+00 3.823517396742835306e+00 -2.335033553566677611e+01 2.502587979496203024e-03 9.618576336693296369e-01 5.222297403483069367e-01 4.792529050381681421e-01 6.215939672897681234e-01 7.268491632545749370e-01 3.603668312753560143e-01 2.382233299636928425e+00
7.438693606965427030e+00 7.348422025169719873e+00 6.515122534480782157e+00 7.119872506490671604e+00 1.115194002723735345e+01 5.411654723199208483e+00 9.954350259197928708e+00 7.933003758870231792e+00 7.700746710182073684e+00 1.167839898333004989e+01 1.181219757829984829e+01 8.082652587979495706e+00 -1.549698679930663161e+02 8.005547865611278624e+00 6.903292756744552783e+00 6.761528170279155425e+00 7.199606390260447242e+00 7.476979724721003251e+00 6.308748080324764196e+00 1.016710970372234080e+01
7.425102832325061186e-01 7.063524750614994518e-01 4.314968419392809507e-01 6.205832666300500344e-01 3.290049371152626190e+00 2.062975356914676095e-01 2.274247831291479116e+00 9.640806443645530965e-01 8.549615419319339660e-01 3.770981031610240120e+00 3.895585727661418307e+00 1.039137633669328986e+00 2.677865611278985956e-03 -2.407898255701223533e+01 5.467360790522447500e-01 5.021714357432746079e-01 6.495757426106231192e-01 7.582417247695368845e-01 3.785941239631478439e-01 2.444701401025745291e+00
1.292998883265501275e+00 1.240302216210506847e+00 8.172382009566385719e-01 1.112833860966949029e+00 4.316708648642675783e+00 4.283128764728300619e-01 3.208366352551454082e+00 1.604441440086026294e+00 1.453365765217079497e+00 4.822398358944560925e+00 4.952098144831660775e+00 1.706069740348307384e+00 6.982756744552647520e-03 1.653296079052245293e+00 -3.614756104362827926e+01 9.303606522495853071e-01 1.156328957241281596e+00 1.315746208909253312e+00 7.301505546556085191e-01 3.399561346281563257e+00
1.378643302345460064e+00 1.323859335741983001e+00 8.810008174883949827e-01 1.191023046154366272e+00 4.452911691049355802e+00 4.676516185326046737e-01 3.336195453620022899e+00 1.701026716490328550e+00 1.544926694115274390e+00 4.960700461280363349e+00 5.090823587181620091e+00 1.805762905038168720e+00 7.888170279155141615e-03 1.751401435743275004e+00 1.073030652249585160e+00 -3.792390293724508155e+01 1.236402344349347038e+00 1.402269018187701111e+00 7.890517584117474614e-01 3.529333928986323254e+00
1.124849391474772586e+00 1.076596080536841082e+00 6.948202338066197248e-01 9.604748773110891591e-01 4.034679920684146381e+00 3.547896542753846694e-01 2.946207950938006803e+00 1.412707946981422547e+00 1.272524864670933953e+00 4.535290005545735248e+00 4.663959180931888326e+00 1.507543967289767917e+00 5.406390260446886781e-03 1.458245742610622786e+00 8.584389572412807201e-01 7.958423443493465310e-01 -3.259858243653442855e+01 1.145721569797470085e+00 6.176436678870790287e-01 3.132839689941573802e+00
9.809080690457583351e-01 9.368576551215774817e-01 5.931157877901175324e-01 8.313712419850493029e-01 3.774340580547998147e+00 2.958071112924502977e-01 2.707632991996318239e+00 1.246085585930887474e+00 1.116457244138220561e+00 4.269234028781643708e+00 4.396733691033502645e+00 1.334269163254574897e+00 4.249724721003059202e-03 1.288381724769536607e+00 7.393262089092526024e-01 6.831790181877002155e-01 8.671915697974701409e-01 -2.947928183488795639e+01 5.248011832912095054e-01 2.889339254293685766e+00
1.674094667847818130e+00 1.612916725630377579e+00 1.107736395695976483e+00 1.463483288487207545e+00 4.892774795246319641e+00 6.129897298368760516e-01 3.753652636090083483e+00 2.029450304785120007e+00 1.858321436894072143e+00 5.406050992520306409e+00 5.537273105031707665e+00 2.143386831275356119e+00 1.161808032476368928e-02 2.084334123963147878e+00 1.329330554655608232e+00 1.245561758411747100e+00 1.514713667887079396e+00 1.700401183291209595e+00 -4.393014661607801230e+01 3.952056338203227437e+00
1.901471666213603584e-01 1.783569933297284305e-01 9.657107351294849651e-02 1.513369490710738396e-01 1.572114359851949805e+00 4.047821558815743737e-02 8.973512958102125570e-01 2.674951247145018196e-01 2.283126853241105036e-01 1.939319165124037569e+00 2.038739507962432640e+00 2.956642996369288068e-01 3.907037223394480788e-04 2.808524010257453796e-01 1.291523462815627465e-01 1.162549289863231139e-01 1.603206899415738629e-01 1.953502542936857433e-01 8.246733820322729724e-02 -8.860675499001899880e+00
