-1.949993377438403286e+01 9.631198397908313780e-01 3.094479790671295083e-01 3.379745978484379743e-01 2.267303662853538682e-01 5.732483039247091572e-01 2.355319276751653094e-03 3.151024381825016540e+00 6.791862670873244356e-01 2.811076156553891536e+00 3.532981552984024276e+00 3.661192246546748352e-01 3.110532652228008010e-01 7.817502321142871802e-01 7.930998229217668394e-01 5.566793005885702916e-01 1.433598338833655061e+00 2.176580356070254574e+00 3.847258367540384305e-01 1.091826325805128617e-01
1.037809839790831523e+00 -2.012480102956978101e+01 3.249667477694743734e-01 3.546733239574192398e-01 2.386463702830646516e-01 5.986750368660544996e-01 2.514769735395559151e-03 3.217434975902421890e+00 7.080500342577416006e-01 2.875189712834663958e+00 3.601413080656531207e+00 3.839534300837982306e-01 3.266392374446168700e-01 8.136969740235502346e-01 8.253740119487418259e-01 5.815432984994312049e-01 1.480773498240977926e+00 2.234734195294080017e+00 4.032957478891379677e-01 1.154167440918446447e-01
2.326987979067129064e+00 2.267816747769474173e+00 -4.112843488224151400e+01 1.069033963544843813e+00 7.867071027682543960e-01 1.576440289788086258e+00 1.335181349154023790e-02 5.044219654218421667e+00 1.778553877726983590e+00 4.666387195536726651e+00 5.458424759165193763e+00 1.135219616259603326e+00 1.003940161403000131e+00 1.963021056626067296e+00 1.982844400621616821e+00 1.543595412339470618e+00 2.969980120894907927e+00 3.927701513298669678e+00 1.178007373896695187e+00 4.362018438248280172e-01
2.220484597848437769e+00 2.162493323957419111e+00 9.340039635448441624e-01 -3.937599186177182986e+01 7.309976907038124860e-01 1.488705608496627919e+00 1.191895103424416187e-02 4.913050603643178249e+00 1.684870455808172185e+00 4.536537564733672312e+00 5.326177282584002803e+00 1.063395553455234399e+00 9.377671091368516842e-01 1.864525241812934775e+00 1.883863688626748356e+00 1.456900133846097178e+00 2.853164816824329542e+00 3.801745054429302773e+00 1.104440713330826274e+00 4.009495079550871588e-01
2.706310366285353375e+00 2.643536370283064318e+00 1.248747102768254402e+00 1.328067690703812032e+00 -4.743150303396106438e+01 1.897018514044483961e+00 1.962157653797169318e-02 5.495712935022770473e+00 2.118079700900123097e+00 5.114201393941713469e+00 5.912902424437707971e+00 1.403628605445456756e+00 1.253288916649273776e+00 2.317653165262192783e+00 2.338987550716303598e+00 1.860831956824983147e+00 3.380245247992569535e+00 4.364511065647886490e+00 1.452237063569469910e+00 5.759213869276659237e-01
1.599168303924709322e+00 1.549905036866054742e+00 5.848202897880866447e-01 6.321156084966281785e-01 4.433585140444849526e-01 -2.926193089026970995e+01 5.746344845412133980e-03 4.092518558204214507e+00 1.155488412631709538e+00 3.727774041072954070e+00 4.495864610868540723e+00 6.781176195478814117e-01 5.875004822092848578e-01 1.301352640879347433e+00 1.317240213150089767e+00 9.751837414935244919e-01 2.152911446913043036e+00 3.026696886390815244e+00 7.081913056128940065e-01 2.279768333300329075e-01
8.151655319276752465e+00 8.077124769735394949e+00 6.145111813491540786e+00 6.278708951034244201e+00 5.689341576537972678e+00 7.129126344845412078e+00 -1.474468123613335990e+02 1.114251140685184893e+01 7.424189353388725543e+00 1.075242008559950513e+01 1.156647964542903750e+01 6.401742919029172363e+00 6.152893923179712843e+00 7.679093441451238178e+00 7.705791340592359262e+00 7.079329069764989768e+00 8.919968956694891205e+00 9.975807206938275939e+00 6.478918656071741111e+00 4.696597581420771661e+00
1.579743818250163301e-01 1.496949759024218951e-01 3.362965421842201846e-02 3.749060364317816779e-02 2.308293502277027412e-02 7.354855820421396517e-02 1.614068518483819054e-04 -3.835252471697731202e+00 9.220718184164956865e-02 8.175733344529549917e-01 1.226948041492721631e+00 4.140988474766027494e-02 3.384391997896508270e-02 1.117078267775664518e-01 1.139531125971442738e-01 7.076605149902444325e-02 2.698413147470256623e-01 5.274933032495887630e-01 4.406046320911676667e-02 9.865521436441928096e-03
1.408746267087324089e+00 1.362920034257741442e+00 4.905738777269838535e-01 5.319204558081718215e-01 3.680597009001234099e-01 8.591284126317093595e-01 4.449353388725156740e-03 3.814817181841649862e+00 -2.617809755315859377e+01 3.455842656663584922e+00 4.213274018729204151e+00 5.723081245913532733e-01 4.929120376996609654e-01 1.133341440572515513e+00 1.147929979218635932e+00 8.367750476840872809e-01 1.930118429030811100e+00 2.770738058692899575e+00 5.987996403610181817e-01 1.854428362723982981e-01
2.081861565538912218e-01 1.976097128346638032e-01 4.595719553672634322e-02 5.113756473367173788e-02 3.173139394171364813e-02 9.896404107295335428e-02 2.300855995044860831e-04 1.207733334452955054e+00 1.233926566635848154e-01 -5.008849881109798119e+00 1.461729923342741211e+00 5.638275846976406602e-02 4.624504233951370891e-02 1.487325836999958406e-01 1.516386764859470049e-01 9.530423443115784710e-02 3.488755694470286328e-01 6.613687630122374594e-01 5.992276779289659044e-02 1.370742069885114676e-02
1.159115529840240577e-01 1.096530806565307326e-01 2.381475916519456074e-02 2.659728258400327269e-02 1.625242443770929038e-02 5.287461086854034625e-02 1.096454290358230612e-04 8.029280414927215670e-01 6.664401872920347469e-02 6.475499233427411960e-01 -2.777577825647079557e+00 2.942881826563619949e-02 2.396899138549311511e-02 8.114032570704295122e-02 8.281586291756830309e-02 5.083039167597559055e-02 2.017977982528303127e-01 4.070384825641726878e-01 3.134755472158079481e-02 6.874260467075028920e-03
2.124409224654674411e+00 2.067553430083798105e+00 8.759696162596034563e-01 9.391755534552348461e-01 6.823386054454569916e-01 1.410487619547881044e+00 1.073291902917210099e-02 4.792749884747659728e+00 1.601038124591353196e+00 4.417562758469763651e+00 5.204788818265635442e+00 -3.780093218432013913e+01 8.795704542302955620e-01 1.776120755291427988e+00 1.794996968214076283e+00 1.379658976718564745e+00 2.747084708720234136e+00 3.686656801591646104e+00 1.039435130599003276e+00 3.706018344046507207e-01
2.320723265222800702e+00 2.261619237444616903e+00 9.960701614030007534e-01 1.064927109136851069e+00 7.833789166492741707e-01 1.571250482209284760e+00 1.326392317971274507e-02 5.036563919978965131e+00 1.773022037699661047e+00 4.658805042339514202e+00 5.450708991385492475e+00 1.130950454230295721e+00 -4.102515688943731931e+01 1.957213416704616682e+00 1.977009016402968333e+00 1.538465490517320289e+00 2.963130429311143121e+00 3.920337171611568472e+00 1.173636970225656384e+00 4.340808537845688986e-01
1.255520232114286650e+00 1.212776974023550114e+00 4.192510566260674310e-01 4.557852418129343941e-01 3.118431652621925787e-01 7.492026408793469594e-01 3.563441451238011023e-03 3.578527826777566201e+00 8.775514405725153289e-01 3.225392583699995708e+00 3.971980325707042514e+00 4.916007552914278822e-01 4.213134167046164169e-01 -2.368974279334916133e+01 1.013449763318996277e+00 7.289393117219298279e-01 1.747226777301305711e+00 2.556136186401039012e+00 5.151597191067471826e-01 1.545219345763590990e-01
1.240089822921767171e+00 1.197674011948742123e+00 4.122944006216172630e-01 4.483436886267484489e-01 3.063975507163042011e-01 7.383102131500893783e-01 3.481340592358601709e-03 3.553993112597144677e+00 8.653599792186357220e-01 3.201518676485947346e+00 3.946875862917568423e+00 4.836969682140763727e-01 4.143290164029683753e-01 9.866697633189945860e-01 -2.343846931274031675e+01 7.182626365918275413e-01 1.728610078787754523e+00 2.534037066726024356e+00 5.069586736649063230e-01 1.515664492368377636e-01
1.632649300588570052e+00 1.582823298499431264e+00 6.020254123394708223e-01 6.503601338460971437e-01 4.572219568249833999e-01 1.025233741493523976e+00 5.999069764989784295e-03 4.139786051499024566e+00 1.183185047684087277e+00 3.774164234431158338e+00 4.543870391675975284e+00 6.973389767185649291e-01 6.047654905173200923e-01 1.331139311721929896e+00 1.347242636591827303e+00 -2.980403177562790873e+01 2.191622815238310817e+00 3.070629136549198890e+00 7.280338440237589248e-01 2.359409256196874638e-01
6.641233388336547083e-01 6.366084982409774273e-01 1.829651208949079066e-01 2.011798168243293383e-01 1.311902479925697307e-01 3.575164469130426848e-01 1.193956694890615025e-03 2.493416314747025631e+00 4.310834290308108718e-01 2.182290569447028261e+00 2.849392798252830428e+00 2.193197087202340412e-01 1.839854293111428674e-01 5.039817773013057778e-01 5.121450787877541710e-01 3.461778152383104268e-01 -1.380828819090749882e+01 1.619625909375958184e+00 2.314015399375571325e-01 6.069039436316722713e-02
3.505373560702541025e-01 3.340011952940798445e-01 8.411851329866977534e-02 9.319205442930270089e-02 5.888806564788629655e-02 1.747338863908149409e-01 4.642069382761542483e-04 1.694500303249588669e+00 2.151350586928991726e-01 1.438215763012237192e+00 1.998065482564172823e+00 1.023238015916461685e-01 8.462417161156832179e-02 2.563231864010388494e-01 2.610040667260242198e-01 1.686161365491984920e-01 5.630579093759582321e-01 -8.012339454180549936e+00 1.084571106465800350e-01 2.608118569035368373e-02
2.065155836754037910e+00 2.009035747889137635e+00 8.408973738966951661e-01 9.023607133308253481e-01 6.530870635694697723e-01 1.362701305612893155e+00 1.004865607174060434e-02 4.717540463209116908e+00 1.549669640361017731e+00 4.343242767792896863e+00 5.128847554721580160e+00 9.615751305990035691e-01 8.443969702256562959e-01 1.721819719106746804e+00 1.740398673664905971e+00 1.332493844023758589e+00 2.681306539937557076e+00 3.614930110646580097e+00 -3.683207018749217809e+01 3.525620760785564411e-01
3.606712632580512334e+00 3.538256744091844208e+00 1.916191843824827767e+00 2.015969507955086559e+00 1.593871386927665723e+00 2.699586833330032132e+00 4.482758142077086783e-02 6.500445521436441609e+00 2.953412836272397701e+00 6.114127420698850734e+00 6.921474260467073591e+00 2.109841834404650562e+00 1.921940853784568581e+00 3.178281934576358658e+00 3.202106449236836738e+00 2.657500925619686871e+00 4.327695394363166415e+00 5.349654185690353003e+00 2.169662076078556545e+00 -6.282156022275968610e+01
