-43.718380057857246	1.91525029693047	5.462523228002921	3.7233169031647924	4.907861909482735	3.8620662689641256	2.515920592111034	1.64538277443206	0.9836698705179735	1.8830457116033894	5.667446036621337	2.9288682994265085	1.5662607794295784	2.774619262713094	1.0860499763610942	1.871201008374743	0.001034194647506011	0.013958747975051394	0.45120255256273223	0.4587016445360939
0.43655029693047	-26.824039280330577	4.037041660615186	2.429644048238838	3.509636703616469	2.5518567698598336	1.4353748988923072	0.8203277188161802	0.42774906315610256	0.9780086093212985	4.234270227325999	1.7596205767311628	0.769691653440144	1.6363465923549545	0.48370576575219565	0.9699570219801731	0.0002740911662821757	0.003948635729356609	0.16839044865172548	0.17164449775189838
0.023733228002920638	0.076951660615186	-3.5179323421440527	0.353085274413202	0.742506220762618	0.3883916392999337	0.13720018896757769	0.05714975994463222	0.023101904886057092	0.07437743283213662	1.107960966791633	0.19465140919565682	0.05206382847262819	0.17145062424016458	0.02721677552841422	0.07344562363781616	7.1838073958350385e-6	0.00011464733158977898	0.0071786261525208315	0.007345347261970715
0.09932290316479252	0.2843500482388386	2.167881274413202	-10.603793506955348	1.7492984695321359	1.0765278458351983	0.4658753496098795	0.21911227485040208	0.09689928761385636	0.27605819326061753	2.3317098244697996	0.6221810284913133	0.2017655208117634	0.5606635561935945	0.11256291191633432	0.273043664415831	0.00003859429104695777	0.0005930302310060086	0.03259742026878971	0.03331230934694632
0.03765190948273519	0.11812670361646893	1.311086220762618	0.503082469532136	-5.206070507799307	0.5498688540430358	0.2058356868993425	0.08859668099196612	0.03667203000787914	0.1143106431843585	1.4384684265211016	0.2871617279652947	0.08094221895286638	0.254553490102901	0.043044760349892824	0.11292771944073197	0.000012188121126808735	0.00019244717410489657	0.011635036826258372	0.011901293824487813
0.08873226896412555	0.25722276985983367	2.053847639299933	0.9271878458351984	1.6467448540430358	-9.81817356292353	0.4248911192764546	0.19748602433993867	0.08654718224992783	0.24961303815103117	2.2139418479964648	0.5706674969994588	0.1816567233720672	0.513156304190103	0.1006815323486691	0.24684768371093788	0.000033631072461224904	0.0005186198708244759	0.02887990569685893	0.029517075646206408
0.26490759211103443	0.6630618988923077	3.324977188967578	1.8388563496098795	2.825032686899343	1.9472121192764549	-19.868025921440967	0.5309091562653849	0.25910409538170115	0.6466532404722001	3.5141428701035493	1.2641613380217314	0.49448175767814495	1.162526819096941	0.2962496290389851	0.6406614822851494	0.0001358735670382716	0.0020098846725483985	0.09549536121982	0.09744657788117567
0.5505227744320599	1.2041677188161803	4.401079759944633	2.748246274850402	3.863946680991966	2.8759600243399386	1.687062156265385	-30.765220406610133	0.5399453577249197	1.1793533111175916	4.601094455865885	2.038319339908315	0.9418286674723121	1.905485326608973	0.6069552762011279	1.1702565155412856	0.00038772022669551336	0.005503200057853653	0.2204918985689248	0.22461394767568085
1.0165098705179743	1.939289063156103	5.494731904886057	3.7537332876138563	4.9397220300078795	3.892721182249928	2.5429570953817016	1.6676453577249197	-44.14414946665754	1.9068884119427878	5.6997505957171795	2.957378650259905	1.5879411712660705	2.80262564531556	1.1034751072932554	1.8949705649394095	0.001064860341098852	0.014347934456089326	0.4603881297130382	0.4680086038747178
0.44865571160338946	1.0223186093212993	4.078777432832137	2.4656621932606178	3.5501306431843584	2.588557038151031	1.4632762404722	0.8398233111175917	0.43965841194278754	-27.262626219507716	4.276363862315689	1.7907604092581217	0.7883262052845559	1.666334635016746	0.4968384843863747	0.9918273859081127	0.00028530726574023645	0.004103431005780773	0.17379033513374945	0.17713657204743696
0.019986036621336835	0.06551022732599907	0.8992909667916325	0.30824382446979964	0.6612184265211016	0.3398158479964645	0.11769587010354923	0.04849445586588518	0.019450595717178998	0.06329386231568854	-3.000335403608246	0.16792501235371232	0.04413728158454201	0.14759218310014136	0.022943020540363384	0.06249189673079787	5.914631414515837e-6	0.00009474075738826726	0.006002576865268235	0.006142663315982393
0.18917629942650838	0.4986285767311631	2.893749409195656	1.506483028491313	2.417679727965295	1.6043094969994587	0.7754823380217309	0.3934873399083147	0.18484665025990443	0.4854584092581217	3.075693012353712	-16.130320675857753	0.3648959463896973	0.912919946793665	0.21266425918360873	0.4806571147667179	0.00008694392102132847	0.0013051465673063298	0.06570760344054977	0.06708942618400479
0.5900907794295784	1.2722216534401445	4.514683828472629	2.849589520811763	3.9749822189528667	2.978820723372068	1.7693247576781446	1.0605186674723124	0.57893117126607	1.2465462052845557	4.715427281584542	2.1284179463896975	-32.04846036127762	1.992830758388496	0.6495499765220193	1.2371301288776146	0.0004314905622394193	0.006094779837447425	0.239222693224514	0.2436457797109166
0.21445626271309415	0.5548835923549547	3.0500776242401644	1.6244945561935946	2.564600490102901	1.726327304190103	0.8533768190969409	0.44018232660897283	0.20962264531555952	0.5405616350167457	3.2348891831001416	1.0924489467936656	0.408837758388496	-17.44488464428445	0.2406362319218582	0.5353373252848244	0.000102461665411997	0.0015300569896972572	0.07547405385920579	0.07704537044811849
0.918619976361094	1.7949757657521954	5.298576775528414	3.569126911916334	4.745824760349893	3.7065855323486687	2.3798326290389844	1.5343852762011276	0.9032051072932549	1.7637984843863743	5.502973020540362	2.7849262591836084	1.4582899765220192	2.6333692319218582	-41.58000620064011	1.7523368144400353	0.0008908726526678767	0.012127717033144834	0.4066318928366174	0.4135291963334608
0.4532010083747429	1.030657021980173	4.0942356236378155	2.479037664415831	3.565137719440732	2.602181683710938	1.473674482285149	0.8471165155412858	0.444130564939409	1.0082173859081072	4.291951896730797	1.802349114766718	0.7953001288776148	1.6775003252848246	0.5017668144400359	-27.425943061132145	0.00028957003778706607	0.004162178365363622	0.1758262538756736	0.17920710851914895
9.081394194647508	10.559334091166281	14.519157183807398	12.704392594291049	13.95058218812113	12.853727631072463	11.331508873567039	10.175607720226697	9.0485848603411	10.515035307265741	14.727825914631415	11.820138943921023	10.05696149056224	11.640625461665412	9.248680872652669	10.49864957003779	-201.23519147539736	3.158624080291744	7.65879712461412	7.685563372514561
6.09269874797505	7.561388635729355	11.51764464733159	9.703327030231005	10.949142447174104	9.852592619870824	8.331762884672548	7.179103200057855	6.060247934456089	7.517233431005781	11.726294740757389	8.819737146567306	7.061004779837447	8.640433056989696	6.2582977170331455	7.500902178365364	0.15700408029174326	-144.35134805192837	4.698314214900004	4.724218558682115
1.876392552562732	3.0722804486517257	6.871158626152521	5.08178142026879	6.3070350368262575	5.227403905696859	3.7716983612198196	2.740541898568925	1.8527381297130379	3.033370335133749	7.0786525768652675	4.23058960344055	2.640582693224514	4.060827053859206	1.9992518928366174	3.019016253875673	0.0036271246141187942	0.04476421490000385	-63.92519720456354	1.0134850761531664
1.857041644536094	3.048684497751899	6.844475347261971	5.055646309346947	6.2804512938244885	5.201191075646206	3.746799577881176	2.717813947675681	1.8335086038747177	3.0098665720474367	7.051942663315983	4.2051214261840055	2.618155779710917	4.035548370448119	1.9792991963334614	2.995547108519149	0.0035433725145592515	0.04381855868211535	0.9866350761531669	-63.51509042170809