-7.650829089839067620e+00 5.728732158685691189e+00 1.149132698008525910e-02 6.998431789267872682e-02 4.391304660391376520e-04 5.920786845883151406e-01 2.754428996928839376e-05 8.834290416474236893e-03 6.745158769100657870e-02 2.831492395165090118e-04 6.288761437891138284e-01 1.133536311421519567e-02 7.064933035139826616e-03 7.673712260003601182e-02 4.241959593526660119e-03 2.617082369518580198e-01 1.023846391301127534e-01 7.888286150260083451e-02 1.488463025551700596e-05 2.607552424331736809e-04
1.898215868569158235e-02 -4.273102455236072600e-02 7.239877351478115144e-05 5.468040844295000849e-04 2.282696085251134957e-06 8.398286077937857155e-03 1.311389090119151675e-07 5.444504913772622097e-05 5.238858670329365249e-04 1.447242581600983084e-06 9.181006796918142823e-03 7.133136415795392573e-05 4.278624271330769724e-05 6.087950106018989987e-04 2.477837162302562517e-05 2.734899699823400022e-03 8.554308296256084602e-04 6.287580333052545907e-04 6.982276838093358108e-08 1.328765503502552058e-06
6.321631326980085674e+00 1.201996239877351513e+01 -4.971904760100532883e+01 2.496000040989645896e+00 9.190852119202498616e-02 5.365508202741289701e+00 7.846153358660352961e-03 8.527713074288254536e-01 2.457072438214761512e+00 6.329730790973049637e-02 5.468171316078089816e+00 9.919218699043405030e-01 7.409149754667220256e-01 2.594760072564457065e+00 5.282178993795803024e-01 4.113405967725659806e+00 2.917527094503367557e+00 2.624738778171597620e+00 4.429134986377794049e-03 5.896279463659440806e-02
4.153394317892678878e+00 9.793706804084429507e+00 2.692700409896463531e-01 -2.820262899309620508e+01 1.549823538787849231e-02 3.257904599075898133e+00 1.124106249384081895e-03 2.178890369197863941e-01 9.763543619032605259e-01 1.029965095530156229e-02 3.352043376657764640e+00 2.663529515100143685e-01 1.813913910641137828e-01 1.061033323690205865e+00 1.181336966802163241e-01 2.167552081996520386e+00 1.270671298787104941e+00 1.079853613926553102e+00 6.207832878327828588e-04 9.535322037618667451e-03
1.003747913046604090e+01 1.574679228269608622e+01 3.818808521192025740e+00 5.969128235387879400e+00 -1.013501042120107769e+02 9.067716871076578755e+00 1.534964275769067077e-01 3.532369133771664504e+00 5.922086827189757763e+00 7.765639866675908554e-01 9.172403614905642044e+00 3.803741007525409223e+00 3.294976865681057188e+00 6.087332388534195005e+00 2.776353640950312229e+00 7.771287709619393524e+00 6.463680296535297742e+00 6.122905744014740748e+00 9.393066946737241296e-02 7.390508587528186180e-01
1.562448684588314984e+00 6.688518286077937525e+00 2.573820274128934757e-02 1.448645990758975211e-01 1.046871076576847293e-03 -1.070251760722196543e+01 6.729085200655806633e-05 1.993967320413294469e-02 1.399328305396181915e-01 6.783359926607377506e-04 1.053304736667204589e+00 2.539946646360220772e-02 1.604223347066981512e-02 1.579391904210912800e-01 9.750053448399563852e-03 4.874119408175169310e-01 2.067016944927258515e-01 1.620717842073476633e-01 3.650438718627487124e-05 6.252286977880202072e-04
1.307006754428996764e+01 1.877979013113890616e+01 6.767746153358658034e+00 8.987754106249381536e+00 3.186496427576904544e+00 1.209973729085200667e+01 -1.537564866103109296e+02 6.459615693382478874e+00 8.940132743313085939e+00 2.763335772861388318e+00 1.220451112165396168e+01 6.751655336719054823e+00 6.200142304530035453e+00 9.107320579398622939e+00 5.616067375168772635e+00 1.080122011929727321e+01 9.487219787597735987e+00 9.143278704344517394e+00 7.040442200333578704e-01 2.686351198544835839e+00
6.629474290416474069e+00 1.233044444504913706e+01 1.163271307428825008e+00 2.755119036919785547e+00 1.159691337716633325e-01 5.670209673204133161e+00 1.021569338247977840e-02 -5.333038630984288631e+01 2.714737883670246710e+00 8.042062347332359917e-02 5.773332691310551823e+00 1.154357309879474602e+00 8.747137995684330924e-01 2.857398496978118985e+00 6.329779746451155154e-01 4.408407524910106901e+00 3.190143336734279966e+00 2.888399499914739099e+00 5.790414002537973975e-03 7.500317458345512334e-02
4.198531587691006983e+00 9.841353885867032858e+00 2.780124382147620143e-01 1.024024361903259184e+00 1.612682718975751162e-02 3.300642830539619155e+00 1.172743313087938133e-03 2.251778836702477138e-01 -2.858071101813356307e+01 1.072339797543745039e-02 3.395109238182830946e+00 2.750147269947545992e-01 1.876014164959792507e-01 1.086007746576864053e+00 1.223680636493513912e-01 2.204524790793934486e+00 1.298629388646138860e+00 1.105113224208333023e+00 6.478789933720716186e-04 9.928587227795505551e-03
1.052342314923951783e+01 1.623289144724258293e+01 4.276297307909731060e+00 6.450029650955302785e+00 1.262663986667591276e+00 9.553448335992664298e+00 2.164357728613909571e-01 3.982920623473325428e+00 6.402783397975438717e+00 -1.092243744371585734e+02 9.658167552752413343e+00 4.260899435157418758e+00 3.738597896721489455e+00 6.568716040120808231e+00 3.200111709138150129e+00 8.256248189832252393e+00 6.946328609710342938e+00 6.604425873535490155e+00 1.347954697635495858e-01 9.551899881091089339e-01
1.494466143789114021e+00 6.584521006796918208e+00 2.362131607808918773e-02 1.342233766577642373e-01 9.536149056422751295e-04 9.485247366672050484e-01 6.112165396437612742e-05 1.828269131055216407e-02 1.296192381828304985e-01 6.175527524131342377e-04 -1.032851823166476812e+01 2.330926327939960782e-02 1.469845236020235306e-02 1.464377613371389830e-01 8.920252146789507675e-03 4.572668247521552987e-01 1.920916645802804579e-01 1.503009252718780775e-01 3.314285603602740502e-05 5.691462863942599532e-04
6.337675363114215088e+00 1.203616133136415733e+01 1.008121869904339274e+00 2.509282951510013682e+00 9.304100752540828134e-02 5.381369466463602258e+00 7.955336719056361680e-03 8.600573098794748184e-01 2.470274726994754033e+00 6.409943515741728381e-02 5.484059263279399410e+00 -4.990392253578844617e+01 7.475070974572560756e-01 2.608238536977704580e+00 5.333279660887373375e-01 4.128708719108509229e+00 2.931562747192070439e+00 2.638274139143172103e+00 4.491693682749994289e-03 5.971357422641505180e-02
6.889704933035140755e+00 1.259243278624271412e+01 1.313414975466721923e+00 2.980621391064113279e+00 1.405768656810565675e-01 5.928312233470670378e+00 1.274230453003645167e-02 1.136713799568433103e+00 2.939161416495978951e+00 9.809789672148820638e-02 6.031748452360202961e+00 1.303807097457256203e+00 -5.648725768499470945e+01 3.085504102045646846e+00 7.329556630191420563e-01 4.659806907042806756e+00 3.425559236889634818e+00 3.117258903438138162e+00 7.249454302089701138e-03 9.158926616343648908e-02
4.040467122600035488e+00 9.674088795010600705e+00 2.483500725644562923e-01 9.413533236902057455e-01 1.402238853419408848e-02 3.151299190421091190e+00 1.010579398623599572e-03 2.004884969781191018e-01 9.186577465768636097e-01 9.306040120806362975e-03 3.244577761337139155e+00 2.456285369777044536e-01 1.665941020456466470e-01 -2.726926339315994952e+01 1.080826547747915922e-01 2.075951215284399076e+00 1.202111450996389275e+00 1.018102937678195374e+00 5.575869160547043115e-04 8.613391254628772684e-03
7.479081959593527174e+00 1.318461477837162299e+01 1.692917899379580149e+00 3.509563696680215727e+00 2.141536409503117522e-01 6.514220053448400272e+00 2.086737516877469265e-02 1.487177974645115919e+00 3.466128063649350999e+00 1.518117091381490646e-01 6.618170252146789778e+00 1.681827966088737636e+00 1.325155663019142116e+00 3.619192654774792128e+00 -6.397823432698978507e+01 5.234509509936110305e+00 3.972411820336334110e+00 3.652316150145165086e+00 1.198428114393152930e-02 1.421288783737351680e-01
2.530748236951858132e+00 7.981524899699823372e+00 7.230596772565996144e-02 3.531820819965199587e-01 3.287709619392546571e-03 1.786081940817517477e+00 2.201192972748048542e-04 5.680752491010774424e-02 3.424847907939342906e-01 2.148189832251094430e-03 1.860716824752155496e+00 7.140871910850961346e-02 4.620690704280688149e-02 3.812612152843994351e-01 2.870950993611061722e-02 -1.639201191305510719e+01 4.827592912014975202e-01 3.900549112302859611e-01 1.201590033105448714e-04 1.982913851695979144e-03
3.685924639130113700e+00 9.294145430829626520e+00 1.909270945033683109e-01 7.708012987871054600e-01 1.018029653529730488e-02 2.819871694492726899e+00 7.197875977375345433e-04 1.530433367342810547e-01 7.510893886461391666e-01 6.728609710342076805e-03 2.910041664580281573e+00 1.887627471920717281e-01 1.264592368896355346e-01 8.219214509963905790e-01 8.111182033633471122e-02 1.797259291201498188e+00 -2.445336059138243101e+01 8.377533637117772214e-01 3.960660145887233354e-04 6.223373493116348895e-03
4.006622861502600941e+00 9.638118758033305866e+00 2.423387781715973521e-01 9.241836139265524608e-01 1.360574401473995873e-02 3.119441784207347634e+00 9.787043445192182209e-04 1.954994999147392498e-01 9.017732242083322802e-01 9.025873535488740385e-03 3.212450925271878255e+00 2.396741391431719270e-01 1.623589034381381357e-01 9.821129376781945197e-01 1.052161501451646941e-01 2.048754911230285636e+00 1.181953363711776062e+00 -2.699300351885883842e+01 5.398561985011787268e-04 8.353490182505012712e-03
1.373515488463025669e+01 1.944489006982276891e+01 7.429429134986378358e+00 9.652350783287833025e+00 3.792030669467372217e+00 1.276480650438718811e+01 1.369144220033360115e+00 7.120290414002539592e+00 9.604707878993373527e+00 3.346795469763549580e+00 1.286958314285603677e+01 7.413291693682751315e+00 6.859749454302090932e+00 9.771967586916057158e+00 6.272284281143932105e+00 1.146622015900331171e+01 1.015199606601458804e+01 9.807939856198501616e+00 -1.661376626640877134e+02 3.265030394595779928e+00
1.061440075524243198e+01 1.632389132876550164e+01 4.362962794636592534e+00 6.540265322037617679e+00 1.316150858752816788e+00 9.644395228697788980e+00 2.304511985448361999e-01 4.068503174583454118e+00 6.492988587227793928e+00 1.046189988109105906e+00 9.749119146286393089e+00 4.347513574226414157e+00 3.823089266163435251e+00 6.659023391254628166e+00 3.281428878373733760e+00 8.347082913851695096e+00 7.036823373493114708e+00 6.694753490182503874e+00 1.440303945957776555e-01 -1.107230636650256344e+02
