-5.845513366196694705e+00 3.658527101356565669e+00 1.405731577891795696e-02 9.924933501867373720e-02 2.038622447366643355e-06 5.981802790859577224e-01 5.157508591813566353e-05 3.257330342147824465e-01 2.190884108479857623e-03 3.046337034836479329e-01 1.890820224706644404e-01 5.120978479249658349e-02 1.292158120097905861e-03 6.998431789267876846e-02 3.934643399888257745e-04 3.422765882015773031e-01 1.216812055113351970e-01 6.696855478878650791e-02 2.928788872223004373e-09 3.948906555034181298e-10
1.046871013565657399e-01 -2.573488111018451541e-01 6.363033102619330712e-04 5.478509972587161311e-03 7.139935366779051824e-08 5.029343039172592955e-02 1.899118719982787328e-06 2.269825473773135968e-02 8.973333938773785979e-05 2.086754732632150472e-02 1.164641990520782003e-02 2.597995878389026958e-03 5.184890023039611013e-05 3.684095859479153724e-03 1.519684321662958348e-05 2.416475932031969878e-02 6.929636826380437473e-03 3.506006506168842397e-03 9.688355804811194379e-11 1.291456109621168413e-11
6.084397315778918625e+00 9.624816303310263166e+00 -4.957590467748008933e+01 2.677484283371466933e+00 5.448386723048445710e-04 5.148519132064859782e+00 1.140606147891128769e-02 4.198550543196684082e+00 2.813175705354631351e-01 4.101973506698282534e+00 3.453561092069003191e+00 1.994866875866635025e+00 1.865713398069193396e-01 2.302661038218064782e+00 6.970596079583148141e-02 4.270935499540102320e+00 2.910906713692956505e+00 2.257685543414457374e+00 9.297747089224481275e-07 1.291942450747089684e-07
3.724229335018673925e+00 7.184298509972586899e+00 2.321242833714660947e-01 -2.512007917828769621e+01 5.902147342485653745e-05 2.870658831943414757e+00 1.369261540542752575e-03 2.069172713200764679e+00 4.645936916899682384e-02 1.992560787679115819e+00 1.506661968171618238e+00 6.313802304663361786e-01 2.873450793472038037e-02 7.882371351736834342e-01 9.509470712886287230e-03 2.127251452581447655e+00 1.143024856259958755e+00 7.643473385532807418e-01 9.240707729733346223e-08 1.265770117238914688e-08
1.586751203862244708e+01 1.942135007139935254e+01 9.797714838672304083e+00 1.224258902147342454e+01 -1.985498573972919871e+02 1.491485496800450861e+01 3.588965948533148431e+00 1.392828244304757312e+01 7.639488743781853941e+00 1.382617367971388767e+01 1.312713612994843082e+01 1.138402951827769982e+01 7.043985014450335314e+00 1.178418985249200723e+01 5.727600245815060553e+00 1.400454159254517705e+01 1.251616589754540243e+01 1.172724465846382991e+01 6.920328015322958076e-03 1.112406490223750077e-03
1.550840279085957452e+00 4.556793430391725686e+00 3.083913206485899144e-02 1.983388319434148395e-01 4.968004507720421064e-06 -9.083550170827006554e+00 1.234325016755979346e-04 5.865356235592156242e-01 5.024850573171317676e-03 5.525278477807988864e-01 3.592774475145781854e-01 1.064937663967381598e-01 2.989296781898974614e-03 1.430144702793451350e-01 9.244912388159101310e-04 6.129615413273481472e-01 2.396528588976019336e-01 1.372078942252417388e-01 7.275542884149976188e-09 9.845688352146094494e-10
1.238936157508591585e+01 1.594315189911871933e+01 6.330376061478910188e+00 8.765699261540541798e+00 1.107659485331470434e-01 1.143677343250167588e+01 -1.398444988338606265e+02 1.045037249906349608e+01 4.223679727164920905e+00 1.034829174679604868e+01 9.649532354590487415e+00 7.908615402827622987e+00 3.663836901856149630e+00 8.307952520335659230e+00 2.499006815557965666e+00 1.052661233296928955e+01 9.038993992661501053e+00 8.251107937200726994e+00 3.208276003132343808e-04 4.759697756953925040e-05
2.264973034214782022e+00 5.515778254737731423e+00 6.745054319668315757e-02 3.834327132007646077e-01 1.244304757248453197e-05 1.573115623559215637e+00 3.024990634954193361e-04 -1.369688139019313233e+01 1.166380967072775700e-02 9.498137200584412243e-01 6.523445229011562985e-01 2.168151785926739905e-01 7.017749130613296429e-03 2.845631066924762531e-01 2.214185645399162090e-03 1.038614585332809925e+00 4.548322299235448840e-01 2.739371700622084127e-01 1.863112300976531649e-08 2.531714392588431824e-09
8.233900884108479090e+00 1.178563973333938897e+01 2.442687570535463149e+00 4.653189369168997835e+00 3.688743781854508189e-03 7.284074850573172277e+00 6.607972716492183096e-02 6.304133809670728006e+00 -7.706108293944627974e+01 6.203070643502104353e+00 5.514041305756914646e+00 3.838545623975910814e+00 7.306242202172545941e-01 4.214857826382815809e+00 3.282996666228738536e-01 6.379666886545427573e+00 4.917667636864020864e+00 4.160906419797846922e+00 7.028640590131904200e-06 9.927974978299827785e-07
2.345983703483647709e+00 5.616057547326321675e+00 7.298350669828168602e-02 4.089307876791156149e-01 1.367971388624840707e-05 1.641217847780798378e+00 3.317467960478102484e-04 1.051923720058439482e+00 1.271064350210373596e-02 -1.425734965628794981e+01 6.908697219496049424e-01 2.326183637292921491e-01 7.657856469214031556e-03 3.044911187656496598e-01 2.421829376741991245e-03 1.091834916571442937e+00 4.840665738720916766e-01 2.932360691909296491e-01 2.053294239367006402e-08 2.791399230028964742e-09
2.929482022470664582e+00 6.305886419905207596e+00 1.236210920690027776e-01 6.220819681716186489e-01 2.612994843052628108e-05 2.147017447514578237e+00 6.223545904890315705e-04 1.453504522901156726e+00 2.273130575691425376e-02 1.389919721949605558e+00 -1.854304104332535985e+01 3.696639552085417280e-01 1.383566391070968973e-02 4.744685961369110028e-01 4.454094252879132153e-03 1.502057106929680641e+00 7.254222146911958324e-01 4.582463815577229593e-01 3.991619681563469437e-08 5.443852980662611802e-09
4.534819784792496478e+00 8.040047995878389031e+00 4.081368758666340524e-01 1.490010230466336294e+00 1.295182776986490041e-04 3.637443766396737832e+00 2.915402827623463783e-03 2.761185178592673761e+00 9.044562397590957814e-02 2.674878363729292552e+00 2.112873955208541155e+00 -3.272128842474364063e+01 5.705273953399254278e-02 1.213411178594796302e+00 1.953122054842990410e-02 2.826260249377027911e+00 1.670721949700559206e+00 1.181424154017092221e+00 2.082956744908388208e-07 2.866373444411331954e-08
8.831002158120096368e+00 1.238360184890023064e+01 2.945941339806918080e+00 5.233464507934719734e+00 6.185014450335011432e-03 7.880039296781898628e+00 1.042369018561499494e-01 6.897487749130612578e+00 1.328624220217253571e+00 6.796017856469213747e+00 6.103145663910709118e+00 4.403152739533992666e+00 -8.538671718691318802e+01 4.787876800669434552e+00 4.784703183026193241e-01 6.973303947014828807e+00 5.501295279852816300e+00 4.732857547629263806e+00 1.225585489488881106e-05 1.740477208075124638e-06
4.153394317892677989e+00 7.640934095859479136e+00 3.157310382180639197e-01 1.246667135173683105e+00 8.985249200678395345e-05 3.273764470279345140e+00 2.052520335659318868e-03 2.428733106692476440e+00 6.655782638281546038e-02 2.346551118765650035e+00 1.817478596136910873e+00 8.132111785947963023e-01 4.157680066943449798e-02 -2.903364663193030637e+01 1.399668773963346456e-02 2.490841806778040901e+00 1.410270657081479362e+00 9.717952605997219884e-01 1.426512184245332255e-07 1.958721630904189118e-08
1.015930346433998643e+01 1.371276519684321649e+01 4.158275960795830173e+00 6.543439470712885786e+00 1.900024581506000801e-02 9.207174491238816927e+00 2.686068155579663941e-01 8.221884185645400578e+00 2.255499666622872823e+00 8.119981829376742510e+00 7.422964094252878731e+00 5.694831220548429940e+00 1.807670318302619483e+00 6.089496687739633707e+00 -1.048272257681642259e+02 8.298000603009022313e+00 6.815053571294608759e+00 6.033230026167389681e+00 4.188937305251756596e-05 6.030527818072783862e-06
2.205256588201577550e+00 5.440984759320319775e+00 6.357549954010183191e-02 3.652514525814481994e-01 1.159254517788562065e-05 1.523281541327348609e+00 2.823329692921767347e-04 9.623545853328091537e-01 1.093688654542680251e-02 9.134649165714443519e-01 6.246371069296811074e-01 2.056302493770283957e-01 6.573947014829516211e-03 2.704118067780416634e-01 2.070603009023236005e-03 -1.328889613860865460e+01 4.339329379270834841e-01 2.602393129580682918e-01 1.732632385464073199e-08 2.353626749530581689e-09
3.473071205511335524e+00 6.912159636826380904e+00 1.919567136929562212e-01 8.694348562599594210e-01 4.589754540037362465e-05 2.638382858897602379e+00 1.073992661500571943e-03 1.866982229923545455e+00 3.734763686402070570e-02 1.794106573872092270e+00 1.336412214691196088e+00 5.385019497005598677e-01 2.297527985281698840e-02 6.782506570814799129e-01 7.533571294609855799e-03 1.922342937927083328e+00 -2.294743579486873131e+01 6.568575012210693398e-01 7.129310742065094089e-08 9.752014640163336019e-09
4.207328554788786867e+00 7.697706006506169096e+00 3.277055434144570678e-01 1.279727338553281024e+00 9.465846383044392953e-05 3.324907894225242355e+00 2.157937200727521806e-03 2.475057170062208822e+00 6.955641979784694950e-02 2.392246069190929969e+00 1.858206381557722775e+00 8.381741540170928317e-01 4.350754762926451608e-02 1.028745260599723377e+00 1.468002616738985078e-02 2.537619312958068196e+00 1.445827501221069289e+00 -2.954324794758294459e+01 1.505508695575631273e-07 2.067826351066469527e-08
2.277431000292878949e+01 2.632815000009688333e+01 1.670397092977470876e+01 1.914933009240707662e+01 6.913720328015323879e+00 2.182165000727554371e+01 1.038532082760031550e+01 2.083507001863112507e+01 1.454260702864059063e+01 2.073296002053294629e+01 2.003391003991619712e+01 1.829070020829567511e+01 1.394461225585489572e+01 1.869090014265121624e+01 1.261544188937305400e+01 2.091133001732632479e+01 1.942292007129310960e+01 1.863395015055086645e+01 -3.230255343422050487e+02 2.946803110404691006e-01
2.486591000039489074e+01 2.841975000001291463e+01 1.879557012919424253e+01 2.124093001265769942e+01 8.999512406490223881e+00 2.391325000098456854e+01 1.247664759697757120e+01 2.292667000253171494e+01 1.663420099279749920e+01 2.282456000279140085e+01 2.212551000544385005e+01 2.038230002866373525e+01 1.603620174047720681e+01 2.078250001958721427e+01 1.470700603052781830e+01 2.300293000235362584e+01 2.151452000975201528e+01 2.072555002067826280e+01 2.386280311040468671e+00 -3.627597993133568934e+02
