-34.231561266908436	1.3660525512631727	2.7296893887153693	2.076147525694358	2.2957654431475816	1.4174194955786101	1.9393837749823237	1.6361155907828946	1.026915227305668	1.205385045226347	1.884789732557445	2.3723105570673995	1.8980421660536781	2.1483249820800574	1.4160546595241035	1.5070121579958815	1.87226834392544	1.8591333961413188	1.9594476879577107	1.6213035409090748
0.7060305512631727	-25.795803625000588	2.1929989071169724	1.6051658990095838	1.7998818509783399	1.042338148131883	1.4855471330086438	1.225282472322611	0.7271508030402039	0.8692380667147329	1.4381718786488258	1.868457908788884	1.449651768827838	1.668813700738453	1.0412099907050254	1.1167700141344035	1.42733729207916	1.415984449473369	1.5030128007878205	1.2127599892306662
0.22245038871536904	0.34578190711697265	-9.400818218422344	0.6482442710748237	0.7587079112635767	0.3648536877047042	0.5834786156747483	0.4509448528755418	0.23077056012953448	0.28893923125720883	0.5584916345565464	0.7990669122706993	0.5645115998239438	0.6836721620019371	0.36434130156004013	0.3991632033509915	0.5528305603622732	0.5469200902684678	0.5927859624366257	0.4448633659783386
0.38119852569435847	0.5702388990095838	1.460534271074824	-15.299393509233479	1.1483183696010177	0.5986117043263862	0.9111577305735205	0.7242889117719655	0.3942925580514423	0.4843864923842037	0.876472293480208	1.2015935041552952	0.8848506087006475	1.0479889193157332	0.5978521117862488	0.6491507000022013	0.8685806601376559	0.8603279943261019	0.9240176975313178	0.715531557310766
0.3175364431475817	0.4816748509783398	1.2877179112635768	0.8650383696010179	-13.017398171068415	0.5065774823778337	0.7847943811875304	0.6176298469245048	0.32879766923131426	0.40673140405436203	0.7535953434581479	1.048762722118541	0.7611246642534056	0.9085733758261596	0.5059099519540947	0.5510925253397776	0.7465074206290037	0.7390994445395933	0.7963805509607829	0.6098538132228463
0.67388349557861	0.9588241481318831	2.1285566877047044	1.5500247043263862	1.741270482377834	-24.822623304451177	1.4327587007471148	1.1782709236224254	0.6942940851896996	0.8318615982771519	1.3863654412289788	1.8087223108510284	1.397604673731955	1.6124910515806175	0.9989024018679344	1.0724640388995512	1.3757595903316642	1.3646481100093026	1.449869681253121	1.1660511787412218
0.427714774982324	0.6339001330086438	1.5790486156747483	1.0944377305735198	1.2513543811875303	0.6646257007471148	-16.909560106402452	0.8001256868163005	0.442086985035587	0.5405945910006991	0.9630320827727404	1.3075088198791027	0.9719669490805375	1.1453064280750505	0.663803801329272	0.7192286698319375	0.9546131493717774	0.9458058416225317	1.0136919248663887	0.7907138405466432
0.5549955907828947	0.8041844723226111	1.877063852875542	1.3381179117719655	1.514738846924505	0.8406869236224254	1.2306746868163005	-21.113010732480184	0.5726311984394059	0.692385014713713	1.1883596346609713	1.5774166500583346	1.1986005854587012	1.395623665676688	0.8397124092097424	0.9052011550010663	1.1787019127350844	1.1685901631689386	1.2463095490441587	0.9890165091971349
0.9735592273056688	1.3338168030402038	2.6846535601295347	2.0358855580514423	2.253670669231314	1.3844740851896995	1.900399985035587	1.6003951984394056	-33.50220924208181	1.1755254866250884	1.846348039265609	2.3296352639240405	1.8594671485257324	2.1074320461615037	1.3831278063826369	1.4728831539064837	1.8339536552833142	1.8209530249617927	1.9202693501555286	1.5857591804672257
0.8193860452263471	1.143261066714733	2.4101792312572092	1.7933364923842037	1.9989614040543617	1.189398598277152	1.6662645910006992	1.3875060147137126	0.8428824866250887	-29.14026407880141	1.6157650220562165	2.071049989487649	1.6280113245764152	1.8607096291143583	1.1881706915906678	1.27023728909243	1.6042015479371787	1.592079114146189	1.6848567752199453	1.374006765326852
0.4479907325574452	0.6613948786488258	1.6289316345565465	1.1346222934802077	1.2950253434581478	0.6931024412289786	1.037902082772741	0.8326806346609712	0.46290503926560905	0.5649650220562167	-17.597964971539476	1.3523416016360383	1.0091628159202566	1.1866614995311398	0.692254562277389	0.7493968866698706	0.9913649984083426	0.9823303146567377	1.0519340603401555	0.8229981294138538
0.29809155706739965	0.45426090878888387	1.232086912270699	0.822323504155295	0.952772722118541	0.4780393108510284	0.744958819879103	0.5843176500583348	0.3087722639240405	0.38282998948764946	0.7149216016360385	-12.299957729466755	0.7221683016793968	0.8643591867020093	0.4774016482938885	0.5205949687876444	0.7081010465262335	0.7009738834533379	0.756119689808021	0.5768637639792101
0.44297316605367854	0.654604768827838	1.6166815998239437	1.1247306087006477	1.2842846642534056	0.686071673731955	1.0285669490805365	0.8246515854587011	0.45775414852573226	0.5589413245764152	0.9908928159202511	1.3413183016793968	-17.428331409600144	1.176484626414984	0.6852301601777077	0.741951845060902	0.9823105517800699	0.9733313710476801	1.0425159729558737	0.8150352755304247
0.3588859820800571	0.5393967007384528	1.401472162001937	0.9534989193157339	1.0973633758261596	0.5665880515806171	0.8675364280750509	0.6873046656766878	0.37134904616150366	0.4572696291143582	0.83402149953114	1.1491391867020095	0.8421146264149839	-14.510559735752139	0.5658597804141444	0.615080173248497	0.8263999325418049	0.8184311969622703	0.8799691434145802	0.6788792359521483
0.6747146595241039	0.9598919907050252	2.13024030156004	1.5514611117862487	1.742798951954095	1.001098401867986	1.4341328013292722	1.1794924092097425	0.6951438063826372	0.8328296915906681	1.3877135622773893	1.8102806482938887	1.3989591601777076	1.6139587804141446	-24.847933815435198	1.073614226558377	1.3771016621678966	1.3659837996013484	1.4512531691585047	1.167264680876121
0.6218881579958816	0.8916680141344034	2.0212782033509917	1.4589757000022012	1.6441975253397774	0.9308760388995514	1.3457736698319376	1.1011971550010664	0.6411151539064837	0.77111228909243	1.3010718866698705	1.7096899687876446	1.311896845060902	1.519395173248497	0.9298302265583762	-23.222756199992073	1.2908596332305409	1.2801633153523617	1.36227302197304	1.0894942215561154
0.45278934392544024	0.6678802920791601	1.6405905603622732	1.1440506601376557	1.305257420629004	0.6998165903316644	1.0468031493717762	0.840342912735084	0.46783065528331397	0.5707215479371786	1.0086849984083481	1.3628410465262337	1.0179005517800703	1.1963599325418048	0.6989626621678967	0.756504633230541	-17.759760966619844	0.9909126942549434	1.0609137425481683	0.830597572369286
0.45788439614131893	0.6747574494733688	1.652910090268468	1.1540279943261016	1.3160794445395931	0.7069351100093026	1.0562258416225316	0.8484611631689387	0.4730600249617927	0.576829114146189	1.017880314656738	1.3739438834533377	1.0271513710476814	1.2066211969622702	0.7060747996013484	0.7640383153523616	1.0091426942549384	-17.93109195805439	1.0704191497005675	0.8386496043675438
0.4205186879577108	0.6241058007878206	1.5610959624366259	1.0800376975313175	1.2356805509607829	0.6544766812531211	0.9864319248663903	0.7885005490441582	0.43469635015552877	0.5319267752199451	0.949804060340155	1.2914096898080212	0.9586559729558722	1.1304791434145807	0.6536641691585047	0.70846802197304	0.9414637425481687	0.9327391497005684	-16.663341753054013	0.7791868229417004
0.5622315409090748	0.8137099892306663	1.8930303659783387	1.351408557310766	1.529010813222846	0.8505151787412216	1.243310840546643	1.0110645091971304	0.5800431804672257	0.7009337653268518	1.2007251294138537	1.59201076397921	1.2110322755304244	1.4092462359521485	0.8495326808761208	0.9155462215561153	1.191004572369286	1.1808266043675435	1.2590438229417003	-21.344227047917165