-1.979838118151219462e+01 1.257241620617613798e+00 5.804946620068646146e-01 4.299865589146713574e-01 1.369244137691342678e+00 5.663966281546932713e-01 1.039835301023177561e+00 1.557926160427610007e+00 2.092779566324044216e-01 3.223563269952811616e+00 2.105856469066537340e+00 1.002321794132686295e+00 1.623900888480323657e+00 7.546347663061890865e-01 1.072512022665018071e-02 1.066063681102055405e+00 1.297473784870766034e+00 1.201488805713872177e+00 8.223849636343890865e-04 5.011271912282884156e-01
7.804966206176142673e-01 -1.573007813618787232e+01 4.358954441792083911e-01 3.171921675729862389e-01 1.097219365027183979e+00 4.246521795010385625e-01 8.141200438267438555e-01 1.263031982766983141e+00 1.492222565750424279e-01 2.806780164123372501e+00 1.757019651364843948e+00 7.824524626848629039e-01 1.321573794372785882e+00 5.766962485200468613e-01 7.150220684307084622e-03 8.363348467220909077e-01 1.034813346531919809e+00 9.519641795954814079e-01 5.365860718556095992e-04 3.729265754495024177e-01
1.584874662006864776e+00 1.917020444179208472e+00 -3.031712296670898610e+01 7.712646864035103134e-01 2.057007503369936874e+00 9.790976964704085628e-01 1.637395410904056270e+00 2.287558454844050626e+00 4.070479301919929238e-01 4.149213576028754957e+00 2.927746714787284432e+00 1.587947797893053847e+00 2.366779603721093306e+00 1.250731100158597453e+00 2.475255724476824876e-02 1.671743605737870286e+00 1.967596170239543918e+00 1.846363092282544471e+00 2.004077957608349763e-03 8.809778822878364668e-01
1.933126558914671556e+00 2.297077167572985967e+00 1.270024686403510072e+00 -3.647345465385633645e+01 2.448403386509078405e+00 1.245648094303058340e+00 1.991185170964546280e+00 2.695379421261074437e+00 5.513767595716062564e-01 4.625288697764342594e+00 3.369496165488591988e+00 1.936529445048333020e+00 2.779663359275404311e+00 1.558425246008683374e+00 3.709630306502578745e-02 2.029045274016400224e+00 2.351877969521170453e+00 2.220261270579919621e+00 3.103033746672896522e-03 1.130446643841258370e+00
7.039801376913430442e-01 9.087003650271842092e-01 3.873635033699369679e-01 2.799993865090787404e-01 -1.428551660548201241e+01 3.771513954686482872e-01 7.352021683180465228e-01 1.156507554096168233e+00 1.300816437867924058e-01 2.647266576573132024e+00 1.627799088346189249e+00 7.057948555239550448e-01 1.211985639538753823e+00 5.159293530126840555e-01 6.083145493021972945e-03 7.558587499093454287e-01 9.413523635648349819e-01 8.637256182662169657e-01 4.529244317372048000e-04 3.302821365549439281e-01
1.612876628154693126e+00 1.947877179501038114e+00 1.021197696470410365e+00 7.889880943030580518e-01 2.088895395468647553e+00 -3.081394212180672554e+01 1.665890595963355425e+00 2.320953192767805984e+00 4.179137344329651449e-01 4.189065196726723173e+00 2.964307662798671306e+00 1.615979088115076623e+00 2.400642073143094635e+00 1.275168159571205662e+00 2.562020479211022522e-02 1.700552400061778213e+00 1.998836276523280997e+00 1.876662792770545485e+00 2.079712039118190078e-03 9.004360382031439958e-01
9.611953010231768513e-01 1.212225043826743676e+00 5.543754109040557321e-01 4.094051709645460391e-01 1.321826168318046113e+00 5.407705959633554160e-01 -1.908600401635410648e+01 1.506828688885634815e+00 1.981043144155684443e-01 3.153613178518492433e+00 2.046252893220771529e+00 9.634562916907416508e-01 1.571616824167385573e+00 7.228094652808303433e-01 1.003470761830622081e-02 1.025564198323591913e+00 1.251574883537142080e+00 1.157732923947248027e+00 7.665873945396277454e-04 4.778513683539314383e-01
5.944471604276100329e-01 7.762979827669830302e-01 3.196994548440501571e-01 2.287604212610740151e-01 8.582925540961678923e-01 3.109941927678062656e-01 6.219896888856349948e-01 -1.218600460810828778e+01 1.042954993815359971e-01 2.402017543517079634e+00 1.434264244086735252e+00 5.960460208774025492e-01 1.050557837754733326e+00 4.301897306793954767e-01 4.704283380741975350e-03 6.402513813138420717e-01 8.055624750305523385e-01 7.361016071048853693e-01 3.461514286531749670e-04 2.711863785034053786e-01
2.804647956632404071e+00 3.221337256575042218e+00 1.998037930191992606e+00 1.643606759571605958e+00 3.390715643786792022e+00 1.966803734432965189e+00 2.872114314415568526e+00 3.663144499381535635e+00 -5.180474736902892374e+01 5.689597357507183872e+00 4.387191923174630581e+00 2.808613703535962625e+00 3.755107203113043912e+00 2.358079382838308202e+00 8.718566234179346564e-02 2.915891018242280364e+00 3.282910335914760225e+00 3.134552238295492010e+00 7.966539710254180034e-03 1.817243909367303623e+00
1.489532699528118564e-01 2.089151641233726042e-01 7.022357602875421712e-02 4.753869776434249683e-02 2.379205765731318423e-01 6.797519672672347468e-02 1.576431785184923551e-01 2.908865435170799318e-01 1.961735750718382812e-02 -2.921481348850281989e+00 4.751673346084819283e-01 1.494538569643039660e-01 3.106458776205858752e-01 1.001082345028840165e-01 7.327943493888035243e-04 1.634826463851483669e-01 2.191283301045385823e-01 1.951397812542402521e-01 5.050896225394582722e-05 5.789842338656354948e-02
3.718384690665374470e-01 4.997466513648439190e-01 1.893487147872845444e-01 1.323381654885920911e-01 5.590450883461889342e-01 1.838096627986715859e-01 3.908748932207715132e-01 6.637252440867354997e-01 5.780392317463083074e-02 1.815759334608481934e+00 -7.756639796964511113e+00 3.729401249878679381e-01 7.017134501310047234e-01 2.610243244036394850e-01 2.404202191084969277e-03 4.035649617323206484e-01 5.207997566706168424e-01 4.710347986311823609e-01 1.721655901627357676e-04 1.586958656838920456e-01
9.976817941326852068e-01 1.254557462684862790e+00 5.789277978930537083e-01 4.287494450483333996e-01 1.366418855523954923e+00 5.648590881150772347e-01 1.037456291690740162e+00 1.554885020877402768e+00 2.086037035359627201e-01 3.219423856964303887e+00 2.102318124987867964e+00 -1.975589463594030093e+01 1.620790236425297515e+00 7.527292653930540700e-01 1.068313752301659064e-02 1.063645505116933565e+00 1.294737752266853725e+00 1.198878813297764578e+00 8.189843746883660857e-04 4.997295000884451333e-01
5.609548884803239321e-01 7.353727943727859095e-01 2.994536037210934754e-01 2.135773592754044437e-01 8.143036395387533988e-01 2.912160731430948335e-01 5.873108241673858920e-01 9.510908377547331316e-01 9.679120311304428848e-02 2.322309877620586160e+00 1.372785450131004836e+00 5.624842364252975457e-01 -1.153522214279524682e+01 4.042835801169138987e-01 4.316212843088475595e-03 6.047982754516031401e-01 7.635245822807174010e-01 6.967408453746799513e-01 3.164027658910494446e-04 2.535914562188437693e-01
1.293534766306189354e+00 1.592341248520046992e+00 7.852511001585974482e-01 5.941852460086836096e-01 1.720093353012684290e+00 7.675881595712060745e-01 1.340349465280830765e+00 1.932568730679395719e+00 3.016093828383088482e-01 3.713618234502884530e+00 2.533942324403639645e+00 1.296269265393053871e+00 2.006129580116914113e+00 -2.511855863738126970e+01 1.685437037335070151e-02 1.371058022684306765e+00 1.638380563558073044e+00 1.528249635489079994e+00 1.328392775786941919e-03 6.852067957082403904e-01
6.402595120226650671e+00 6.875765220684306733e+00 5.412242557244769436e+00 4.925826303065026224e+00 7.063217145493021931e+00 5.371010204792111331e+00 6.480544707618307143e+00 7.360053283380742606e+00 3.883685662341794576e+00 9.467212794349389782e+00 8.128292202191085281e+00 6.407193137523017334e+00 7.459132212843089249e+00 5.869824370373351918e+00 -1.166932730116726731e+02 6.530822633201563754e+00 6.944193005181185541e+00 6.778726489638908781e+00 1.634498752489180751e-01 5.169486086275431269e+00
9.367236811020559495e-01 1.183739846722090538e+00 5.380236057378698922e-01 3.965652740164001266e-01 1.291782749909345052e+00 5.247324000617781259e-01 9.748641983235897257e-01 1.474390381313842147e+00 1.911810182422804261e-01 3.108752646385148477e+00 2.008242961732320531e+00 9.389455051169336430e-01 1.538404275451602743e+00 7.028180226843064871e-01 9.612633201562184246e-03 -1.863539901031023760e+01 1.222517596281025298e+00 1.130064276980354832e+00 7.326108483753962682e-04 4.633053261993585470e-01
7.518917848707658003e-01 9.659763465319185505e-01 4.176341702395434674e-01 3.031559695211704653e-01 1.061034363564835381e+00 4.067742765232810198e-01 7.846328835371420007e-01 1.223459475030552079e+00 1.419583359147603696e-01 2.748156330104538192e+00 1.709235756670616668e+00 7.537957522668534693e-01 1.280888582280717003e+00 5.538985635580726541e-01 6.741005181185577393e-03 8.062755962810252974e-01 -1.519193011329300091e+01 9.190600653623592908e-01 5.044031786271631389e-04 3.568564526750358512e-01
8.224048057138723111e-01 1.049625179595480517e+00 4.628990922825444998e-01 3.380372705799197797e-01 1.149905618266216623e+00 4.510987927705459311e-01 8.572889239472483158e-01 1.320496607104885811e+00 1.600982382954924121e-01 2.890665781254240674e+00 1.825968798631182555e+00 8.244348132977643573e-01 1.380602845374679921e+00 6.102656354890798607e-01 7.772489638908248837e-03 8.803202769803550876e-01 1.085558065362359548e+00 -1.651477077468917898e+01 5.857497925036603444e-04 3.967417903118984346e-01
9.338242384963633569e+00 9.814701586071855388e+00 8.335044077957608266e+00 7.837383033746673000e+00 1.000313692443173608e+01 8.293019712039116698e+00 9.416826587394540482e+00 1.030124515142865249e+01 6.750016539710254726e+00 1.241208050896225323e+01 1.107161016559016353e+01 9.342878984374689111e+00 1.040068240276589151e+01 8.799848392775787786e+00 3.108999875248916744e+00 9.467492610848376344e+00 9.883506403178627053e+00 9.717089749792503284e+00 -1.723810276521256242e+02 8.087222560844363528e+00
1.753817191228288719e+00 2.102361575449502418e+00 1.129287882287836720e+00 8.799966438412583081e-01 2.248236136554943698e+00 1.106646038203144444e+00 1.809181368353931729e+00 2.487355378503405934e+00 4.745639093673039710e-01 4.385198423386563960e+00 3.145403865683892519e+00 1.757059500088445247e+00 2.569227456218843741e+00 1.398996795708240093e+00 3.030608627543124323e-02 1.845335326199358805e+00 2.155128452675036499e+00 2.028515790311898659e+00 2.492560844362370388e-03 -3.330911038118168932e+01
