-54.46615448001599	2.0178991908740094	3.921492636277927	4.054967456025504	4.82054428996906	0.3814984956415652	2.426140420854373	2.5714588542485615	1.6050479207639696	2.3304297712754574	4.108256386816274	2.612253768788679	0.9936584619720832	2.161034588748755	0.7046696386923418	2.3950982238846676	3.9529747045272763	5.623625388330829	5.138529310889138	2.6465749714355113
0.4002991908740091	-32.269643647744	2.489956315562192	2.607340835934098	3.302227261157639	0.12532860434831605	1.2844078129960497	1.3909525464000987	0.7367255100773855	1.2157118947934797	2.6545550127654893	1.421335493659697	0.397108028287881	1.0971189366708132	0.25958638975272574	1.2619966528422086	2.5175278397328036	4.06076770576825	3.599643606338975	1.4470540097818863
0.08454463627792654	0.270608315562192	-12.053550413780059	1.0727761234577888	1.544610783524181	0.022007324507610736	0.38094954513205775	0.4258710071373726	0.1810108155547761	0.35301893073421514	1.1026369117152206	0.4390369989907968	0.0837300927184646	0.30671498506240663	0.05053420112381782	0.3717483659550994	1.0169046958621604	2.130273274425075	1.766268547291928	0.45030485874696985
0.07583545602550407	0.24580883593409822	0.9305921234577885	-11.166510962078162	1.4533670266164824	0.019570973209756093	0.3478089685163418	0.3895367931804791	0.16358661636146582	0.3219204519790158	1.0285231385166276	0.4017871102786335	0.07509878237707693	0.2791032482594674	0.04515421940556398	0.33927561179083293	0.9467004675403901	2.022508472000802	1.6680542625181107	0.4122784041097243
0.04047028996905901	0.13975326115763873	0.6014847835241809	0.6524250266164824	-6.983589004937067	0.010006917826502712	0.2029977970085259	0.22952804940014931	0.09063595574834049	0.1867234921136856	0.6735460998091833	0.23738462626241658	0.04006113361642781	0.1601338580402917	0.02364024335275825	0.19761746292100366	0.6132487577491037	1.467200321505818	1.1725939166831383	0.24413701163235993
2.0752084956415646	3.436638604348316	5.55266532450761	5.6924129732097555	6.483790917826503	-82.88072456406167	3.919370750884543	4.085981726492164	2.9191374909500816	3.80826922319665	5.748032328595814	4.132337558031637	2.0655868559925397	3.608651056508001	1.6020234176791492	3.883461557222161	5.585685259954219	7.301549278629606	6.808717717730455	4.171204026660894
0.28517042085437283	0.7610378129960499	2.0769275451320577	2.1859709685163415	2.842101797008526	0.08469075088454334	-26.393117283608596	1.091300007501056	0.5468458343544991	0.9416269865521463	2.229993541626808	1.1175000292238522	0.2827647199932417	0.8418168627938698	0.18071996214872021	0.9809130050072434	2.1024865930705747	3.574035620213848	3.1274816802565493	1.139733145474297
0.25312885424856135	0.6902225464000983	1.9444890071373724	2.050338793180479	2.6912720494001494	0.07394172649216396	0.9139400075010562	-24.55718409106546	0.49188002650734197	0.8590788310409893	2.093132515735522	1.0247508927615676	0.2509561104273246	0.7655843322804271	0.15925279723323774	0.8959870763570231	1.9692798594664744	3.4123776429018506	2.9717982608646336	1.0457727611291876
0.5702979207639688	1.3195755100773852	2.983208815554776	3.1079686163614655	3.83595995574834	0.19067749095008146	1.6530658343544984	1.7754600265073417	-39.59737593525955	1.5734650604254214	3.1579818460829627	1.8101394050201767	0.5660716210015128	1.4346655003064386	0.3804002760338204	1.62715844003427	3.012567718935538	4.616041789428897	4.143249294301897	1.8394208133707646
0.3085697712754571	0.81145189479348	2.1681069307342153	2.279192451979016	2.9449374921136857	0.09269922319665057	1.0607369865521465	1.1555488310409892	0.586355060425422	-27.670525614511487	2.323998831514186	1.1827168015459737	0.3059981224873898	0.8959174643647689	0.19653559276041385	1.0408875141403657	2.1941578493956753	3.6836074197505337	3.233349481198445	1.2057578952426735
0.07261038681627462	0.23650901276548972	0.9039389117152206	0.9720091385166282	1.4179740998091834	0.018676328595815174	0.33531754162680805	0.3758165157355221	0.15708584608296328	0.31021283151418627	-10.826573468449627	0.38771382076046335	0.07190280358285996	0.26873031903910743	0.04316952483866156	0.32704068056752844	0.9197313372945107	1.9803921052537863	1.62983676637632	0.3979054975582973
0.24482376878867854	0.6715054936596971	1.9085549989907968	2.013489110278633	2.6500286262624164	0.07119755803163637	0.8910400292238516	0.9756508927615687	0.4774594050201771	0.8371468015459733	2.055929820760463	-24.06296326743877	0.24271253467509982	0.745386489524335	0.15372563802009637	0.8733999589566988	1.933125825843885	3.3679627383307684	2.929137881714745	1.0206856950492489
1.006368461972086	2.027418028287881	3.9333880927184643	4.066940782377077	4.832845133616427	0.3845868559925393	2.4364447199932413	2.5819961104273244	1.613531621001513	2.3405681224873893	4.1202588035828605	2.6228525346750997	-54.66220717611532	2.1708527269869	0.7096523217646703	2.405349829269399	3.9648891945843374	5.636118993840126	5.150920618029624	2.6572242245083544
0.35510458874875483	0.908788936670813	2.3377329850624062	2.452305248259467	3.1342778580402917	0.10901105650800089	1.1768568627938698	1.2779843322804272	0.6634855003064389	1.1118474643647691	2.4984463190391075	1.306886489524335	0.35221272698690004	-30.076742571172606	0.22831880710753766	1.1556312230024965	2.364624972199859	3.8841152046083844	3.4277389958337707	1.331372999834973
1.3681696386923416	2.5406863897527256	4.550982201123819	4.687786219405564	5.467214243352758	0.5718134176791501	2.9851899621487203	3.1410827972332385	2.078650276033821	2.8818955927604137	4.742315524838663	3.184655638020097	1.360442321764671	2.697748807107538	-65.08219832728946	2.9517442582889375	4.583279204196606	6.278312967567237	5.788976360188249	3.221252507134916
0.29254822388466734	0.7770466528422082	2.1061463659551	2.215857611790833	2.8751414629210035	0.0872015572221611	1.019333005007243	1.1117670763570235	0.5593584400342702	0.960197514140364	2.2601366805675283	1.1382799589566988	0.29008982926939925	0.8590112230024965	0.1856942582889371	-26.8012636264316	2.1318662114323135	3.6092941898108637	3.1615190403913154	1.160774324557174
0.08240570452727572	0.26455883973280303	0.9832836958621601	1.055263467540391	1.5227537577491037	0.021406259954219173	0.37288759307057473	0.4170408594664743	0.1767487189355379	0.34544884939567505	1.0848083372945103	0.42998682584388537	0.08161019458433702	0.2999859721998593	0.049210204196605795	0.36384721143231324	-11.83965827485586	2.1045620698622525	1.7427815474537351	0.4410681657541488
0.020735388330828983	0.07547770576825075	0.36433127442507524	0.39875047200080194	0.6443843215058181	0.004949278629606662	0.11211562021384822	0.12781764290185094	0.047901789428898035	0.10257741975053321	0.4131481052537865	0.13250273833076848	0.02051899384012666	0.08715520460838466	0.011922967567236684	0.1089541898108634	0.37224106986225264	-3.9546708252469305	0.7726447626519017	0.13654188036609777
0.03109631088913749	0.10981060633897526	0.495783547291928	0.5397532625181105	0.8452349166831385	0.0075747177304559335	0.1610186802565494	0.18269526086463334	0.07056629430189709	0.14777648119844486	0.5580497663763201	0.18913488171474563	0.030777618029624216	0.12623599583377026	0.018043360188248942	0.1566360403913152	0.5059175474537355	1.2681017626519018	-5.638883727153561	0.1946766764406284
0.23805497143551135	0.6561340097818866	1.87873285874697	1.9828904041097244	2.61569101163236	0.068974026660895	0.8721831454742972	0.9555827611291882	0.4656508133707653	0.8190978952426735	2.0250314975582975	0.9795956950492497	0.23599422450835528	0.7287829998349734	0.1492325071349156	0.854804324557174	1.9031171657541492	3.3309118803660978	2.893589676440629	-23.654051868788113