-2.405903888503063470e+01 1.360191055435860052e+00 5.814356619533731507e-01 1.016712578644369813e+00 1.054401083887861468e+00 6.443170011850500867e-01 1.192095952476979415e+00 1.496155714209567611e+00 1.858232268701529799e+00 1.189219059662103950e+00 2.135946455240935737e+00 7.778424724715017335e-01 3.183786996537680825e-01 1.705798470784674059e+00 2.778666724234527763e+00 9.823061051695632928e-01 1.161036541387050036e+00 1.431215931661532270e+00 1.332065819004005558e+00 1.043021289266384821e+00
7.098150554358598763e-01 -1.752921900264668409e+01 3.917165761853885209e-01 7.229708172442489422e-01 7.527547038574587956e-01 4.379907781951535850e-01 8.628934210688974371e-01 1.112876760515532082e+00 1.421204735243110084e+00 8.605716611877571864e-01 1.664422245945007317e+00 5.381157409845519490e-01 2.050677571940267840e-01 1.290103904175205596e+00 2.245556667167190934e+00 6.959218412929474296e-01 8.378729416254905304e-01 1.058752403375511797e+00 9.768661898422454914e-01 7.437448021110976137e-01
1.583033661953373139e+00 2.043690576185388519e+00 -3.658742884498817460e+01 1.605107242571641502e+00 1.654607444742689504e+00 1.091955691769508130e+00 1.832404423257565806e+00 2.210587865804885865e+00 2.640778452234921581e+00 1.828735730150793826e+00 2.959467423968658473e+00 1.281578958634064680e+00 5.913185651583630076e-01 2.461945912686180016e+00 3.670212840518446207e+00 1.559579185399804890e+00 1.792696533616077836e+00 2.131287109369835786e+00 2.008740115623224742e+00 1.639701111342750428e+00
9.834715786443689600e-01 1.340105817244249042e+00 5.702682425716415482e-01 -2.369392223440183187e+01 1.037280571928165696e+00 6.322414804076250672e-01 1.173567637035670463e+00 1.474928389012388985e+00 1.834405191026500903e+00 1.170718887411886122e+00 2.110494682537743749e+00 7.639673979058180242e-01 3.115124711350868436e-01 1.682993341840902435e+00 2.750402709295757031e+00 9.659748809457328056e-01 1.142814856846436244e+00 1.410521715409557508e+00 1.312229495849015715e+00 1.026022887353285062e+00
9.475030838878617523e-01 1.296232703857458812e+00 5.461114447426895779e-01 9.636235719281668333e-01 -2.289687032490681062e+01 6.060926142370474112e-01 1.133161326781279676e+00 1.428505430399280796e+00 1.782156036692747136e+00 1.130375146878753512e+00 2.054588362441631233e+00 7.338603509575424289e-01 2.967406398287443792e-01 1.633038136459280087e+00 2.688134257191326704e+00 9.304430438759832001e-01 1.103090083576456770e+00 1.365289704522563152e+00 1.268911351724527181e+00 9.890130349234701468e-01
1.467317001185050040e+00 1.911366778195153548e+00 9.133576917695087616e-01 1.488482480407625097e+00 1.535990614237047192e+00 -3.414470193367643702e+01 1.707113718624906573e+00 2.073326471065047194e+00 2.492942266131465523e+00 1.703575460876664227e+00 2.805473427466247394e+00 1.179584219591394367e+00 5.324786852379059798e-01 2.318158900057559091e+00 3.506357237741052568e+00 1.444841066054874945e+00 1.668833437683775678e+00 1.996307700516690931e+00 1.877516992985347022e+00 1.521677783849118670e+00
8.297399524769794033e-01 1.150913421068897824e+00 4.684504232575659177e-01 8.444526370356705280e-01 8.777033267812798245e-01 5.217577186249067189e-01 -2.026111329902801828e+01 1.274169967773687295e+00 1.606974819777972963e+00 9.974322016323706741e-01 1.866139036760751546e+00 6.361568630561067472e-01 2.500208778940219978e-01 1.466106072254552695e+00 2.476232929155405493e+00 8.141851453301852670e-01 9.723054804379169802e-01 1.215173307614130449e+00 1.125546051858173913e+00 8.676530662374460912e-01
6.279297142095677797e-01 8.950267605155323158e-01 3.407638658048859348e-01 6.399433890123888968e-01 6.671774303992809019e-01 3.821004710650472980e-01 7.682999677736873645e-01 -1.563064286976490536e+01 1.289339625596800154e+00 7.661618123672826464e-01 1.519909370126214299e+00 4.720846613476396003e-01 1.759236672736164131e-01 1.165876623707461146e+00 2.077467345102274265e+00 6.152532952511647890e-01 7.452724268757828785e-01 9.495963925051831289e-01 8.735823547256241772e-01 6.589336961054703679e-01
4.582362687015296698e-01 6.715847352431103534e-01 2.391844522349211299e-01 4.676501910265008499e-01 4.890580366927471112e-01 2.699462661314654399e-01 5.693348197779729558e-01 7.575696255967999670e-01 -1.158679481571953929e+01 5.676249909896625701e-01 1.198258336156339254e+00 3.378560720386823424e-01 1.196503741965275203e-01 8.956297743948700152e-01 1.693068767026598698e+00 4.483229852905014079e-01 5.509480154267277774e-01 7.161434768316946586e-01 6.541595045542654141e-01 4.825681234086216520e-01
8.320030596621039720e-01 1.153731661187757274e+00 4.699217301507939148e-01 8.467438874118862202e-01 8.800571468787535823e-01 5.233594608766642953e-01 1.002572201632365934e+00 1.277171812367282611e+00 1.610404990989662721e+00 -2.031217442399573514e+01 1.869844719064984950e+00 6.380215029885961675e-01 2.508948033842618996e-01 1.469366095841749376e+00 2.480431506504739314e+00 8.164181874763092317e-01 9.748297901811427968e-01 1.218089113236699994e+00 1.128324630475634027e+00 8.699881236843435284e-01
3.626104552409361026e-01 5.414622459450072478e-01 1.845334239686587385e-01 3.703996825377438573e-01 3.881503624416311471e-01 2.091374274662470556e-01 4.551590367607512566e-01 6.147993701262141064e-01 8.249183361563390271e-01 4.537247190649847939e-01 -9.223684950703086471e+00 2.639496454835778549e-01 9.048536032093036641e-02 7.338857277529404755e-01 1.447469270660394214e+00 3.544191038926081672e-01 4.397508150604040322e-01 5.793833395520250340e-01 5.266829395400035585e-01 3.827636887316895331e-01
1.260897472471501857e+00 1.671546740984551915e+00 7.630359586340650369e-01 1.280263397905818001e+00 1.323813350957542712e+00 8.396392195913940926e-01 1.481567863056106660e+00 1.823365661347639666e+00 2.220907072038682539e+00 1.478292502988596269e+00 2.520340645483577724e+00 -2.973951694713223048e+01 4.332022917877931256e-01 2.054635887562034746e+00 3.199818761546352253e+00 1.240357327312697322e+00 1.446161429921569486e+00 1.751046198690900724e+00 1.639943846660731452e+00 1.310681318190674238e+00
2.292562699653768021e+00 2.829627757194026927e+00 1.563904565158362958e+00 2.318937471135086970e+00 2.377822639828744311e+00 1.683662685237906187e+00 2.586560877894021893e+00 3.018333667273616516e+00 3.493830374196527533e+00 2.582294803384261872e+00 3.838005360320930315e+00 1.924331291787793052e+00 -5.127951395950758950e+01 3.297876861330239162e+00 4.588114909314693790e+00 2.264457231378182112e+00 2.540298805223304868e+00 2.929005256633333332e+00 2.789759262643359161e+00 2.360127439919429637e+00
5.223524707846740611e-01 7.570339041752055520e-01 2.769019126861798075e-01 5.327883418409025129e-01 5.564901364592798050e-01 3.117129000575589171e-01 6.450160722545523750e-01 8.506566237074609793e-01 1.112179774394870257e+00 6.431360958417494667e-01 1.323775727752940279e+00 3.881348875620345140e-01 1.402468613302392253e-01 -1.313442188841947988e+01 1.844934044187148459e+00 5.113541357963450329e-01 6.247872350539468433e-01 8.056128743033579287e-01 7.379987367409533983e-01 5.493091534900792494e-01
2.137507242345277891e-01 3.310166671671909144e-01 1.036988405184461892e-01 2.187277092957571334e-01 2.301162571913266397e-01 1.184412377410527517e-01 2.736729291554051424e-01 3.807773451022742339e-01 5.281487670265988532e-01 2.727315065047392073e-01 6.558892706603940415e-01 1.518477615463521557e-01 4.901490931469465462e-02 4.634640441871484828e-01 -5.367795520836629031e+00 2.085304349909039567e-01 2.635801220482026919e-01 3.566323255096803813e-01 3.211012105521263704e-01 2.266534580898068585e-01
1.017905105169567559e+00 1.381896841292947542e+00 5.935801853998048383e-01 1.034814880945733817e+00 1.072940043875983518e+00 6.574400660548747055e-01 1.212140145330185215e+00 1.519078295251164556e+00 1.883917985290501473e+00 1.209233187476309146e+00 2.163354103892608293e+00 7.929013273126973571e-01 3.258722313781820534e-01 1.730399135796345078e+00 2.809045434990903978e+00 -2.445377856525189131e+01 1.180753107166427007e+00 1.453570750827474001e+00 1.353506173685640857e+00 1.061429564114540369e+00
8.545905413870503731e-01 1.181802941625490488e+00 4.846525336160777409e-01 8.696098568464366574e-01 9.035420835764571557e-01 5.393874376837757278e-01 1.028215480437917551e+00 1.307052426875782603e+00 1.644498015426727688e+00 1.025599790181142446e+00 1.906640815060403948e+00 6.566604299215695884e-01 2.596688052233049882e-01 1.501787235053946734e+00 2.522050122048202780e+00 8.387081071664268528e-01 -2.082088100696731559e+01 1.247122126365241446e+00 1.156004779849185038e+00 8.932874786221823848e-01
6.655499316615320904e-01 9.434624033755123484e-01 3.640231093698356180e-01 6.780967154095574045e-01 7.065217045225631320e-01 4.076417005166910190e-01 8.118633076141302807e-01 1.052156392505183113e+00 1.350473476831694830e+00 8.096391132367000143e-01 1.587053339552025211e+00 5.023251986909008648e-01 1.891552566333330465e-01 1.223392874303358191e+00 2.155882325509680619e+00 6.523057508274741068e-01 7.879021263652413731e-01 -1.650658862815935990e+01 9.212238864232779045e-01 6.979200148106703416e-01
7.283198190040056641e-01 1.023496189842246107e+00 4.033961156232248602e-01 7.417244958490154527e-01 7.720633517245273358e-01 4.507709929853471742e-01 8.841560518581744743e-01 1.138062354725623893e+00 1.450409504554265316e+00 8.817946304756341114e-01 1.696272939540003577e+00 5.531428466607313243e-01 2.118292626433596060e-01 1.317698736740953391e+00 2.282271210552126561e+00 7.141611736856408044e-01 8.587047798491853623e-01 1.083143886423277635e+00 -1.795430514826080071e+01 7.628868055234562240e-01
9.581782892663855966e-01 1.309277802111097788e+00 5.532601113427504380e-01 9.744208873532838044e-01 1.011068034923467085e+00 6.138347838491187147e-01 1.145166066237445879e+00 1.442316696105470530e+00 1.797721123408621446e+00 1.142361123684343838e+00 2.071256688731689444e+00 7.427833181906742244e-01 3.011004399194298631e-01 1.647912153490078913e+00 2.706726458089806719e+00 9.409875641145414304e-01 1.114890478622182490e+00 1.378743014810670298e+00 1.281789805523456227e+00 -2.313379483977451301e+01
