-2.065723241284728573e+01 1.065364960651689286e+00 7.954141003219740158e-01 1.135665023562948850e+00 1.290633180505933453e+00 4.520372088094462004e-01 7.308992898209426547e-01 1.429343632576062451e+00 1.351894079805974425e+00 1.457424394771367870e+00 1.623574923997460617e+00 7.387921785344305770e-01 8.978494207050035092e-01 1.210112169687399319e+00 1.200878740791688992e+00 8.421008476598251802e-01 8.475830205480255897e-01 1.179720552372228060e+00 1.141225656991508464e+00 1.266719030733375995e+00
9.373649606516898380e-01 -1.935726182699765019e+01 7.421069587331352579e-01 1.067488118027799748e+00 1.216681724623817296e+00 4.175762943438797170e-01 6.808030145845533898e-01 1.350678956172872258e+00 1.275810522306550787e+00 1.377854316048378269e+00 1.538960470440348560e+00 6.882956201896255344e-01 8.397168450883485402e-01 1.139090767748305311e+00 1.130202916046949779e+00 7.865542164820860105e-01 7.917778980761287499e-01 1.109844237114590237e+00 1.072831634618063967e+00 1.193622355700527660e+00
1.236977100321974055e+00 1.311669958733135299e+00 -2.554505360477017106e+01 1.391507874648279186e+00 1.565841856781383434e+00 5.885686935056083646e-01 9.241447402584899162e-01 1.720141064982589452e+00 1.634178694004591481e+00 1.751194151470768068e+00 1.933773912550847074e+00 9.334568478527505153e-01 1.119293034059271941e+00 1.475531395128570677e+00 1.465138372114976439e+00 1.054537791410351977e+00 1.060923100754781911e+00 1.441293345364968781e+00 1.397802001243164893e+00 1.539079669583667265e+00
8.755950235629492706e-01 9.354181180278001717e-01 6.898748746482794569e-01 -1.807135953729616418e+01 1.143193964517219330e+00 3.842812430421743697e-01 6.318289506799672495e-01 1.272262467776952732e+00 1.200096744484583366e+00 1.298487708254561390e+00 1.454280443930287436e+00 6.389160975694293532e-01 7.825642707935407394e-01 1.068652589200928649e+00 1.060123688527622621e+00 7.320421378527057765e-01 7.370022503062969577e-01 1.040594877311088018e+00 1.005118704018182596e+00 1.121025382791595915e+00
7.566631805059335081e-01 8.107117246238171315e-01 5.903088567813833398e-01 8.692939645172190755e-01 -1.558325872724792482e+01 3.221557443902004492e-01 5.388002845862307488e-01 1.118704846008850007e+00 1.052233957479562276e+00 1.142921217121228628e+00 1.287412509092192181e+00 5.450760178393594391e-01 6.730500686022511392e-01 9.318234860941069231e-01 9.240413986265268997e-01 6.278776845867466427e-01 6.323049645190986778e-01 9.062372673740234363e-01 8.739472257067589789e-01 9.796943287924351207e-01
1.874221208809446093e+00 1.967760294343879446e+00 1.569189693505608219e+00 2.066535243042174397e+00 2.278309744390200287e+00 -3.852387570824720342e+01 1.468502486625280934e+00 2.461791115239812644e+00 2.359996861656453948e+00 2.498313576962756244e+00 2.710585457108963592e+00 1.480951986190280234e+00 1.724417878226687240e+00 2.169240005100813828e+00 2.156602390461663354e+00 1.640606072375743407e+00 1.648916911352033887e+00 2.127538067838025349e+00 2.074271932056247714e+00 2.246124782961135935e+00
1.328214289820942806e+00 1.406118014584553544e+00 1.079896740258489585e+00 1.489213950679967313e+00 1.670085284586230845e+00 6.436334866252814146e-01 -2.741601409515403276e+01 1.829571212678211101e+00 1.740784802176202017e+00 1.861605591609229338e+00 2.049564866157087106e+00 1.009819934777369088e+00 1.205128999181537042e+00 1.576483192521185739e+00 1.565698503352995319e+00 1.137210688941988401e+00 1.143914216344417811e+00 1.540944531873181589e+00 1.495757581308071904e+00 1.642368207677090908e+00
6.666736325760623805e-01 7.160089561728724128e-01 5.159080649825894538e-01 7.696624677769530187e-01 8.900048460088498814e-01 2.769371152398131253e-01 4.695862126782111012e-01 -1.368838409846393311e+01 9.383274401858613389e-01 1.022516501955313517e+00 1.157373309094194669e+00 4.752202500337371904e-01 5.906831894165319730e-01 8.271282681762130995e-01 8.199656138477761091e-01 5.498056347181156100e-01 5.538062966390986386e-01 8.035900518954001148e-01 7.739320067793092894e-01 8.712542402870303571e-01
7.152140798059742899e-01 7.671305223065505441e-01 5.559356940045915296e-01 8.234867444845831441e-01 9.495239574795613091e-01 3.011328616564542537e-01 5.067898021762020644e-01 1.064317440185861496e+00 -1.471190455355951698e+01 1.087771744863547774e+00 1.227951933562780651e+00 5.127729965735980944e-01 6.350563333737458960e-01 8.837330633727787932e-01 8.762300694485426478e-01 5.918347202937607188e-01 5.960680970208773743e-01 8.590698164210854859e-01 8.279668534947511871e-01 9.299178230342716178e-01
6.500543947713679493e-01 6.984843160483782398e-01 5.022611514707678859e-01 7.511877082545614925e-01 8.695212171212285401e-01 2.687595769627565967e-01 4.569205916092291542e-01 9.778165019553157755e-01 9.170817448635482094e-01 -1.333714065211279731e+01 1.132961703906080198e+00 4.624334344851886436e-01 5.755216627322869982e-01 8.076738387073144620e-01 8.006312169829538083e-01 5.354618152331682701e-01 5.393813688528833472e-01 7.845322766142426296e-01 7.553831343147187072e-01 8.510729972268051835e-01
5.611149239974605463e-01 6.045004704403483808e-01 4.297509125508471861e-01 6.518904439302874998e-01 7.589225090921921657e-01 2.259414571089637114e-01 3.897898661570873835e-01 8.575833090941945569e-01 8.021719335627807146e-01 8.778717039060800476e-01 -1.144975142930355894e+01 3.946395213466288299e-01 4.946647054404006982e-01 7.028765632361075877e-01 6.965089870258205362e-01 4.591175979944672747e-01 4.625902161159491377e-01 6.819644863810075952e-01 6.556705464655613325e-01 7.421812754573742232e-01
1.316531178534430468e+00 1.394034620189625429e+00 1.069632847852751478e+00 1.476725097569429490e+00 1.656785017839359053e+00 6.365069861902804549e-01 9.902439347773700495e-01 1.815629250033736986e+00 1.727191996573598010e+00 1.847542434485188512e+00 2.034838521346628681e+00 -2.717672758481040773e+01 1.194120774191971712e+00 1.563591119973910759e+00 1.552855050195629971e+00 1.126598585619334125e+00 1.133262231657015784e+00 1.528213950320081116e+00 1.483237706878216100e+00 1.629186280581848889e+00
1.109619420705003412e+00 1.179486845088348446e+00 8.895000340592716936e-01 1.254404270793540777e+00 1.418790068602250987e+00 5.140038782266873607e-01 8.195839991815371262e-01 1.565123189416532057e+00 1.483506333373745711e+00 1.594661662732287155e+00 1.768894705440400505e+00 8.281517741919716125e-01 -2.292376873133254378e+01 1.333501284880838522e+00 1.323704066273702740e+00 9.399373828587065383e-01 9.458515947672730961e-01 1.301240334818061006e+00 1.260320564379248109e+00 1.393487321543138924e+00
8.157421696873992101e-01 8.727207677483054260e-01 6.395983951285706404e-01 9.343525892009285627e-01 1.071423486094106980e+00 3.526860051008138264e-01 5.847981925211857002e-01 1.195428268176213393e+00 1.126043063372778263e+00 1.220673838707314385e+00 1.370966563236107660e+00 5.914821199739106472e-01 7.273612848808383990e-01 -1.682134751957033103e+01 9.918373313085931953e-01 6.794865494686047613e-01 6.841827859432687564e-01 9.731546107327843087e-01 9.392426581094001081e-01 1.050166840179207695e+00
8.228787407916888785e-01 8.802029160469498903e-01 6.455753721149763980e-01 9.421936885276225304e-01 1.080011398626527841e+00 3.564183904616633480e-01 5.903835033529950538e-01 1.204635613847776066e+00 1.134910069448542558e+00 1.230001216982953727e+00 1.380968987025820383e+00 5.971160501956298550e-01 7.339340662737026122e-01 1.008207331308593080e+00 -1.697061252196039050e+01 6.857389622949272567e-01 6.904671106829897154e-01 9.812141301698971141e-01 9.471116001245308835e-01 1.058643373682599531e+00
1.176501847659825239e+00 1.248955216482086072e+00 9.473757914103522193e-01 1.326513137852705748e+00 1.496248684586746869e+00 5.528230723757434628e-01 8.742966889419884202e-01 1.646876634718115628e+00 1.562915720293760913e+00 1.677232815233168362e+00 1.855978597994467183e+00 8.832605856193341820e-01 1.062568382858706251e+00 1.408257549468604486e+00 1.398139962294927319e+00 -2.430183651372245990e+01 1.006165619771146824e+00 1.374933705831490993e+00 1.332632340247764224e+00 1.470160160081526390e+00
1.169678020548025277e+00 1.241872898076128662e+00 9.414551007547817818e-01 1.319167250306297001e+00 1.488369964519098865e+00 5.488279113520340147e-01 8.686942163444181242e-01 1.638571296639098618e+00 1.554843097020877529e+00 1.668846368852883622e+00 1.847145216115949173e+00 8.776182316570160236e-01 1.056176594767273214e+00 1.400647785943268664e+00 1.390562110682989960e+00 9.938596197711523361e-01 -2.416139134105240061e+01 1.367429838775357620e+00 1.325266214461778169e+00 1.462359604463969287e+00
8.395305523722278451e-01 8.976542371145902477e-01 6.595403453649686387e-01 9.604748773110891591e-01 1.100017267374023611e+00 3.651640678380255189e-01 6.034395318731815561e-01 1.226070051895399970e+00 1.155559816421085184e+00 1.251712276614242558e+00 1.404234486381007674e+00 6.102849503200812320e-01 7.492803348180611112e-01 1.027334610732782538e+00 1.019024130169893905e+00 7.003427058314911635e-01 7.051448387753576075e-01 -1.731865840308601889e+01 9.654571343467828193e-01 1.078392187531726165e+00
8.709356569915083224e-01 9.305416346180630516e-01 6.859490012431647132e-01 9.948987040181889174e-01 1.137627225706759226e+00 3.817979320562480128e-01 6.281525813080720555e-01 1.266312006779308996e+00 1.194356853494751292e+00 1.292463134314718820e+00 1.447840546465561262e+00 6.352087068782164003e-01 7.782605643792481764e-01 1.063322658109400853e+00 1.054821600124530523e+00 7.279413402477641348e-01 7.328812144617780078e-01 1.035357134346782226e+00 -1.797419635982544150e+01 1.115527864281376624e+00
7.736390307333760319e-01 8.285423557005273665e-01 6.044366695836672632e-01 8.880153827915955311e-01 1.020584328792436990e+00 3.308607829611360795e-01 5.519732076770911267e-01 1.140844240287030686e+00 1.073517823034271679e+00 1.165362997226805364e+00 1.311561275457374220e+00 5.583672805818488127e-01 6.886373215431391692e-01 9.514568401792077301e-01 9.435633736825993489e-01 6.426791600815262573e-01 6.471846044639691931e-01 9.255021875317255287e-01 8.927378642813766918e-01 -1.593946672659070529e+01
