-2.001293679684959059e+01 7.840644490070615147e-01 1.549464992226292193e+00 1.674310780572246582e+00 1.374174051548900266e+00 4.344257897726405138e-01 1.722454190926872464e+00 4.693848791253713015e-01 1.095373282258224501e+00 1.591267641941341404e+00 1.849054259140791689e+00 1.270652072286758916e+00 2.465843467665587985e-01 1.246987922170465835e+00 8.230755417674097130e-01 5.030561540684084232e-01 9.936156447640901446e-01 3.793183901383606615e-01 7.913112370044415034e-01 1.214361171363349978e+00
1.252351449007061523e+00 -2.494296812022425414e+01 1.871810052993820639e+00 2.009061131404621392e+00 1.677139328509367200e+00 5.758068223414054554e-01 2.061704630632744450e+00 6.192999768336138189e-01 1.361984506834942543e+00 1.917888652659541782e+00 2.199439375396930352e+00 1.560973855165803892e+00 3.366388632382810719e-01 1.534283835584849820e+00 1.046054506135819961e+00 6.609327455444314880e-01 1.244975347150250267e+00 5.066526076132845668e-01 1.008571853133469309e+00 1.497398580044016603e+00
5.989079922262923183e-01 4.529660529938204228e-01 -1.201850867250419697e+01 1.096375207649916472e+00 8.677905953009873441e-01 2.334371860243377172e-01 1.134008888677445759e+00 2.543470151803923218e-01 6.656069078655573179e-01 1.032070680871139734e+00 1.234169063620430107e+00 7.915120005405269499e-01 1.256841197747697592e-01 7.742711214077412363e-01 4.787881764171815213e-01 2.747201557983093290e-01 5.944905345156551446e-01 2.009964315547784208e-01 4.577440443441518347e-01 7.506224977407640608e-01
5.368237805722464451e-01 4.032871314046213018e-01 9.094452076499168758e-01 -1.075317121305897672e+01 7.858180344480901747e-01 2.051385312934252692e-01 1.035454350493201003e+00 2.238451665051875428e-01 5.982549917560554542e-01 9.395398750699882617e-01 1.130056695469441763e+00 7.148307141134875309e-01 1.094384191813054380e-01 6.988223585745851896e-01 4.268203457597984918e-01 2.421091479139359237e-01 5.327636653895689856e-01 1.761974294433896193e-01 4.076383771259569078e-01 6.768869908947744429e-01
7.008270515489003483e-01 5.355053285093670512e-01 1.145000595300986967e+00 1.249958034448090283e+00 -1.407609889752310295e+01 2.815890180298180612e-01 1.290786106986310022e+00 3.061060055467025864e-01 7.756395480951099319e-01 1.179993247601277995e+00 1.399046154674595144e+00 9.157525520844526090e-01 1.538010008763865399e-01 8.966462548077687167e-01 5.649329092143727804e-01 3.299177440698214392e-01 6.958567545481844085e-01 2.433852215554208609e-01 5.409565695261242535e-01 8.703988000994132834e-01
1.921003789772640857e+00 1.594097822341405513e+00 2.670572186024337658e+00 2.829203531293424945e+00 2.441514018029817823e+00 -3.785592562026400287e+01 2.889482513060916524e+00 1.064265342294966166e+00 2.058499932619097805e+00 2.724075492499078877e+00 3.045836523390863526e+00 2.302252657287233273e+00 6.271768576647619442e-01 2.269956434757025576e+00 1.654967896273892736e+00 1.124943883499699204e+00 1.911662794891711759e+00 8.958130533749367741e-01 1.605471864474812715e+00 2.225129026713375424e+00
5.148771909268724523e-01 3.858406306327445967e-01 8.769888886774457326e-01 9.653643504932003516e-01 7.565561069863099286e-01 1.953275130609164467e-01 -1.030339599152955188e+01 2.132548122503128418e-01 5.743827786316684225e-01 9.063448528179086638e-01 1.092507765539471931e+00 6.875269624465807361e-01 1.038568665968130356e-01 6.719734969942303682e-01 4.085472486615184251e-01 2.307710354196674252e-01 5.109473883180146725e-01 1.676205423585213350e-01 3.900378946118461254e-01 6.506696661055092479e-01
1.830072879125371532e+00 1.511700976833613819e+00 2.565592015180392593e+00 2.722020166505187078e+00 2.340141005546702235e+00 9.383753422949672185e-01 2.781519812250313084e+00 -3.610568969650479687e+01 1.964469443176173336e+00 2.618326744147874141e+00 2.935990200039209519e+00 2.203345572887007719e+00 5.832597561099623906e-01 2.171653098317983588e+00 1.570847296621077138e+00 1.058282589663380069e+00 1.820952313085666185e+00 8.387081071664268528e-01 1.522747930033465202e+00 2.127684447520015620e+00
9.103302822582238774e-01 7.086545068349425769e-01 1.431120907865557346e+00 1.550698991756055634e+00 1.263943548095110003e+00 3.868789326190977262e-01 1.596916778631668477e+00 4.187384431761733139e-01 -1.824647588976988644e+01 1.471114501955722353e+00 1.718717608126264285e+00 1.165641331926359880e+00 2.171792312929661517e-01 1.143217968267851825e+00 7.449413095839507726e-01 4.494971061817237823e-01 9.043400634177586328e-01 3.368223585049231472e-01 7.153900041528019615e-01 1.112332015122734497e+00
5.772406419413412815e-01 4.355746526595413726e-01 9.686006808711394855e-01 1.062999875069988276e+00 8.393132476012779009e-01 2.234704924990788821e-01 1.099894852817908886e+00 2.436117441478740653e-01 6.421305019557221883e-01 -1.157803016874959390e+01 1.198174047654858576e+00 7.648411329553517213e-01 1.199380934369906337e-01 7.480215946658416160e-01 4.606061279040780110e-01 2.632498989730206462e-01 5.729460458536594913e-01 1.922523648120840478e-01 4.402051760153053994e-01 7.249589969145298074e-01
4.618372591407918226e-01 3.439353753969304206e-01 7.975090636204302807e-01 8.803266954694419777e-01 6.851761546745952502e-01 1.720415233908634545e-01 9.128677655394716872e-01 1.880852000392096990e-01 5.165436081262643198e-01 8.249840476548587764e-01 -9.210433726857241155e+00 6.210849027625301444e-01 9.071862035847091943e-02 6.066755430086763212e-01 3.646053535925012912e-01 2.037903616866409140e-01 4.582314932480436864e-01 1.473089755668394452e-01 3.477535443338472532e-01 5.869582392468362109e-01
7.708150722867588289e-01 5.928498551658041293e-01 1.242232000540526959e+00 1.352480714113487359e+00 1.089262552084452995e+00 3.158376572872331756e-01 1.395266962446580550e+00 3.428205728870075686e-01 8.508473319263597512e-01 1.279031132955351868e+00 1.508464902762530091e+00 -1.547710915751192395e+01 1.741416095909940898e-01 9.797140563409395542e-01 6.246489017249067244e-01 3.689730211480463096e-01 7.654875623613897062e-01 2.736710949087277078e-01 5.987446047159380447e-01 9.518195522648862372e-01
2.603487346766558463e+00 2.225254863238280922e+00 3.433144119774769631e+00 3.603828419181305698e+00 3.184051000876386261e+00 1.497501857664761848e+00 3.668336866596812573e+00 1.579474756109962241e+00 2.759125231292966163e+00 3.490868093436990449e+00 3.834838620358470340e+00 3.030881609590994064e+00 -5.099803937704300694e+01 2.995154257150298260e+00 2.296655734034131591e+00 1.656033233947849181e+00 2.592846065798799948e+00 1.362494747564354736e+00 2.238633571917086229e+00 2.945428981742225005e+00
7.880009221704659117e-01 6.070098355848499994e-01 1.265841121407741188e+00 1.377322358574585071e+00 1.111006254807769045e+00 3.243914347570255874e-01 1.420563496994230235e+00 3.519780983179838230e-01 8.692739682678517488e-01 1.303061594665841705e+00 1.534905543008675988e+00 1.020564056340939940e+00 1.792642571502981175e-01 -1.581983222506986841e+01 6.393786617786454407e-01 3.787024387253168922e-01 7.825883215807263316e-01 2.812518554664797388e-01 6.130112242355737484e-01 9.717167812348670441e-01
1.200625541767409654e+00 9.553175061358207820e-01 1.806895176417181448e+00 1.941857345759798514e+00 1.615829909214372861e+00 5.459398962738926109e-01 1.993674248661518211e+00 5.877092966210772929e-01 1.307534309583950671e+00 1.852183127904078130e+00 2.129372353592501099e+00 1.502035901724906752e+00 3.173027340341320612e-01 1.475915661778645527e+00 -2.393647722954352020e+01 6.277406290082481188e-01 1.193439616135894887e+00 4.796393353304422846e-01 9.636308878377002340e-01 1.439833751761951275e+00
1.749359154068408584e+00 1.438948745544431196e+00 2.471580155798309253e+00 2.625899147913936194e+00 2.249567744069821185e+00 8.846688834996997430e-01 2.684651035419667320e+00 9.438975896633804430e-01 1.880843106181723901e+00 2.523579898973020708e+00 2.837310361686640636e+00 2.115113021148046446e+00 5.454332339478493719e-01 2.083992438725316809e+00 1.496493629008248227e+00 -3.455139765549548514e+01 1.740445285032025113e+00 7.890857141048159829e-01 1.449692074916092421e+00 2.040836435794056936e+00
1.006411644764093394e+00 7.894843471502502874e-01 1.557843534515655382e+00 1.683046665389569041e+00 1.381999754548184134e+00 4.378807948917119997e-01 1.731320388318014603e+00 4.730603130856664285e-01 1.102179063417758620e+00 1.599769045853659533e+00 1.858244493248043749e+00 1.278120562361389601e+00 2.487390657988000353e-01 1.254371321580726395e+00 8.286856161358949757e-01 5.069382850320253153e-01 -2.013889997974776236e+01 3.824131555117373238e-01 7.967668527565094916e-01 1.221625075388066861e+00
2.082051390138361047e+00 1.741098607613284610e+00 2.854286431554778680e+00 3.016417429443390308e+00 2.619465221555421053e+00 1.111968053374936760e+00 3.077930542358521482e+00 1.180753107166427229e+00 2.224598358504922935e+00 2.909012364812084250e+00 3.237258975566839503e+00 2.476241094908727902e+00 7.083247475643551505e-01 2.442971855466479880e+00 1.804822335330442229e+00 1.245515714104816318e+00 2.072350155511736958e+00 -4.095483974134931771e+01 1.753014775267012215e+00 2.396758581106780195e+00
1.242503237004441541e+00 9.914768531334716695e-01 1.859493044344151969e+00 1.996317377125956805e+00 1.665495569526124209e+00 5.700858644748130200e-01 2.048806894611845841e+00 6.132519300334653423e-01 1.351625004152801957e+00 1.905424176015305449e+00 2.186162544333847269e+00 1.549773604715938280e+00 3.329225719170864073e-01 1.523190224235573931e+00 1.037272887837699997e+00 6.545810749160925202e-01 1.235162852756509722e+00 5.014737752670123117e-01 -2.475147486010678577e+01 1.486455373704649086e+00
8.124841713633498275e-01 6.272345800440164432e-01 1.299302497740763895e+00 1.412496990894774651e+00 1.141868800099413495e+00 3.366740267133756515e-01 1.456369666105509220e+00 3.651194475200155165e-01 8.954980151227341922e-01 1.337108996914530001e+00 1.572298239246836316e+00 1.049779552264885174e+00 1.866489817422251618e-01 1.028826781234867482e+00 6.604067517619512939e-01 3.926564357940569017e-01 8.069520753880666808e-01 2.921485811067799920e-01 6.333863737046487863e-01 -1.630726096476279707e+01
