-2.546910489362409713e+00 9.952984748557990036e-02 5.423334336194279987e-06 2.651354215371734823e-05 2.898359502531006002e-11 5.568056558434912873e-01 4.230922226194058573e-10 3.736731068588442406e-04 4.138260647905570459e-06 4.183911012346027206e-03 3.950748062229533612e-03 2.310593004456850254e-04 1.152632902168918977e-01 1.300707519941225613e-03 6.162458569503375108e-09 1.706659175218232960e+00 1.523072951334937530e-02 4.334561033136843239e-02 7.697860273542742368e-25 1.571834820101505951e-15
3.720753847485580579e+00 -1.344045748276897179e+01 1.532074972625341400e-04 7.174665743754576148e-04 9.412470582879674997e-10 2.762264653593452302e+00 1.350653508823219821e-08 9.029632454980437983e-03 1.176291098417306494e-04 8.247230848425096683e-02 7.840956418409514295e-02 5.731875849339990690e-03 1.101513563083243330e+00 2.882064073615318855e-02 1.924458437850024360e-07 4.845562373759561225e+00 2.471961499728115852e-01 5.577143630903435012e-01 2.702901373700650013e-23 5.311870712096024982e-14
1.482083942333433590e+01 1.119976320749726106e+01 -1.185103966734243670e+02 2.087190087327328136e+00 3.664495364643473925e-05 1.374526474575051616e+01 4.651029074817217192e-04 4.651234216761335638e+00 8.620888932714348973e-01 7.334908091175409872e+00 7.269100509055526516e+00 4.143832698524239078e+00 1.139632807317274299e+01 6.013487425067008729e+00 5.497514592087121739e-03 1.600553179125225256e+01 8.847623226385456618e+00 1.012720501978873067e+01 1.580643752703642903e-18 2.607571490268299900e-09
1.311136051354215226e+01 9.490827466574375038e+00 3.776900873273276171e-01 -9.611495287592491366e+01 7.519469040024826633e-06 1.203582135360540839e+01 9.858588642129913367e-05 3.064637579510612664e+00 3.131791724986206504e-01 5.641034461049041937e+00 5.576089266325005234e+00 2.609229637909070920e+00 9.687301620275400538e+00 4.348714861539524357e+00 1.231064829297832475e-03 1.429603884155753413e+01 7.142530119953593548e+00 8.419160723565395799e+00 2.969439993165361685e-19 5.070872009755603641e-10
2.758143400002898460e+01 2.396021000094124886e+01 1.276063664495364591e+01 1.447010751946903895e+01 -3.168175846691697757e+02 2.650585000008166148e+01 2.970315335789204259e+00 1.736530049891704053e+01 1.247084785158810760e+01 2.009070003781942404e+01 2.002461004027044922e+01 1.683390082283903411e+01 2.415680000077960443e+01 1.875916013372534152e+01 5.606829805515849863e+00 2.876613000000924458e+01 2.160695000892923900e+01 2.288740000262860264e+01 3.936068154090436656e-13 4.019648836765070117e-04
1.632389655843490939e+00 2.166246535934515105e-01 1.474575051555423873e-05 7.135360540855485061e-05 8.165773750929429985e-11 -4.782486456676684483e+00 1.186572694807283956e-09 9.802310907572218610e-04 1.126858914214617479e-05 1.051608063342069840e-02 9.943909105916257443e-03 6.096308015183949519e-04 2.479048014562936775e-01 3.349339621233395244e-03 1.718305746098274999e-08 2.523538771306616635e+00 3.679451089757228288e-02 9.973748593005458962e-02 2.216065502334191015e-24 4.476742187077573907e-15
2.479403400042309258e+01 2.117281001350653113e+01 9.973665102907480318e+00 1.168279858588642028e+01 1.829153357892027154e-01 2.371845000118657154e+01 -2.695929770148244984e+02 1.457790680132677963e+01 9.684003403392178910e+00 1.730330052893370407e+01 1.723721056291367404e+01 1.404651114938797107e+01 2.136940001119901211e+01 1.597176184886665951e+01 2.979897945182051089e+00 2.597873000013558098e+01 1.881955012629394375e+01 2.010000003748667652e+01 2.634810955724971433e-14 3.156000696579652689e-05
1.021650767310685737e+01 6.603939632454978614e+00 4.653421676133456114e-02 1.694375795106118632e-01 4.989170392162129709e-07 9.141530231090756686e+00 6.801326779619817469e-06 -6.265037634011314083e+01 3.692479327919405419e-02 2.916488281523788917e+00 2.859462365079680879e+00 7.577221502133884012e-01 6.799137352587785621e+00 1.853822523355728391e+00 9.023153252239054741e-05 1.140095753335063300e+01 4.303551592887932209e+00 5.544262883102785366e+00 1.743961347883215066e-20 3.133467469984479751e-11
1.511063813826064717e+01 1.148952762910984049e+01 1.151888893271434622e+00 2.312479172498620450e+00 4.785158810814317131e-05 1.403506126858914094e+01 6.034033921794831933e-04 4.931424793279195029e+00 -1.224750708199821929e+02 7.623640088358825118e+00 7.557771099338902232e+00 4.419397986095439990e+00 1.168609828884217983e+01 6.300064286198698404e+00 7.050679188345413718e-03 1.629533136487002665e+01 9.137134080139473369e+00 1.041691179352109842e+01 2.098328525535526292e-18 3.440033448940065263e-09
7.494917911012346501e+00 3.951982308484251138e+00 4.808091175410356827e-03 2.043446104904269103e-02 3.781942502781619391e-08 6.425666080633421373e+00 5.289337048037633296e-07 1.910882815237904264e-01 3.740088358825700409e-03 -3.740330420927779898e+01 9.673189641799129213e-01 1.304477817507262161e-01 4.137025665971351351e+00 4.777903795237712914e-01 7.279757733008688065e-06 8.676911404931308525e+00 1.942748583096162829e+00 2.978416361074358143e+00 1.205688838967350889e-21 2.256512068643122274e-12
7.560774748062229378e+00 4.014009564184093826e+00 5.090509055526208637e-03 2.157926632500417607e-02 4.027044624253468182e-08 6.491183909105916250e+00 5.629136765679764571e-07 2.001523650796815101e-01 3.961099338901904847e-03 1.033408964179912681e+00 -3.793465310777114752e+01 1.369069782948443836e-01 4.199583640998350909e+00 4.972909273329990110e-01 7.741696225966860259e-06 8.742917212513635405e+00 1.991601526729960048e+00 3.036184051687334406e+00 1.286431664241876253e-21 2.405412386445346043e-12
1.074776505930044657e+01 7.132041875849339796e+00 7.053269852423978137e-02 2.454296379090718516e-01 8.228390332910756868e-07 9.672559630801519148e+00 1.114938797359180395e-05 1.289122150213389828e+00 5.629798609544053173e-02 3.387247781750726272e+00 3.327616978294845484e+00 -6.832429875978274936e+01 7.327738100408674349e+00 2.253974803423916207e+00 1.465875433598891981e-04 1.193230845539724960e+01 4.813748095161363594e+00 6.067756946829876874e+00 2.935103711927157920e-20 5.227994737276862749e-11
3.539897290216892145e+00 9.049235630832422883e-01 1.280731727426740114e-04 6.016202753995111147e-04 7.796047261760645428e-10 2.596954801456293538e+00 1.119901501858270482e-08 7.637352587786073316e-03 9.828884218036014996e-05 7.092566597135077644e-02 6.739364099835169764e-02 4.838100408673342255e-03 -1.258574203594147001e+01 2.454761330245757572e-02 1.597910572716673415e-07 4.655693670763850989e+00 2.159941129236894741e-01 4.961080701688382333e-01 2.228304032325045043e-23 4.389008699125351395e-14
8.823574707519941995e+00 5.229870640736153931e+00 1.492742506700898281e-02 5.965486153952542087e-02 1.337253420842090621e-07 7.750039339621234369e+00 1.848866662526995074e-06 4.599625233557300130e-01 1.170428619869891274e-02 1.809330379523771626e+00 1.762740927333000363e+00 3.287148034239166794e-01 5.422187613302457798e+00 -4.889903850113066142e+01 2.503685819792519527e-05 1.000742118050569118e+01 3.023042734856587810e+00 4.195840058688569130e+00 4.449144665861849931e-21 8.168681692398602008e-12
2.199563400616246156e+01 1.837441019244584339e+01 7.180297514592088426e+00 8.885531064829299552e+00 2.102980551585082597e-02 2.092005001718306190e+01 1.814979451820538658e-01 1.177959023153252538e+01 6.892050679188346685e+00 1.450490727975773453e+01 1.443881774169622823e+01 1.124824658754336149e+01 1.857100015979105834e+01 1.317338503685819795e+01 -2.246695328977535269e+02 2.318033000198623483e+01 1.602115176521128959e+01 1.730160052978160223e+01 1.733778668859098857e-15 2.338496274163706024e-06
5.219631752182329887e-01 3.964237375956038145e-02 1.791252252039422520e-06 8.841557534105587405e-06 9.245063832187432094e-12 2.632587713066166235e-01 1.355809992583562419e-10 1.275333506336054704e-04 1.364870026494533152e-06 1.481404931307705617e-03 1.397212513635351372e-03 7.845539724829910888e-05 4.636367076385129044e-02 4.511805056896726722e-04 1.986233062095486367e-09 -8.968445786583469914e-01 5.571970284032272402e-03 1.649683081666667578e-02 2.401095533087116173e-25 4.958285066238259830e-16
5.989714729513349489e+00 2.600456149972811382e+00 1.273226385454734018e-03 5.680119953593042170e-03 8.929236202144673463e-09 4.935694510897572940e+00 1.262939424737958536e-07 6.190159288793292691e-02 9.840801394723022212e-04 4.264985830961625646e-01 4.092615267299606896e-01 4.069809516136314864e-02 2.765844112923689480e+00 1.752527348565869336e-01 1.765211286836551677e-06 7.164751970284032545e+00 -2.635127417624131496e+01 1.773260843004349274e+00 2.723892998509540889e-22 5.202304287250929180e-13
4.737379610331368340e+00 1.630524363090343209e+00 4.050197887315916010e-04 1.860723565395031899e-03 2.628602609647549555e-09 3.718187485930054770e+00 3.748667940015874306e-08 2.216288310278613505e-02 3.117935210990492611e-04 1.817163610743575686e-01 1.733940516873345716e-01 1.425694682987646046e-02 1.765508070168838373e+00 6.760005868856788780e-02 5.297816022224831142e-07 5.895226830816666208e+00 4.928108430043493526e-01 -1.870134561149680508e+01 7.750746784158429079e-23 1.504105522754265203e-13
5.961153399999999891e+01 5.599031000000000091e+01 4.479070000000000107e+01 4.650019999999999953e+01 3.203010000000040236e+01 5.853594999999999970e+01 3.481750000000003098e+01 4.939540000000000219e+01 4.450090000000000146e+01 5.212080000000000268e+01 5.205471000000000004e+01 4.886400000000000432e+01 5.618690000000000140e+01 5.078925999999999874e+01 3.761589999999999634e+01 6.079623000000000133e+01 5.363705000000000211e+01 5.491750000000000398e+01 -9.150498440067849515e+02 2.189490000678435777e+01
3.771663399999999911e+01 3.409541000000005084e+01 2.289580000260757231e+01 2.460530000050708566e+01 1.013560196488367815e+01 3.664105000000000700e+01 1.292263156000696966e+01 2.750050000003133732e+01 2.260600000344003746e+01 3.022590000000225885e+01 3.015981000000240542e+01 2.696910000005228270e+01 3.429200000000004422e+01 2.889436000000816662e+01 1.572100233849627315e+01 3.890133000000000152e+01 3.174215000000052456e+01 3.302260000000015339e+01 6.784357334608796249e-09 -4.990471798768232929e+02
