-12.94902702698094	0.3786605540022487	1.267608946308046	0.18827093041139517	0.09135229096068972	0.09686353894363894	0.7182554990213414	0.19465741844151666	0.3636085218079143	0.5924995402790691	1.487231011525359	0.8734268606677326	0.4028691584607795	0.7989392926671677	0.29508405428812867	0.7424095387419083	0.8870789560834647	1.1835669772761872	1.7806128061044963	0.6060311309898538
2.084124554002249	-29.18373115363013	2.474203247993038	0.5682033617260239	0.3070298655162272	0.32306079126050835	1.6329829698704839	0.5841508562907368	0.9685468453395035	1.412937537583638	2.774265110505524	1.8875742725128248	1.0498208585133872	1.7674330673487757	0.8202273651438022	1.6737374665158897	1.9092143989896024	2.3549482281273137	3.153967856447541	1.4373024999430704
0.7729989463080459	0.27412924799303745	-9.727688920839693	0.13195545813097015	0.06248829747823787	0.06637062598846641	0.5412546788838604	0.1366122381026618	0.26266063969495224	0.4406038337808465	1.1905937169150753	0.6678900631451181	0.29264840100273987	0.6067811307816813	0.21091711837295266	0.5607962048968093	0.6791516400875103	0.928055232266278	1.450438483150869	0.4513429638595815
2.934774930411396	1.609243361726024	3.37306945813097	-42.97854270105098	0.5859089452391326	0.6127853854013475	2.4071632272998174	1.0239126181680676	1.5671093355925014	2.1390367642588792	3.701855910908974	2.708085455030566	1.6753970212498512	2.5671987895442694	1.3641963638214027	2.455953962767632	2.7332659781807997	3.240519240109774	4.109921798029733	2.1691441551798496
3.8262762909606893	2.336489865516227	4.292022297478238	1.574328945239132	-58.373934217083296	1.0393017629772288	3.251539805525615	1.6057945289303424	2.285993641655289	2.951509638595032	4.636316204590231	3.581538360545598	2.4152389042084943	3.4278324349977547	2.0387387562844066	3.305490187341037	3.6088743125774676	4.1520785320831335	5.059048391375878	2.985521356201516
3.7541875389436385	2.274920791260508	4.218304625988466	1.5236053854013467	0.9617017629772276	-57.09656978705745	3.182340412200797	1.5545123134507857	2.2249922513515905	2.8843275257371688	4.561698093716687	3.510542933463417	2.352820397565177	3.357623704627008	1.9807970135563298	3.235969062040936	3.537747426087255	4.078795346324736	4.983593367556814	2.9180898348075517
1.3472534990213414	0.5565169698704836	1.6648626788838603	0.28965722729981674	0.14561380552561484	0.15401441220079726	-17.989183844754017	0.2989135326915702	0.5360099020947973	0.8395500673891768	1.9185948967019282	1.1931162211638955	0.5893189312259991	1.1010288540341397	0.4414805383410339	1.0303917844845976	1.209878677834066	1.5662101371584867	2.2497672000465756	0.8570045087858364
2.8937114184415162	1.5777408562907367	3.330276238102662	0.9764626181680649	0.5699245289303424	0.5962423134507859	2.3689695326915703	-42.291675039901314	1.536063487986061	2.1027236783708747	3.6580634997902823	2.668134943914724	1.6432017285870344	2.5280281299906293	1.3355295338398918	2.4174516173389953	2.693183490508122	3.1981965581287297	4.065167443797028	2.132603421573267
2.1326525218079144	1.0321268453395036	2.5263146396949527	0.5896493355925012	0.32011364165528877	0.33671225135159094	1.6760559020947974	0.6060534879860612	-29.945667612538315	1.4527099222603277	2.8285710887088866	1.9339205529805452	1.0829858049724368	1.8123019564691392	0.8482998694556023	1.717371453381406	1.9558147570235564	2.4060594599829477	3.2104900036080006	1.4774641181728523
1.5616435402790694	0.6766175375836375	1.9043578337808469	0.3616767642588791	0.18572963859503208	0.19614752573716882	1.1796960673891772	0.37281367837087503	0.6528099222603277	-21.17434987080644	2.1745556262453167	1.3931629415977989	0.7145818046914075	1.2917250802139741	0.5422860756826384	1.2134825394848472	1.4115621788713546	1.7984893262561576	2.5233495873357223	1.0196622021722077
0.632948011525359	0.21451811050552377	0.8309207169150755	0.10106891090897313	0.04710920459023039	0.05009109371668676	0.43531389670192827	0.10472649979028237	0.20524408870888647	0.3511286262453167	-7.765701965242197	0.542698676095792	0.22953388402390174	0.49068627673174703	0.16365279903749377	0.4517824606033607	0.5523215559230911	0.7677512923518444	1.2341478879942012	0.3600579728725028
1.1382478606677326	0.44693127251282466	1.4273210631451183	0.22640245503056566	0.11143536054559766	0.11803993346341703	0.8289392211638957	0.2339019439147245	0.4296975529805451	0.6888399415977987	1.6618026760957922	-14.938567542791326	0.4745861513083476	0.9181163178091457	0.35083786041959697	0.8556908457347451	1.0149639029409945	1.3369684217250328	1.9718603259724428	0.7039844357630058
2.0102931584607795	0.9517808585133887	2.39468240100274	0.536317021249851	0.2877389042084942	0.30292039756517736	1.5677449312259992	0.5515717285870345	0.9213658049724367	1.3528618046914076	2.6912408840239017	1.8171891513083476	-28.03039707121328	1.6993744701466815	0.7782395508885199	1.607619176503174	1.8384285878659692	2.2770191029851885	3.0673897557047387	1.376619381309446
1.2322572926671675	0.49528706734877564	1.5347091307816814	0.25401278954426904	0.12622643499775463	0.13361770462700814	0.9053488540341393	0.2622921299906294	0.476575956469139	0.7558990802139741	1.7782872767317468	1.0866133178091453	0.5252684701466812	-16.30420060872993	0.39066791373392645	0.9337795528451588	1.1024125027730955	1.4404523752548541	2.0983909625440256	0.772101796216758
2.384618054288129	1.2042973651438023	2.795061118372953	0.7072263638214021	0.39334875628440663	0.41300701355633007	1.9020165383410337	0.7260095338398921	1.1687898694556025	1.6626760756826384	3.1074697990374935	2.1755508604195968	1.2603495508885199	2.0468839137339265	-33.951001335456354	1.9460316105993223	2.1986532095577442	2.6701471648303943	3.499537945153383	1.689326592449787
1.3112275387419083	0.5370914665158892	1.6242242048968094	0.2782679627676314	0.13938418734103733	0.14746306204093626	0.9702117844845969	0.2872156173389954	0.5171454533814058	0.8131565394848471	1.8748834606033606	1.1596878457347453	0.5690131765031741	1.0692795528451593	0.42531561059932227	-17.45957506637731	1.1761552311607988	1.5269062467349943	2.2027222157386954	0.8302239094630023
1.1221199560834645	0.4387913989896021	1.4088026400875104	0.22180297818079933	0.10899131257746751	0.11546442608725462	0.8159216778340663	0.22917049050812197	0.42181175702355633	0.6774591788713542	1.6416455559230911	0.9851839029409938	0.4660455878659691	0.9041355027730954	0.3441602095577443	0.8423782311607989	-14.705334128417885	1.3191499679841274	1.949880372329974	0.6924189816388935
0.8364719772761869	0.302389228127313	1.075570232266278	0.14692024010977447	0.0700595320831337	0.07437634632473746	0.5901171371584868	0.15204755812873016	0.28992045998294697	0.48225032625615766	1.2749392923518443	0.7250524217250328	0.32250010298518816	0.6600393752548542	0.23351816483039434	0.6109932467349946	0.7370139679841273	-10.623025564716126	1.545057898893961	0.49378805624198663
0.48970680610449635	0.1575978564475409	0.6541424831508691	0.07251179802973218	0.033218391375877926	0.03536336755681388	0.3298632000465756	0.07520744379702812	0.15054000360800016	0.26329958733572206	0.7975248879942012	0.416133325972443	0.1690597557047384	0.3741669625440256	0.11909794515338296	0.34299821573869566	0.42393337232997397	0.6012468988939608	-5.775924266301667	0.2703119645175886
1.5361051309898537	0.6619124999430701	1.8760269638595815	0.3527141551798492	0.18067135620151611	0.19083983480755173	1.1580805087858361	0.36362342157326694	0.6384941181728521	0.9805922021722094	2.144414972872503	1.3692374357630057	0.6992693813094458	1.2688577962167582	0.5298665924497867	1.1914799094630024	1.3874519816388935	1.7709570562419867	2.4912919645175884	-20.79188728215856