-2.031416797148201780e+01 9.950726197068930912e-01 1.164721440856266277e+00 1.079796815097669338e+00 1.225504695377376940e+00 9.378748474174786187e-01 9.726784473608467430e-01 7.729717616105387101e-01 1.126520218275394170e+00 1.802183397168624746e+00 1.629111698662000007e+00 1.174506904589986522e+00 7.872709343470045418e-02 1.321315483987728356e+00 1.056845443527837602e+00 1.023095610307236170e+00 7.844921209681791074e-01 6.352673472410143019e-01 1.327025619457190109e+00 1.206456406435059137e+00
1.004943619706895275e+00 -2.041440776764190446e+01 1.170178449723935366e+00 1.084996133507517335e+00 1.231137507812133158e+00 9.426097375943679468e-01 9.775313431491577942e-01 7.771079458627090375e-01 1.131863094763909672e+00 1.809180658791702312e+00 1.635751276867765114e+00 1.179992691040121722e+00 7.932413413962668969e-02 1.327211625082804547e+00 1.061972601589826315e+00 1.028114638866124864e+00 7.886723746093048382e-01 6.388481160182629681e-01 1.332936942194987706e+00 1.212034876320751131e+00
8.515934408562660929e-01 8.471794497239356625e-01 -1.729252083974417786e+01 9.232850647824416557e-01 1.055158299364669761e+00 7.960546059610116298e-01 8.271379238592029282e-01 6.498949374633690157e-01 9.654400421324180748e-01 1.587490595982208985e+00 1.426165961291615769e+00 1.008866048397628168e+00 6.181486941639136035e-02 1.142506720285856314e+00 9.026251694092265465e-01 8.723029515008653423e-01 6.600431004173351601e-01 5.293832112623582109e-01 1.147727611631992328e+00 1.037850836005385968e+00
9.242348150976690269e-01 9.195631335075178381e-01 1.080851064782442084e+00 -1.877467241251604690e+01 1.138849119181876368e+00 8.653930508483232975e-01 8.983412271923689740e-01 7.098696992106747761e-01 1.044455350792288684e+00 1.693738155841286286e+00 1.526408886265584464e+00 1.090180954367663269e+00 6.985072896040771251e-02 1.230478734474913072e+00 9.781874397203376148e-01 9.461425235857562344e-01 7.207015635867131120e-01 5.808162024673265700e-01 1.235947469700297674e+00 1.120662292932598891e+00
8.040166953773768554e-01 7.997785078121327773e-01 9.467982993646697487e-01 8.729231191818762614e-01 -1.631821028247810901e+01 7.507277346185901035e-01 7.805416834913151414e-01 6.109053785092468658e-01 9.135001897756029887e-01 1.516586593511424885e+00 1.359489596878870277e+00 9.553451446413460113e-01 5.679818173910891610e-02 1.084387982255498706e+00 8.530524965429771012e-01 8.239081591127925819e-01 6.205928695510066762e-01 4.961215332582381010e-01 1.089437094615753221e+00 9.832990222402790970e-01
1.064809847417479860e+00 1.059673737594367227e+00 1.236117605961011501e+00 1.147890050848323629e+00 1.299150734618589986e+00 -2.162636620716342861e+01 1.036321886975638540e+00 8.273740739669614985e-01 1.196454246711034175e+00 1.893194370732039555e+00 1.715587331485734390e+00 1.246271548421436615e+00 8.673068026550422027e-02 1.398326231242023709e+00 1.124012683648426769e+00 1.088874392067554542e+00 8.394640263024786275e-01 6.824753113321654352e-01 1.404230158121142713e+00 1.279407289451510943e+00
1.027828447360849218e+00 1.022810343149159085e+00 1.195415923859203033e+00 1.109053227192369429e+00 1.257179683491315370e+00 9.645368869756389962e-01 -2.087811299827208344e+01 7.962844236021343614e-01 1.156577898569828067e+00 1.841451878379689822e+00 1.666392439505872458e+00 1.205361920735122272e+00 8.211678316822951240e-02 1.354458235658168919e+00 1.085698973607966300e+00 1.051345287398332218e+00 8.080515126336226261e-01 6.554678118806048781e-01 1.360252959090276992e+00 1.237828362013696948e+00
1.267646761610538686e+00 1.261911945862709494e+00 1.457697937463369176e+00 1.360106699210674952e+00 1.527068378509247149e+00 1.195114073966961676e+00 1.235809423602134416e+00 -2.570914998268553120e+01 1.413898329438452839e+00 2.168914586725080085e+00 1.979012299354578897e+00 1.468892058590890892e+00 1.143253219701580309e-01 1.635659700168324182e+00 1.333591257011345288e+00 1.294486730814468300e+00 1.013762562550511559e+00 8.337778336030629012e-01 1.642103687966415704e+00 1.505370394266611234e+00
8.833272182753942880e-01 8.787990947639100492e-01 1.035375042132418821e+00 9.568243507922881141e-01 1.091795189775602415e+00 8.263262467110340515e-01 8.582348985698275978e-01 6.760303294384524264e-01 -1.794078616281688454e+01 1.634193500507552743e+00 1.470181744765429066e+00 1.044447117190738794e+00 6.526896838544055113e-02 1.181048226938688384e+00 9.356533147174040943e-01 9.045675460937697698e-01 6.864800599916250912e-01 5.517569985487991158e-01 1.186379462474376423e+00 1.074096852744133468e+00
4.807253971686248351e-01 4.778516587917023273e-01 5.791605959822090366e-01 5.278421558412863535e-01 6.166165935114250596e-01 4.448013707320398469e-01 4.648438783796895457e-01 3.527815867250801984e-01 5.559285005075528252e-01 -9.602685189433376678e+00 8.798591476703384595e-01 5.851501249024356754e-01 2.765466138912233557e-02 6.768566259785928629e-01 5.141795556131643075e-01 4.942508362417059598e-01 3.590486082393056222e-01 2.798271788443639774e-01 6.804923932796680397e-01 6.048143196350677098e-01
5.584036986620000143e-01 5.551722768677651576e-01 6.685859612916158490e-01 6.112628862655847817e-01 7.102695968788702574e-01 5.179443314857343772e-01 5.405344395058723217e-01 4.136292993545786500e-01 6.426667447654290655e-01 1.130609147670338599e+00 -1.123397470180286994e+01 6.752600981521136303e-01 3.389009999220839175e-02 7.770508508835918260e-01 5.959584123275492029e-01 5.736009256314784643e-01 4.207667628053948228e-01 3.301486732150882286e-01 7.810716280137149914e-01 6.971488680339420485e-01
8.436989045899864204e-01 8.393136910401216566e-01 9.911860483976312475e-01 9.149349543676638108e-01 1.046025144641345328e+00 7.885285484214364926e-01 8.194039207351222487e-01 6.434090585908910365e-01 9.568321171907396838e-01 1.575800124902435595e+00 1.415160098152113521e+00 -1.713105411303249070e+01 6.096905594111112076e-02 1.132891190315609808e+00 8.944040951882018531e-01 8.642745413114861774e-01 6.534814948989109418e-01 5.238404194683699000e-01 1.138084113957100074e+00 1.028816590922216667e+00
4.009049093434700950e+00 3.999775134139627042e+00 4.305264869416391527e+00 4.155734728960407409e+00 4.408608181739109177e+00 3.890117680265504863e+00 3.957288783168229518e+00 3.549972321970158440e+00 4.238783968385440915e+00 5.279434661389122319e+00 5.034920099992208797e+00 4.322099055941111878e+00 -7.964077428253769142e+01 4.566004109944630684e+00 4.114196354851614501e+00 4.052171501015757293e+00 3.575068708002508089e+00 3.230565323272360345e+00 4.575188651945581775e+00 4.376531054703226786e+00
7.355474839877281790e-01 7.315726250828046284e-01 8.698667202858563208e-01 8.002727344749132055e-01 9.201079822554987242e-01 6.856232312420237340e-01 7.135402356581690420e-01 5.552167001683241399e-01 8.384732269386885317e-01 1.412546625978592818e+00 1.261990850883591975e+00 8.779311903156100660e-01 4.991410994463119088e-02 -1.491060548678614417e+01 7.815887619151791199e-01 7.542127096369924955e-01 5.642228135127608235e-01 4.488642840490864594e-01 1.004787616121733951e+00 9.043255843339595978e-01
9.452304435278374717e-01 9.404866015898274423e-01 1.104138169409226711e+00 1.022134439720336241e+00 1.162925496542977166e+00 8.854626836484267294e-01 9.189339736079661369e-01 7.273012570113454034e-01 1.067231314717403956e+00 1.724022555613164087e+00 1.555051412327548954e+00 1.113597095188201713e+00 7.225935485161504024e-02 1.255741761915179167e+00 -1.920191422843767981e+01 9.674734922643266621e-01 7.383263963539832275e-01 5.958242592054098230e-01 1.261279074116168797e+00 1.144494446826736400e+00
9.772546103072365931e-01 9.724026388661255460e-01 1.139589951500865173e+00 1.055863523585755859e+00 1.199555159112792646e+00 9.160983920675548342e-01 9.503542873983320538e-01 7.539707308144680820e-01 1.101919546093769853e+00 1.769867836241705961e+00 1.598467925631478437e+00 1.149241541311486481e+00 7.600850101575713780e-02 1.294139709636992430e+00 1.033247492264327771e+00 -1.985264372539889521e+01 7.652869901302405964e-01 6.188359856171505857e-01 1.299779115191294521e+00 1.180759788611559280e+00
1.251767120968179103e+00 1.246076374609304871e+00 1.440446100417335451e+00 1.343538563586713197e+00 1.509355869551006757e+00 1.179804026302478714e+00 1.220176512633622590e+00 9.863625625505134664e-01 1.396948059991625302e+00 2.147781608239305307e+00 1.958749762805394923e+00 1.451564494898911040e+00 1.120217080025076722e-01 1.617265813512761108e+00 1.317216396353982910e+00 1.278402990130240502e+00 -2.539069439851266097e+01 8.217458148994182254e-01 1.623670831702342721e+00 1.487799787357020120e+00
1.483134347241014339e+00 1.476844116018262820e+00 1.690378211262358210e+00 1.584245202467326141e+00 1.765476533258238057e+00 1.403407311332165675e+00 1.448184811880604883e+00 1.186969833603062963e+00 1.642816998548799257e+00 2.449152178844363981e+00 2.248723673215088592e+00 1.702515419468369817e+00 1.481103232723597063e-01 1.882499284049086397e+00 1.555306259205409658e+00 1.512543985617150533e+00 1.202337814899418378e+00 -3.001408685384062380e+01 1.889424015502682463e+00 1.742016534154859908e+00
7.316976194571900294e-01 7.277379421949874416e-01 8.655276116319918778e-01 7.961814697002977947e-01 9.155970946157535595e-01 6.819671581211428357e-01 7.097749590902768801e-01 5.521006879664155376e-01 8.342444624743764470e-01 1.406622393279667982e+00 1.256451628013714794e+00 8.735641139571000968e-01 4.953865194558099150e-02 9.952276161217331607e-01 7.775660741161689593e-01 7.502921151912945730e-01 5.610678317023430894e-01 4.462290155026824578e-01 -1.483125647681635684e+01 8.998680317336382739e-01
8.185584064350591715e-01 8.142658763207509809e-01 9.630808360053850770e-01 8.883262929325985713e-01 1.016889022240278884e+00 7.645742894515109578e-01 7.947803620136971725e-01 6.227973942666110707e-01 9.293918527441327182e-01 1.538374319635067655e+00 1.379958868033942299e+00 9.717265909222151388e-01 5.831105470322599238e-02 1.102195584333959477e+00 8.682114468267365659e-01 8.387027886115595576e-01 6.326267873570201594e-01 5.062515341548597947e-01 1.107298031733638499e+00 -1.661632133872225126e+01
