-19.64271625618881	0.944443568479392	1.1893387501881583	0.5454638425023146	0.8358528036402091	0.502172039847429	1.1419451205012023	0.9930362400805807	1.2930989830994153	0.976551197474285	1.1224860442134947	1.2714696460875183	1.2543811484835121	1.0172075821288582	1.3935673461407052	1.0208377569323577	1.067232358551775	1.0929529467276107	1.1064483512767787	0.8742305298332143
1.0576935684793927	-20.80760200508195	1.2537338296946037	0.582906998624044	0.8869849362393807	0.5373041613898869	1.2047427382623621	1.0504664070537564	1.3608186655505727	1.0333527537141916	1.1846128001962815	1.3385152323018012	1.3208872206185311	1.0755466268740446	1.464293912070776	1.0793120003395913	1.127405160893544	1.1540444586910172	1.1680155052250747	0.9269650288630947
0.8319087501881581	0.7830538296946036	-16.240227142711483	0.4394668610732969	0.6882241439750696	0.40306315537623816	0.9577036807072481	0.8257728741087692	1.093085463763511	0.8112613958400656	0.9403791390122151	1.0736278492495397	1.058274803844265	0.8470852728388837	1.1838207104433607	0.8502896170712763	0.8913220759265253	0.9141329145592463	0.9261192276611666	0.721635377378046
1.655968842502315	1.580161998624044	1.9074018610732968	-32.82711024542404	1.4289313665920438	0.9322416584431734	1.845396238863495	1.6465211776762354	2.0412011877578244	1.6240947400177914	1.8197658094194653	2.0135212461720493	1.9915755032956108	1.6792492488855886	2.168413747153037	1.6841488845844	1.7464182467127332	1.7806684125567562	1.7985643162610343	1.4828657588331406
1.184347803640209	1.122229936239381	1.3941491439750695	0.6669213665920439	-23.360447601405234	0.6163465816464969	1.341893180626044	1.1765762897014904	1.5079979555216574	1.1581624648214672	1.3203892750387822	1.4843264204196498	1.465602214446277	1.20353370434902	1.617554951044908	1.2075780485737004	1.2591701288889594	1.2876973539725214	1.302644580053263	1.0433262018542913
1.7514000398474288	1.6732821613898867	2.009721155376238	1.0709646584431725	1.5170795816464968	-34.73730212328269	1.9461213319480988	1.7416706295866	2.146746595698669	1.7185683154698892	1.9198126774863102	2.1184223653812086	2.095957390515126	1.7753672533416955	2.2767736397018283	1.7804100963867724	1.8444597274120293	1.8796583897774757	1.8980414394487406	1.5728446744250257
0.870335120501202	0.8198827382623622	1.043523680707248	0.463281238863495	0.7217881806260437	0.42528333194809914	-17.019287042484304	0.8640016332521087	1.1391887426772556	0.849019378479647	0.9821623387039882	1.1192053045193595	1.1034324411226561	0.8859967627867502	1.2322870249631201	0.8893028740443304	0.931618499644488	0.9551269606388555	0.9674754484226505	0.7563753423206433
1.0069962400805856	0.951176407053757	1.1971628741087692	0.5499761776762355	0.8420412897014904	0.5064026295866001	1.1495716332521084	-19.784049904027896	1.3013349079553282	0.9834374612984955	1.1300296189097623	1.2796220153889444	1.262466665555063	1.0242834352163979	1.4021763469554667	1.0279302888401407	1.0745345347911501	1.1003685926926816	1.1139227653171977	0.8806160196477179
0.7549389830994152	0.7094086655505725	0.9123554637635111	0.39253618775782434	0.6213429555216573	0.35935859569866874	0.8726387426772555	0.7492149079553282	-14.677232952475599	0.7356838677680958	0.8563909008938866	0.9816535879528541	0.9671869438693093	0.76910392432117	1.0857280011228085	0.7720959458791536	0.8104478033238477	0.8317985851131571	0.843026153730946	0.6523227364761387
1.0238211974742852	0.9673727537141903	1.2159613958400655	0.5608597400177916	0.8569374648214676	0.5166103154698893	1.167899378479647	1.0167474612984961	1.3211138677680958	-20.123853038296897	1.1481597212066934	1.299202108487225	1.2818876221924802	1.0412983237710227	1.4228428302264142	1.0449849638313873	1.0920891901942222	1.1181937730070677	1.1318880309642254	0.8959828995322293
0.8867660442134945	0.8356428001962816	1.0620891390122145	0.47354080941946547	0.7361742750387823	0.43486467748631036	1.018052338703987	0.8803496189097622	1.1588309008938866	0.8651697212066936	-17.352172387162284	1.1386281808053091	1.1226801720104553	0.9026312334018868	1.2529134159419595	0.9059800334502073	0.9488335983184855	0.972634275201782	0.9851344000929193	0.7712567528583983
0.7702296460875182	0.7240252323018013	0.9298178492495391	0.40177624617204916	0.6345914204196497	0.3679543653812087	0.8895753045193592	0.7644220153889442	1.018573587952854	0.750692108487225	0.8731081808053088	-14.988014364657648	0.985352225090031	0.7845999105027878	1.10532677483075	0.7876350404398184	0.8265315259236627	0.8481792483209292	0.8595612095496951	0.6660624732345148
0.7825811484835123	0.7358372206185311	0.9439048038442647	0.40927050329561104	0.6453072144462769	0.37492939051512575	0.9032424411226563	0.7767066655550628	1.0335469438693108	0.7628176221924802	0.8866001720104549	1.014792225090031	-15.238953521801195	0.7971156646899771	1.1211169752118813	0.8001852752387127	0.8395172468617275	0.8614022952792384	0.8729076226483516	0.6771720908279892
0.982987582128859	0.9280766268740444	1.1702952728388836	0.5345242488855885	0.8208187043490199	0.49191925334169545	1.12338676278675	0.9761034352163964	1.2730439243211702	0.9598083237710229	1.104131233401887	1.2516199105027879	1.234695664689977	-19.298954614999914	1.3725950776719773	1.0035892840713296	1.0494697893686236	1.0749120303775297	1.088263248010694	0.8587142423916764
0.6885873461407053	0.6460639120707761	0.8362707104433602	0.352928747153037	0.5640799510449079	0.32256563970182806	0.79891702496312	0.6832363469554666	0.9189080011228089	0.6705928302264142	0.7836534159419594	0.9015867748307501	0.8879369752118812	0.7018350776719773	-13.326902865141712	0.7046344480543402	0.740549988455829	0.7605705932946802	0.7711060266525802	0.5928790552052909
0.9794477569323563	0.9246720003395907	1.1663296170712762	0.5322538845844	0.8176930485737003	0.4897920963867725	1.1195228740443306	0.9725802888401431	1.2688659458791536	0.9563249638313862	1.1003100334502067	1.2474850404398183	1.2305952752387128	0.9964192840713183	1.3682244480543402	-19.227411296767343	1.0457727611291876	1.071156649429874	1.084477635074105	0.855487693396672
0.9356523585517744	0.8825751608935434	1.1171720759265251	0.5043332467127334	0.7790951288889593	0.46365172741202965	1.071648499644488	0.9289945347911499	1.2170278033238477	0.9132391901942223	1.0529735983184854	1.1961915259236628	1.179737246861727	0.952109789368624	1.313949988455829	0.9555827611291884	-18.341798664748442	1.024649259558945	1.0375895034024396	0.8156252653902685
0.9124729467276103	0.860314458691017	1.0910829145592469	0.48968341255675635	0.7587223539725213	0.4499503897774757	1.0462569606388545	0.9059285926926814	1.1894785851131575	0.8904437730070677	1.027874275201782	1.1689392483209289	1.1527222952792382	0.9286520303775297	1.2850705932946802	0.9320666494298729	0.975749259558945	-17.87271323499337	1.0127335935588737	0.7945709022351337
0.9006083512767789	0.8489255052250747	1.0777092276611668	0.48221931626103415	0.7483095800532629	0.442973439448741	1.0332454484226494	0.8941227653171983	1.1753461537309462	0.8787780309642255	1.015014400092915	1.154961209549695	1.1388676226483516	0.9166432480106946	1.2702460266525806	0.9200276350741051	0.9633295034024395	0.987373593558874	-17.63250695572972	0.7838058983789853
1.1372895298332144	1.0767740288630947	1.342124377378046	0.6354197588331408	0.9578902018542926	0.5866756744250258	1.2910443423206432	1.129715019647718	1.453541736476139	1.1117718995322299	1.2700357528583988	1.430361473234515	1.4120310908279892	1.1559932423916761	1.5609180552052913	1.1599366933966724	1.2102642653902684	1.238109902235134	1.2527048983789852	-22.41260194308248