-2.404284055502332862e+01 8.071237384211075172e-01 4.369787415592383817e-01 7.927697263952231399e-01 3.066242191921389360e+00 4.035099409956637295e-01 1.527702730091463845e+00 4.454760098809155688e-01 1.424651604940556204e+00 1.127339193841970344e+00 2.233295185307440978e+00 7.723404335745855942e-01 3.319426829972373372e-01 8.917313845272316630e-01 9.747757218925841016e-01 3.773431300561127522e-01 4.083941197009054447e-01 1.203707262756490426e+00 3.116901024859794589e+00 3.700615731303417810e+00
1.221398738421107577e+00 -2.845528999783122259e+01 5.609897903444455158e-01 9.833484632612415899e-01 3.436629526586135963e+00 5.201213080171571690e-01 1.809242391229392899e+00 5.713290573375866543e-01 1.696161048749434741e+00 1.365420477803537258e+00 2.567185543082555199e+00 9.596040414988591394e-01 4.319038769975729886e-01 1.097639740665192098e+00 1.192678015894807375e+00 4.880022818442347754e-01 5.261000040735832606e-01 1.451069794739727525e+00 3.488899662781193012e+00 4.087566234503459128e+00
1.914093741559238282e+00 1.623829790344445412e+00 -4.187947260244134640e+01 1.601450842498954641e+00 4.429952855088832742e+00 9.374702739067816148e-01 2.634642164975268042e+00 1.015671014720643139e+00 2.500536955447136389e+00 2.096562618567360037e+00 3.495498641582225119e+00 1.569393137799390159e+00 7.990198026719979030e-01 1.753440053195514770e+00 1.877147683363694863e+00 8.876372257003476429e-01 9.466778178004683353e-01 2.203044390783496009e+00 4.484960047409958683e+00 5.108443545025598276e+00
1.240534726395222886e+00 1.016838463261238834e+00 5.721008424989547647e-01 -2.883243713023122723e+01 3.467065137807517683e+00 5.306009813537828634e-01 1.833084319299525200e+00 5.825967749575813315e-01 1.719231198703122798e+00 1.385880648817467309e+00 2.594967877270665468e+00 9.759853670661698954e-01 4.409507520677261039e-01 1.115533234993074219e+00 1.211534643134009936e+00 4.979717006398163281e-01 5.366732727021934490e-01 1.472260430521561414e+00 3.519450419094801497e+00 4.119176339646794638e+00
1.692171919213891762e-01 1.253295265861355812e-01 5.581285508883283841e-02 1.222751378075176282e-01 -5.170992431928551625e+00 5.047554016318163417e-02 3.171923753743641772e-01 5.719317840234727779e-02 2.849989331026921979e-01 2.011331485924671147e-01 5.826103340052228852e-01 1.179781897524212197e-01 3.959957265263531340e-02 1.439269447837454030e-01 1.631744777394528445e-01 4.641370522254688324e-02 5.124451673203556101e-02 2.214146151579549915e-01 1.029010218258838538e+00 1.391991970584770755e+00
2.008404940995663246e+00 1.710741308017156737e+00 1.065250273906781509e+00 1.687730981353782411e+00 4.552395540163181487e+00 -4.368769470241861086e+01 2.742225633294486098e+00 1.081584803880321966e+00 2.606104393541810893e+00 2.194852410281586508e+00 3.612464312816671352e+00 1.654752433381655896e+00 8.550828377271491032e-01 1.843830742100042164e+00 1.970593566642509620e+00 9.479120412469340673e-01 1.009615623887436531e+00 2.303444579775759227e+00 4.607624654895961847e+00 5.233083624509715648e+00
6.105617300914638612e-01 4.778263912293931326e-01 2.403861649752683793e-01 4.681783192995251919e-01 2.297076375374364599e+00 2.201896332944867363e-01 -1.591897420126561258e+01 2.455506322428520349e-01 9.211912472731715873e-01 7.011830703836833267e-01 1.569935726637337270e+00 4.545039361880480744e-01 1.778093394735679178e-01 5.353554257406584194e-01 5.928852388838595777e-01 2.045642344426767678e-01 2.231223652791088363e-01 7.566022296214055531e-01 2.342791243969232884e+00 2.879260896865510677e+00
1.891411009880915595e+00 1.602989057337586898e+00 9.844910147206453743e-01 1.580766774957581333e+00 4.400153178402346654e+00 9.226248038803230855e-01 2.608626632242851962e+00 -4.144427034101794760e+01 2.475030228130005838e+00 2.072884868709216288e+00 3.467101530326020420e+00 1.548937421973425987e+00 7.857460937269676871e-01 1.731734618416367111e+00 1.854680925018689530e+00 8.733406860333746691e-01 9.317329068935545910e-01 2.178837477984498339e+00 4.455103302978396407e+00 5.078077809405177945e+00
6.694996049405558258e-01 5.267340487494344137e-01 2.682699554471359993e-01 5.163141987031222291e-01 2.426871933102692225e+00 2.460573935418108316e-01 1.083180247273171748e+00 2.739432281300054339e-01 -1.719313715686822874e+01 7.663970488183615704e-01 1.678578782807468528e+00 5.015353294795155126e-01 1.993020643162606576e-01 5.887408930788182726e-01 6.505473139891863044e-01 2.288425100299671666e-01 2.492855187721070287e-01 8.254489525837610531e-01 2.473606550290671890e+00 3.019981582814182275e+00
8.826311938419705294e-01 7.064374778035372726e-01 3.747396185673597668e-01 6.934076488174673036e-01 2.853450148592467261e+00 3.452494102815871213e-01 1.373616070383683274e+00 3.822418687092163370e-01 1.276841048818361690e+00 -2.165599565510385460e+01 2.045356215130872179e+00 6.748839377404406425e-01 2.825247235581721528e-01 7.834789953352526704e-01 8.594764414971873823e-01 3.222612307198081116e-01 3.495469795893820231e-01 1.070751245171486676e+00 2.902983391249559730e+00 3.476118009296039535e+00
3.344001853074408670e-01 2.540155430825550842e-01 1.194886415822254133e-01 2.483078772706657500e-01 1.580740334005223069e+00 1.086743128166717115e-01 5.881817266373370323e-01 1.222715303260206027e-01 5.348357828074686848e-01 3.911692151308724386e-01 -9.557219378593046599e+00 2.402509628883450765e-01 8.635229144336305229e-02 2.884363426130763797e-01 3.235010138739184415e-01 1.003844848362962505e-01 1.102377845137904183e-01 4.265988310826887564e-01 1.618977618868736146e+00 2.080394899506351258e+00
1.268525433574585914e+00 1.041514041498859733e+00 5.884631377993904122e-01 1.024405367066170358e+00 3.511188189752421529e+00 5.460424333816563669e-01 1.867829936188048157e+00 5.991874219734261153e-01 1.752872329479515878e+00 1.415776937740440777e+00 2.635330962888345230e+00 -2.938310952169732815e+01 4.542991277960640173e-01 1.141732521733047845e+00 1.239122855273986579e+00 5.126683017257270825e-01 5.522512871299471993e-01 1.503206294818018041e+00 3.563736168204291843e+00 4.164956773673383239e+00
2.242187682997237808e+00 1.927873876997573399e+00 1.232149802671998140e+00 1.903430752067726273e+00 4.846869572652635405e+00 1.160432837727150002e+00 3.005195339473567984e+00 1.250056093726967577e+00 2.864699064316261090e+00 2.437477723558172382e+00 3.895492291443363619e+00 1.868359127796064278e+00 -4.816483654242158252e+01 2.068824594157333330e+00 2.202442858267577908e+00 1.102957851629558617e+00 1.171020737061644557e+00 2.550728492367677180e+00 4.902557512510377080e+00 5.532080330998697448e+00
1.116696384527231745e+00 9.083297406651923422e-01 5.012900531955148953e-01 8.927332349930746647e-01 3.265916944783745723e+00 4.639007421000426179e-01 1.677461425740658596e+00 5.107646184163672221e-01 1.568857893078818844e+00 1.253151995335253011e+00 2.412296342613076572e+00 8.705125217330479392e-01 3.835445941573331075e-01 -2.638084421878802388e+01 1.089566690926506043e+00 4.345867635945124818e-01 4.693642627802824818e-01 1.334609993599650712e+00 3.317494709475858450e+00 3.909765307071857876e+00
1.025655721892582584e+00 8.292830158948073516e-01 4.509126833636946663e-01 8.146496431340096711e-01 3.111079477739452592e+00 4.165785666425098621e-01 1.560906238883859487e+00 4.596259250186892631e-01 1.456579313989186275e+00 1.155064441497187344e+00 2.273276013873918089e+00 7.938178552739865168e-01 3.430778582675776400e-01 9.154816909265056646e-01 -2.455954507212186755e+01 3.897183908457430013e-01 4.215905055392463741e-01 1.232591806497438602e+00 3.161955613598447012e+00 3.747700309243022332e+00
2.088288130056112912e+00 1.784672281844235098e+00 1.121467225700347514e+00 1.761151700639816520e+00 4.654383705222547185e+00 1.053962041246934378e+00 2.832650234442676940e+00 1.138350686033375192e+00 2.694939510029967344e+00 2.277914230719808586e+00 3.710224484836296188e+00 1.727428301725727033e+00 9.036578516295584729e-01 1.920566763594512727e+00 2.049783390845743458e+00 -4.521807965472922319e+01 1.063916329349771539e+00 2.388186124747659456e+00 4.709783100848369486e+00 5.336753561215761721e+00
1.994119119700904941e+00 1.697550004073582919e+00 1.055287817800468542e+00 1.674633272702193088e+00 4.533994516732034796e+00 9.904456238874335128e-01 2.725988365279108372e+00 1.071522906893555005e+00 2.590162518772106903e+00 2.179979979589381944e+00 3.594857784513789678e+00 1.641791287129946708e+00 8.465007370616438598e-01 1.830124262780282063e+00 1.956435505539246167e+00 9.386963293497718741e-01 -4.341390825599288661e+01 2.288261541400444354e+00 4.589191532051319022e+00 5.214365150735673637e+00
8.206842627564902015e-01 6.537717947397275742e-01 3.429063907834959957e-01 6.414724305215613320e-01 2.735416615157955089e+00 3.155265797757597079e-01 1.290720229621405313e+00 3.498794779844983660e-01 1.197577952583761096e+00 9.324362451714865996e-01 1.942470831082688809e+00 6.239982948180177180e-01 2.574604923676768742e-01 7.266219935996505175e-01 7.986888064974382306e-01 2.942181247476590711e-01 3.195135414004445784e-01 -2.037839952844435842e+01 2.784252867756233485e+00 3.350782597078408198e+00
1.624060248597943013e-01 1.201296627811930251e-01 5.335004740995872435e-02 1.171904190948013097e-01 9.715402182588399604e-01 4.823465489596157063e-02 3.054372439692326635e-01 5.467330297839654435e-02 2.742635502906722311e-01 1.931963912495598679e-01 5.633776188687357189e-01 1.130561682042918459e-01 3.781751251037714784e-02 1.380347094758579973e-01 1.565806135984473546e-01 4.434310084836882992e-02 4.897153205131919707e-02 2.127808677562334216e-01 -4.972284059888472108e+00 1.356900420786430139e+00
1.011707313034174716e-01 7.384623450345907669e-02 3.188354502559832826e-02 7.196633964679460815e-02 6.895719705847707104e-01 2.874362450971665664e-02 1.969568968655104613e-01 3.269780940517787171e-02 1.756885828141823980e-01 1.213810092960394965e-01 3.798448995063511413e-01 6.932677367338363483e-02 2.239033099869748578e-02 8.535530707185740029e-02 9.737530924302194302e-02 2.636356121576145448e-02 2.919515073567447577e-02 1.343605970784079728e-01 7.119504207864301160e-01 -3.080069094264252794e+00
