-1.707594713186698598e+01 8.905777910600379821e-01 8.708355475570385140e-01 9.050357143811014193e-01 1.046988689996009247e+00 1.180538756724298421e+00 9.223501850452324735e-01 7.604676674135243397e-01 9.409405311823043627e-01 8.612803737296657047e-01 9.317233725901823416e-01 8.729304117344379721e-01 5.425889250007897013e-01 8.939281412113411207e-01 9.444243232899248719e-01 8.891643722065186717e-01 8.361190087515474323e-01 7.397665190813946801e-01 1.022673819308231202e+00 1.023612981603406968e+00
1.118037791060038311e+00 -1.927601208311235936e+01 9.786294371047524754e-01 1.015635651374059423e+00 1.168524336722221335e+00 1.311406871353221648e+00 1.034344397646391522e+00 8.587097364099752772e-01 1.054412475738242705e+00 9.682776979190395039e-01 1.044465128249502106e+00 9.808981971727794846e-01 6.194473588311797396e-01 1.003624368129523603e+00 1.058170996501377914e+00 9.984707802998511461e-01 9.409918835455938213e-01 8.361278537993758198e-01 1.142414016965829227e+00 1.143423104289404524e+00
1.141345547557038431e+00 1.021679437104751953e+00 -1.971164469847878209e+01 1.037538266796109721e+00 1.192490324462752493e+00 1.337121012295811928e+00 1.056510984521466634e+00 8.782611618949518473e-01 1.076858547888342343e+00 9.894970302590855304e-01 1.066773135704405906e+00 1.002301763332713369e+00 6.348804684674826948e-01 1.025355748125165389e+00 1.080668995940955890e+00 1.020128263123134538e+00 9.618074609288419508e-01 8.553196238268804263e-01 1.166042340115620801e+00 1.167064586133275128e+00
1.101385714381101666e+00 9.845256513740616722e-01 9.633782667961093837e-01 -1.896501639633692449e+01 1.151395611537410213e+00 1.293010659473664337e+00 1.018517912125138647e+00 8.447715461636979839e-01 1.038383883806550445e+00 9.531357738846338856e-01 1.028536383440872948e+00 9.656231836204276497e-01 6.084724337281658402e-01 9.881124809574399759e-01 1.042104847539053303e+00 9.830122971816329658e-01 9.261415412986533369e-01 8.224489557155498787e-01 1.125529847322133792e+00 1.126529405990626564e+00
9.544386899960092263e-01 8.485143367222213184e-01 8.294303244627524441e-01 8.624956115374102783e-01 -1.622957795035672035e+01 1.129720975396753424e+00 8.792451800899023784e-01 7.229054764881163164e-01 8.972360851184841835e-01 8.201968244461920188e-01 8.883152206553580621e-01 8.314549361782790360e-01 5.135173959615221273e-01 8.517538289781693139e-01 9.006083512767788513e-01 8.471477590518795564e-01 7.958923097466871210e-01 7.029573550881411670e-01 9.764183305395028878e-01 9.773289586225595293e-01
8.388787567242983467e-01 7.422868713532217999e-01 7.249510122958122693e-01 7.550006594736643484e-01 8.806109753967537035e-01 -1.409036007574789195e+01 7.702463323534887163e-01 6.285819748892531589e-01 7.866393389099226585e-01 7.165709005303069201e-01 7.785085543158181132e-01 7.267891662320038471e-01 4.413251468369263075e-01 7.452316932841840380e-01 7.897140828755646602e-01 7.410447801129793621e-01 6.945366186482797577e-01 6.106137247287815040e-01 8.589977018408602172e-01 8.598317849457715045e-01
1.081890185045232267e+00 9.664243976463928743e-01 9.455409845214671760e-01 9.817079121251355289e-01 1.131335180089902082e+00 1.271446332353488584e+00 -1.860117233177679097e+01 8.284856715818389450e-01 1.019626746787004379e+00 9.354276780835405480e-01 1.009897439197873670e+00 9.477577036511503072e-01 5.956780619712686020e-01 9.699668197050059781e-01 1.023303248853673741e+00 9.649298114499773593e-01 9.087781577939667566e-01 8.064691428020184238e-01 1.105759296177494910e+00 1.106747561940359059e+00
1.285216667413524361e+00 1.155998736409975303e+00 1.132500161894951285e+00 1.173170546163698091e+00 1.340204476488116248e+00 1.494990974889253366e+00 1.193694671581838840e+00 -2.240902315291107882e+01 1.215682977406943976e+00 1.121105660594744036e+00 1.204787281211242789e+00 1.134996411307505060e+00 7.319512732214964457e-01 1.159980740744641192e+00 1.219798060531924522e+00 1.154318337769337566e+00 1.091033145966771478e+00 9.749212193286164174e-01 1.311786368672093639e+00 1.312885441314399548e+00
1.061480531182305231e+00 9.474924757382426899e-01 9.268885478883427398e-01 9.625738838065497349e-01 1.110326085118484629e+00 1.248839338909922603e+00 9.806267467870052323e-01 8.114739774069441580e-01 -1.822056728366201739e+01 9.169119870962993968e-01 9.903959442168224214e-01 9.290754164704030371e-01 5.823473316002870659e-01 9.509878714461370564e-01 1.003629380204496213e+00 9.460177635591282552e-01 8.906272426219205007e-01 7.897807618927734641e-01 1.085057857648593638e+00 1.086034140067357656e+00
1.152870373729665276e+00 1.032407697919040634e+00 1.010577030259085296e+00 1.048375773884632878e+00 1.204336824446192056e+00 1.349820900530306789e+00 1.067477678083541104e+00 8.879466605947436975e-01 1.087961987096299765e+00 -1.992719191480918184e+01 1.077809027338613390e+00 1.012894954595996211e+00 6.425422364032832290e-01 1.036109437043891690e+00 1.091797838199584536e+00 1.030845776091291244e+00 9.721126550280844159e-01 8.648286887896282638e-01 1.177723849084074903e+00 1.178752525691225905e+00
1.071533372590182109e+00 9.568151282495035437e-01 9.360731357044048684e-01 9.719963834408743564e-01 1.120675220655358517e+00 1.259978554315818178e+00 9.901674391978702028e-01 8.198482812112425355e-01 1.009665944216821210e+00 9.260290273386131421e-01 -1.840799706328277097e+01 9.382747497877929055e-01 5.889052702349525381e-01 9.603337559531635037e-01 1.013318608513004149e+00 9.553305979920451163e-01 8.995641100845179761e-01 7.979954446131106716e-01 1.095254916796720934e+00 1.096237122386775953e+00
1.138840411734437952e+00 1.019348197172781578e+00 9.977017633327224244e-01 1.035183183620428382e+00 1.189914936178279037e+00 1.334359166232003790e+00 1.054127703651148940e+00 8.761574113075049075e-01 1.074445416470402703e+00 9.872149545959940653e-01 1.064374749787793117e+00 -1.966480396004547870e+01 6.332177180491153079e-01 1.023018958622558650e+00 1.078250318898876126e+00 1.017799368829735762e+00 9.595685382914904693e-01 8.532543469137404690e-01 1.163502987378294939e+00 1.164523828978169417e+00
1.662034925000789753e+00 1.511433358831179685e+00 1.483816468467482608e+00 1.531568433728165868e+00 1.725513395961522312e+00 1.902431146836926157e+00 1.555584061971268639e+00 1.326648273221496366e+00 1.581253331600287027e+00 1.470398236403283265e+00 1.568541270234952378e+00 1.486753718049115269e+00 -2.953587022769957926e+01 1.516105967838617508e+00 1.586050547857588811e+00 1.509460898069536539e+00 1.434899022324251039e+00 1.296607194186665923e+00 1.692750581695782630e+00 1.694019395420663265e+00
1.114148141211341647e+00 9.963843681295220245e-01 9.750657481251668868e-01 1.011982480957440478e+00 1.164523828978169417e+00 1.307111693284183973e+00 1.030646819705007378e+00 8.554517407446412536e-01 1.050667871446138379e+00 9.647394370438903133e-01 1.040743755953163818e+00 9.773289586225594183e-01 6.168799678386174268e-01 -1.920335069350943868e+01 1.054417653878688688e+00 9.948588408176942677e-01 9.375214973554772957e-01 8.329302494878876306e-01 1.138470384381068623e+00 1.139477255548778656e+00
1.057714323289925540e+00 9.440009965013776982e-01 9.234489959409554194e-01 9.590448475390516148e-01 1.106448351276778652e+00 1.244664082875564848e+00 9.770532488536742832e-01 8.083390605319242805e-01 9.963793802044929038e-01 9.134978381995848551e-01 9.867986085130022733e-01 9.256303188988765918e-01 5.798945478575888712e-01 9.474876538786888291e-01 -1.815036770055075976e+01 9.425299771794749537e-01 8.872808455233465175e-01 7.867058321574883495e-01 1.081237369203411625e+00 1.082211422125547884e+00
1.119684372206518841e+00 1.001530780299884960e+00 9.801382631231332354e-01 1.017182297181629780e+00 1.170217759051879858e+00 1.313224780112979273e+00 1.035909811449977402e+00 8.600893377693377140e-01 1.055997763559128666e+00 9.697757760912915082e-01 1.046040597992046406e+00 9.824093688297378391e-01 6.205348980695362116e-01 1.005158840817696575e+00 1.059759977179475454e+00 -1.930677465754974875e+01 9.424612715836003796e-01 8.374819221351166298e-01 1.144083408186329587e+00 1.145093431910451098e+00
1.184012008751547107e+00 1.061424883545593723e+00 1.039190460928842707e+00 1.077684541298653320e+00 1.236335309746686928e+00 1.384089618648279618e+00 1.097131157793966638e+00 9.141771459667716870e-01 1.117980242621920528e+00 1.028415655028087183e+00 1.107647110084517550e+00 1.041551538291490386e+00 6.633460223242509946e-01 1.065194497355477221e+00 1.121883845523346634e+00 1.059834271583600218e+00 -2.051009698950701576e+01 8.905870341983807004e-01 1.209282919927993305e+00 1.210328725887609425e+00
1.315099519081394552e+00 1.184000853799375585e+00 1.160142623826880826e+00 1.201431955715549948e+00 1.370840355088141171e+00 1.527606724728781229e+00 1.222262142802018614e+00 1.025505219328616269e+00 1.244573761892773245e+00 1.148571688789628231e+00 1.233518444613110887e+00 1.162677346913740362e+00 7.524941941866656325e-01 1.188043249487887421e+00 1.248748832157488220e+00 1.182294922135116666e+00 1.118027034198381120e+00 -2.297102593869235676e+01 1.342036471659543428e+00 1.343150598287264463e+00
9.776638193082332062e-01 8.699440169658294586e-01 8.505223401156207785e-01 8.841698473221337728e-01 1.023958330539501471e+00 1.155647701840860408e+00 9.012092961774949007e-01 7.420273686720936235e-01 9.195078576485938848e-01 8.411238490840748927e-01 9.104349167967211720e-01 8.525829873782951873e-01 5.282945816957826946e-01 8.732403843810688793e-01 9.229373692034116283e-01 8.685534081863295341e-01 8.163799199279936358e-01 7.216934716595431176e-01 -1.666081675211190216e+01 1.000925285208319249e+00
9.767529816034073997e-01 8.691031042894044045e-01 8.496945861332751981e-01 8.833194059906265272e-01 1.023018958622558872e+00 1.154631784945771455e+00 9.003475619403591423e-01 7.412764413143996256e-01 9.186341400673579960e-01 8.403025256912259877e-01 9.095671223867761723e-01 8.517538289781693139e-01 5.277133954206634225e-01 8.723972555487782277e-01 9.220614221255473142e-01 8.677134319104512494e-01 8.155757258876094040e-01 7.209575982872644673e-01 9.990752852082898094e-01 -1.664389655635193321e+01
