-1.274240480282070465e+01 1.334064569934893862e+00 7.809068879086186188e-01 6.898175193222789714e-01 1.952582077398893334e-01 1.045161025866932158e+00 2.891600071194655452e-01 3.560780083915006111e-01 1.262123719818203815e+00 5.872814927509212302e-01 1.330485714077629611e+00 1.234620672826365562e+00 6.894198828507240584e-02 8.722086545436480431e-01 9.199534363556353123e-01 7.187691400552617127e-01 4.709500974498634362e-01 3.490294804014727470e-01 4.660544556213933043e-02 1.909887344109115481e-01
7.269855699348938272e-01 -8.890060800350207515e+00 5.544308788556104872e-01 4.844126215577764794e-01 1.262139976080763060e-01 7.632290602770535060e-01 1.908505725691739263e-01 2.380175425531135813e-01 9.402831973384138120e-01 4.069251249278326155e-01 9.970179700732517691e-01 9.175817122477327725e-01 4.280095699413216659e-02 6.256552946809317284e-01 6.632962941741320506e-01 5.065504151053051851e-01 3.208623669922954780e-01 2.330094901644922112e-01 2.861507882456133800e-02 1.233226554714262901e-01
1.256677887908618896e+00 1.637280878855610577e+00 -1.644309778101603214e+01 8.912476280985062171e-01 2.706915324945393109e-01 1.308826969610324520e+00 3.936145341405347664e-01 4.794305100066663661e-01 1.556261648469947190e+00 7.671550633172683487e-01 1.633261504080775861e+00 1.525160371066468512e+00 9.909430407031886989e-02 1.107750831528849567e+00 1.163637595768169275e+00 9.259568714026068514e-01 6.239090147766759298e-01 4.704533320893043991e-01 6.766497931345127892e-02 2.650223240173973926e-01
1.391599519322279210e+00 1.793273621557776476e+00 1.117258628098505957e+00 -1.841993840619724665e+01 3.145016208132643265e-01 1.446968449350771513e+00 4.531149766727186612e-01 5.488926624731725878e-01 1.708212459422695950e+00 8.653418581513850905e-01 1.789058879237138022e+00 1.675500004990443603e+00 1.172955550533425206e-01 1.232811987166653189e+00 1.292519057881341693e+00 1.037496766366059253e+00 7.086085693238209915e-01 5.389075250595374289e-01 8.051355484162622811e-02 3.080627104147088402e-01
2.889919207739889195e+00 3.427953997608076619e+00 2.489581532494539395e+00 2.307380620813264116e+00 -4.186921162669498386e+01 2.967062080021811266e+00 1.314645700656806193e+00 1.512080846472283469e+00 3.317827487213692805e+00 2.087774411044107659e+00 3.422539186891209617e+00 3.274983273899709779e+00 4.559446984648813928e-01 2.662203917909522932e+00 2.749026970336879483e+00 2.366484467464446961e+00 1.814934833943562253e+00 1.492122013089121735e+00 3.324037994617958791e-01 9.843425811693873317e-01
9.561590258669331321e-01 1.281306060277053405e+00 7.440539696103245504e-01 6.561844493507713594e-01 1.833990800218112671e-01 -1.211806067909062179e+01 2.724768458870399090e-01 3.361898698432073673e-01 1.211128439495228193e+00 5.575229612131860080e-01 1.277813034003116854e+00 1.184321027107613666e+00 6.434726202243626347e-02 8.323204178960744715e-01 8.785495570466221871e-01 6.840909675729656136e-01 4.459441825403082649e-01 3.294706623877349805e-01 4.342370751439818266e-02 1.793591594337959338e-01
2.409251007119465271e+00 2.918020572569173687e+00 2.037934534140534826e+00 1.871423976672718537e+00 7.400757006568061680e-01 2.481569845887039438e+00 -3.404907698272500483e+01 1.167645031032591874e+00 2.813103097968886690e+00 1.673092015906064933e+00 2.912853378915855718e+00 2.772386490905843104e+00 3.165993599662800806e-01 2.197179186171196452e+00 2.277780820454387456e+00 1.925252310667874500e+00 1.430713347005365454e+00 1.150551862217980892e+00 2.262471411291203660e-01 7.273973033378187125e-01
2.157749008391500745e+00 2.646767542553114083e+00 1.805330510006666778e+00 1.648781662473172815e+00 6.190908464722836291e-01 2.226862869843207804e+00 8.492250310325922813e-01 -3.006811345970161753e+01 2.545421675400497907e+00 1.463691619682147671e+00 2.641770713654382430e+00 2.506156568877292212e+00 2.560896573945761201e-01 1.955943027527151212e+00 2.032484725677494275e+00 1.699279649568009809e+00 1.239775292334550638e+00 9.845503923407358249e-01 1.811515257285330471e-01 6.079911407437068593e-01
7.769547198182039649e-01 1.062193197338413553e+00 5.953216484699470623e-01 5.212614594226956388e-01 1.379974872136928432e-01 8.149614394952282570e-01 2.078430979688868363e-01 2.585816754004978679e-01 -9.588868503056067638e+00 4.390253270990924217e-01 1.059089922755831026e+00 9.763297593314551603e-01 4.715427924871082310e-02 6.704371662040857771e-01 7.100509499449169093e-01 5.447016028520430542e-01 3.473075008244672635e-01 2.532026433485283778e-01 3.159118571299662087e-02 1.348634406063763946e-01
1.571673492750921497e+00 1.998396124927832584e+00 1.275776063317268116e+00 1.147951858151384563e+00 3.775054110441075639e-01 1.630916961213186189e+00 5.373930159060649192e-01 6.464126196821471382e-01 1.908586327099092372e+00 -2.109281821579242333e+01 1.993952473582904616e+00 1.873973525835945786e+00 1.442983150853646146e-01 1.400915136917237680e+00 1.465279036783518674e+00 1.188924339889531501e+00 8.260153260722360447e-01 6.350965051909591708e-01 9.974280559395042045e-02 3.700088767487656471e-01
7.293767140776293845e-01 1.002987970073236257e+00 5.563815040807758017e-01 4.861678792371380564e-01 1.267691868912096398e-01 7.657060340031167645e-01 1.916533789158554879e-01 2.389907136543821253e-01 9.431499227558320930e-01 4.084514735829045118e-01 -8.923437711399804684e+00 9.204010538592339863e-01 4.300500625869929650e-02 6.277944439530780407e-01 6.655311902831596571e-01 5.083685699492137555e-01 3.221170101625260296e-01 2.339649447049090558e-01 2.875438093451004526e-02 1.238663340223947751e-01
7.971716728263654739e-01 1.087211712247733608e+00 6.119403710664684803e-01 5.362690049904436096e-01 1.428732738997099405e-01 8.358740271076134931e-01 2.148464909058429573e-01 2.670365688772918800e-01 1.024049759331456144e+00 4.521325258359460975e-01 1.084061053859233237e+00 -9.872385097616568572e+00 4.896920928778943083e-02 6.886015696361775795e-01 7.289970330606798665e-01 5.602289146038581524e-01 3.581406627834325396e-01 2.615070309536979831e-01 3.283445336164895340e-02 1.396397629811790275e-01
4.171772988285072259e+00 4.752710956994131486e+00 3.726154304070318890e+00 3.518344555053342315e+00 1.864114698464881537e+00 4.256180262022436267e+00 2.299339359966280139e+00 2.557249657394575770e+00 4.635154279248711262e+00 3.262737315085364909e+00 4.746945006258699529e+00 4.589249209287789455e+00 -6.398219279048271346e+01 3.919985400107782514e+00 4.016476143017634115e+00 3.586147491286210798e+00 2.935727355028025620e+00 2.531621146351797247e+00 7.707720828587288908e-01 1.841510579700933681e+00
1.139702654543647942e+00 1.500228294680931995e+00 8.994738315288496322e-01 7.985239871666532929e-01 2.350369179095230521e-01 1.188816417896074507e+00 3.445821861711965139e-01 4.217660275271510883e-01 1.423100166204085859e+00 6.840171369172374227e-01 1.496397443953078277e+00 1.393544569636177233e+00 8.464840010778244828e-02 -1.474690906465701801e+01 1.052325488967493561e+00 8.306847334211924228e-01 5.528386995670235837e-01 4.136670694219579114e-01 5.753817091427584213e-02 2.300168681226846812e-01
1.084560436355635149e+00 1.434982294174132367e+00 8.524735957681692788e-01 7.553440578813415129e-01 2.189729703368798186e-01 1.132158557046622160e+00 3.222968204543877335e-01 3.954207256774941448e-01 1.359826949944916930e+00 6.454940367835189097e-01 1.431247190283159609e+00 1.331053033060679791e+00 7.825214301763439018e-02 9.494384889674931660e-01 -1.395296661256431214e+01 7.862599384863063756e-01 5.201206870440066021e-01 3.877363991118075170e-01 5.307574558357290584e-02 2.142525425865532684e-01
1.346472140055261946e+00 1.741332415105305120e+00 1.077888871402606252e+00 9.634177663660586921e-01 2.995264674644474989e-01 1.400795967572965761e+00 4.328643106678746189e-01 5.253116495680095754e-01 1.657573602852043360e+00 8.322353398895318000e-01 1.737180569949213993e+00 1.625380914603858029e+00 1.110194912862112471e-01 1.190893733421192424e+00 1.249355938486306217e+00 -1.775629235239851411e+01 6.799605792514393787e-01 5.156628394603529619e-01 7.607241413428383892e-02 2.933473408615508982e-01
1.826179097449863509e+00 2.283170366992295364e+00 1.503367014776675781e+00 1.362055569323820992e+00 4.755028339435624640e-01 1.890175182540308585e+00 6.658513470053654126e-01 7.933332923345504106e-01 2.187705500824467020e+00 1.196852326072236128e+00 2.278455010162526051e+00 2.150818662783432700e+00 1.881253550280255760e-01 1.640573699567023480e+00 1.710742687044006338e+00 1.407486579251439052e+00 -2.493837268600607615e+01 7.801778645955764757e-01 1.313357343185138359e-01 4.664645619923897812e-01
2.181760480401472524e+00 2.672819490164492162e+00 1.827413332089304232e+00 1.669856525059536967e+00 6.301920130891217608e-01 2.251203662387735172e+00 8.631918622179812761e-01 1.015610392340734913e+00 2.571102643348528005e+00 1.483435505190959347e+00 2.667804944704909254e+00 2.531687030953698070e+00 2.615211463517968515e-01 1.978904069421957734e+00 2.055860399111807180e+00 1.720690839460352839e+00 1.257679864595576236e+00 -3.044484806287441003e+01 1.851721080993246893e-01 6.189417538851211820e-01
4.649376445562139359e+00 5.238465078824560806e+00 4.194664979313451170e+00 3.981502554841625852e+00 2.240513799461795852e+00 4.735196707514397474e+00 2.708927141129120031e+00 2.982251525728532471e+00 5.119531185712996368e+00 3.718121805593950668e+00 5.232634380934509721e+00 5.073054453361648619e+00 1.270712082858728609e+00 4.392815170914275313e+00 4.491239745583572862e+00 4.051140414134283496e+00 3.378877734318513681e+00 2.955212108099324553e+00 -7.263013237443993830e+01 2.215895060552524054e+00
2.917129734410911723e+00 3.456542655471426695e+00 2.515392324017397652e+00 2.332421710414708915e+00 1.015822581169392169e+00 2.994502159433795718e+00 1.333447303337818912e+00 1.532461140743706984e+00 3.346173440606376559e+00 2.111757876748765916e+00 3.451116334022394927e+00 3.303229762981179096e+00 4.648205797009336004e-01 2.688663868122684431e+00 2.775786542586553107e+00 2.391785340861550591e+00 1.837376561992389634e+00 1.512351753885121441e+00 3.392650605525245888e-01 -4.232004673105964088e+01
