-2.755820751021194681e+01 1.165650168635077755e+00 3.786057681023176968e+00 2.920938704399576480e+00 1.516102092171195181e+00 9.796400794088226949e-01 9.610589766627829489e-01 1.271895167414715200e+00 1.264487194479416043e+00 1.209495992657320773e+00 1.295249314113460004e+00 2.185690986272302183e+00 7.070381951580051449e-01 1.484674316803162641e+00 1.114625820151052826e+00 9.766200962227310489e-01 1.156164114093068518e+00 1.166666671909706743e+00 1.005469937180255346e+00 1.390682001456120531e+00
8.508401686350784976e-01 -2.398028337245383312e+01 3.496273587297990648e+00 2.652614072324078531e+00 1.320505551679320932e+00 8.326228691314487840e-01 8.160203540385037035e-01 1.096497369357000817e+00 1.089749200601793255e+00 1.039748075755900336e+00 1.117790400021706487e+00 1.947705018544133804e+00 5.914303410245209669e-01 1.291515599307154094e+00 9.538815337960456775e-01 8.299229528059458572e-01 9.914147105778715607e-01 1.000920282133316963e+00 8.557389420453825890e-01 1.205092343376641395e+00
9.438768102317714181e-02 1.194135872979902868e-01 -2.982623474319293422e+00 5.952561743130012628e-01 1.822634162398157898e-01 9.150822697716093357e-02 8.891712594132221426e-02 1.370078838461065707e-01 1.357409537194320392e-01 1.265252648290252635e-01 1.410418897698204055e-01 3.442990405250607733e-01 5.691797211180751881e-02 1.760511260817257118e-01 1.113974806937905460e-01 9.108471254303891762e-02 1.179022511359605896e-01 1.195761116539132141e-01 9.516849401096771910e-02 1.581640816061772314e-01
1.903987043995768180e-01 2.368840723240787649e-01 1.556386174313001192e+00 -6.212176660959599417e+00 3.493471558727305193e-01 1.849761460412301661e-01 1.800826083495512264e-01 2.689373501847727721e-01 2.666452345136370861e-01 2.498986695016292003e-01 2.762197364057759619e-01 6.191799600091932865e-01 1.184347538723164173e-01 3.384679139341291720e-01 2.221143705157544168e-01 1.841772135652031683e-01 2.341076725044892171e-01 2.371824132802935192e-01 1.918663432359268561e-01 3.068701681363100731e-01
6.168820921711954952e-01 7.360955516793210585e-01 2.974713416239815889e+00 2.180667155872730856e+00 -1.814712526321322628e+01 6.024947663088043859e-01 5.894167380676644807e-01 8.144911718402757517e-01 8.089778840538879301e-01 7.682708201012383720e-01 8.319175638384503912e-01 1.541645970782538511e+00 4.158882441871147306e-01 9.757295856662623335e-01 6.989739339939803342e-01 6.003657874179781917e-01 7.291678115384682135e-01 7.368386210352545485e-01 6.207575593428431571e-01 9.038305890754021465e-01
1.020640079408822620e+00 1.188432869131448522e+00 3.824178226977160922e+00 2.956516146041229920e+00 1.542714766308804553e+00 -2.804639782635372924e+01 9.811598243283878862e-01 1.295933158576464184e+00 1.288440479294628904e+00 1.232807411737267822e+00 1.319551668012279189e+00 2.217589122219566722e+00 7.232437810869604133e-01 1.510978146741083661e+00 1.136773592939420485e+00 9.969381314063902044e-01 1.178830394441933160e+00 1.189461804379136733e+00 1.026184630441308032e+00 1.416023592881438198e+00
1.039978976662782495e+00 1.209750354038503728e+00 3.859507125941322059e+00 2.989542608349550878e+00 1.567556738067664268e+00 1.019079824328387618e+00 -2.850242460277908663e+01 1.318407552069184918e+00 1.310836858393026993e+00 1.254612383320022451e+00 1.342269489502692315e+00 2.247268262471384670e+00 7.384720567949288883e-01 1.535536497866642147e+00 1.157505269641774470e+00 1.015979215589865925e+00 1.200040497999089295e+00 1.210790755191007984e+00 1.045592511671991742e+00 1.439697624879260562e+00
7.699251674147155056e-01 9.093373693570002692e-01 3.326707883846106828e+00 2.497507350184772879e+00 1.211741171840275744e+00 7.529631585764643420e-01 7.375175520691852338e-01 -2.199753858877765111e+01 9.936485043718580323e-01 9.466392658973337149e-01 1.020052265301123917e+00 1.812376525867047894e+00 5.298791932990454256e-01 1.184244604507459053e+00 8.661349022446513946e-01 7.504505382886431653e-01 9.012885110634303309e-01 9.102003217103830091e-01 7.744888808859442531e-01 1.102435422052209901e+00
7.752471944794162573e-01 9.153192006017938365e-01 3.338170953719432177e+00 2.507945234513636823e+00 1.218957884053887719e+00 7.582004792946289706e-01 7.426768583930272172e-01 1.006378504371858496e+00 -2.212896948291153976e+01 9.527872423908327892e-01 1.026515289801376740e+00 1.821428589361332229e+00 5.339012877478506169e-01 1.191358964397369213e+00 8.719189749194802275e-01 7.556752255174222777e-01 9.072339381335967623e-01 9.161860442098456181e-01 7.798335277646862851e-01 1.109234089240065835e+00
8.162159926573209212e-01 9.612780757559001854e-01 3.424915264829025308e+00 2.587158669501628872e+00 1.274210820101238095e+00 7.985274117372673786e-01 7.824123833200224976e-01 1.055329265897333668e+00 1.048747242390832390e+00 -2.313581894483472823e+01 1.076102754464837608e+00 1.890385477423930816e+00 5.649881971453010188e-01 1.245843802587322857e+00 9.163839895491041609e-01 7.959064029556535136e-01 9.529179315852620569e-01 9.621742985230469225e-01 8.209736807083476418e-01 1.161347283701351873e+00
7.534393141134601013e-01 8.907904000217065077e-01 3.290901889769820343e+00 2.464949736405775305e+00 1.189327563838449953e+00 7.367416680122789163e-01 7.215394895026923106e-01 9.802122653011270392e-01 9.739452898013742921e-01 9.275727544648368905e-01 -2.158944584198250638e+01 1.784193831071720249e+00 5.174441078483860146e-01 1.162151931505377211e+00 8.482060519782529395e-01 7.342684711801054087e-01 8.828553502944713749e-01 8.916411867306540673e-01 7.579324232086420698e-01 1.081332116933375609e+00
3.478899862723025538e-01 4.247140185441336535e-01 2.198168040525060984e+00 1.511918960009193347e+00 6.030649707825384009e-01 3.387881222195666120e-01 3.305472624713844398e-01 4.765455258670476812e-01 4.728675893613322190e-01 4.458644774239308162e-01 4.882028310717203001e-01 -1.091960374570954428e+01 2.242967317109095804e-01 5.862150680887164844e-01 4.005282161354702386e-01 3.374444584144832282e-01 4.201826907520366250e-01 4.252005277346046497e-01 3.503481253060438672e-01 5.368161430190678818e-01
1.364488195158005679e+00 1.563690341024521091e+00 4.406037972111807477e+00 3.506424753872316558e+00 1.972558244187114784e+00 1.339693781086960467e+00 1.317002056794929210e+00 1.689299193299045099e+00 1.680591287747850604e+00 1.615718197145301183e+00 1.716704107848386229e+00 2.719547731710909577e+00 -3.598345234744761711e+01 1.936492760701430615e+00 1.502789753596187827e+00 1.336009861331854287e+00 1.552397526649947457e+00 1.564899670190393666e+00 1.371137290440823220e+00 1.827969622549838968e+00
6.343943168031629387e-01 7.560455993071538705e-01 3.017441126081725766e+00 2.218727913934129159e+00 1.024669585666264204e+00 6.196981467410836997e-01 6.063364978666423433e-01 8.359346045074590448e-01 8.303189643973689638e-01 7.888438025873230064e-01 8.536819315053769675e-01 1.573736068088716689e+00 4.287627607014307118e-01 -1.859531833877461793e+01 7.181872981880913498e-01 6.175231853176565977e-01 7.489818583932269513e-01 7.568032162473570246e-01 6.383524149933240688e-01 9.268790474471267915e-01
8.935158201510527975e-01 1.047581533796045683e+00 3.581957480693790608e+00 2.731544370515754494e+00 1.377083933993980214e+00 8.746635929394203091e-01 8.574752696417742293e-01 1.146994902244651282e+00 1.140048974919479763e+00 1.088553989549104761e+00 1.168906051978253036e+00 2.017219216135470283e+00 6.242297535961878197e-01 1.347357298188091246e+00 -2.501349456872337740e+01 8.718688798871330192e-01 1.038727385021855243e+00 1.048530541938469396e+00 8.985839449430252923e-01 1.258651628589842586e+00
1.023750096222733497e+00 1.191862952805945453e+00 3.829884712543038638e+00 2.961847213565202530e+00 1.546715787417977994e+00 1.003068131406363417e+00 9.841892155898668282e-01 1.299550538288642976e+00 1.292045225517421958e+00 1.236316402955653704e+00 1.323208471180105761e+00 2.222375458414483251e+00 7.256898613318543134e-01 1.514933185317656417e+00 1.140108879887133053e+00 -2.811982407967767728e+01 1.182243099337995984e+00 1.192893743770744308e+00 1.029305801104642315e+00 1.419835303020214878e+00
8.585741140930690518e-01 1.008634710577878568e+00 3.511982251135960631e+00 2.667057672504489219e+00 1.330797811538468212e+00 8.402403944419334358e-01 8.235304979990896168e-01 1.105668511063430115e+00 1.098883938133597082e+00 1.048607931585261888e+00 1.127075350294471034e+00 1.960393690752036955e+00 5.973575266499476788e-01 1.301671858393226966e+00 9.622473850218548064e-01 8.375230993379961797e-01 -2.416813851880717579e+01 1.009560273450036183e+00 8.635039458610289653e-01 1.214827555973397644e+00
8.500166719097068668e-01 9.990802821333437667e-01 3.494596111653913262e+00 2.651072413280293638e+00 1.319408621035254692e+00 8.318118043791367100e-01 8.152207551910081174e-01 1.095520321710383049e+00 1.088776044209845528e+00 1.038804298523046787e+00 1.116801186730653983e+00 1.946351527734604847e+00 5.907996701903935888e-01 1.290433216247357073e+00 9.529905419384694376e-01 8.291137437707444269e-01 9.905002734500391037e-01 -2.396026460260677027e+01 8.549121285774645695e-01 1.204054989941109932e+00
9.945499371802432043e-01 1.159628942045382249e+00 3.775918494010968018e+00 2.911486343235926366e+00 1.509057559342843247e+00 9.742646304413083991e-01 9.557525116719909342e-01 1.265538880885944240e+00 1.258153527764686475e+00 1.203333680708347453e+00 1.288822423208642709e+00 2.177229125306044288e+00 7.027672904408232002e-01 1.477712414993324064e+00 1.108773944943025391e+00 9.712558011046414919e-01 1.150173945861028724e+00 1.160642128577464627e+00 -2.742903899942947987e+01 1.383977417706846680e+00
6.903920014561206742e-01 8.196123433766411281e-01 3.149544081606177048e+00 2.337120168136309850e+00 1.102760589075401976e+00 6.747335928814377493e-01 6.604876248792609372e-01 9.041154220522088503e-01 8.981840892400660969e-01 8.543372837013516463e-01 9.228521169333758767e-01 1.674327143019067821e+00 4.702296225498387994e-01 1.076869047447126304e+00 7.794716285898426467e-01 6.724153030202149051e-01 8.121275559733975857e-01 8.204149899411097291e-01 6.946074177068465305e-01 -2.001460202158579804e+01
