-37.364687037593015	1.6956085160004206	3.1369493825469936	1.610259428698668	1.856611789613231	0.02823966159356526	2.0471143564396423	1.0577615414760317	1.3187423828498686	1.6680821597877182	3.239387111976625	2.2232043438228306	1.844627379291833	1.6930289921439223	1.559121883132717	1.467686098815727	3.7235463945137144	2.5484691999216182	2.7822671140083752	1.8639793009595085
0.5269865160004208	-23.134241353193772	2.163049146660666	0.9382939096995829	1.118930841773163	0.010699495435755437	1.2637089413572888	0.5634962243679869	0.7349819701975486	0.9799952028773153	2.252756799905388	1.4012066018238165	1.1099673632651208	0.9981211781330693	0.9017825473743208	0.837381420320691	2.686115509438195	1.663708712631354	1.8586090906328108	1.1244498812992816
0.1597873825469937	0.3545091466606661	-8.732607845014261	0.3267201747499574	0.41001097860761854	0.002246376064571651	0.4809641541645314	0.17327187177355774	0.2401476366240604	0.34542408162119487	1.0586900997950408	0.5517212409483172	0.40573972875999	0.3536527979373748	0.31060585772554	0.28278358014853777	1.3581916126767188	0.6956681058371579	0.8098250179604876	0.41264800041194477
0.5676974286986681	1.0643539096995827	2.2613201747499576	-24.486693367698535	1.1880806986918349	0.011900391579003106	1.3381966489974042	0.6063431375748068	0.7871010628910704	1.043503108847574	2.3527163868927534	1.480305025295882	1.1787692115802217	1.0623961302209985	0.9618673761539122	0.8945028300399835	2.7929583946021865	1.7505221346321214	1.9503463549535722	1.1938129615969952
0.45886978961323105	0.889810841773163	1.9894309786076183	0.8329006986918346	-20.794052563693647	0.0088104344478955	1.1349643720161062	0.491647984923305	0.6467754105516865	0.8713407268853789	2.075875422021015	1.263912188230772	0.991673240725306	0.8880753447614341	0.7993153410686067	0.7402418789460308	2.495811652028223	1.5119518524892617	1.6975156677947243	1.0051287381180587
5.254317661593565	6.4053994954357565	8.205486376064572	6.280540391579002	6.632630434447895	-128.76136605970083	6.889665174867132	5.365203747649785	5.825033309841488	6.365489864099557	8.320440049999492	7.1178725307459505	6.616056417341587	6.401673554056983	6.2040797508983445	6.06396284975451	8.851588750098795	7.5207010621836945	7.798430599844998	6.642794039197722
0.3905923564396421	0.7758089413572888	1.8016041541645313	0.7242366489974038	0.8761843720161062	0.007065174867132048	-18.33488660441752	0.4194155873233325	0.5569739456683802	0.7590504632655692	1.8840736399712559	1.1191191939175844	0.8685761181044166	0.7742334367333674	0.6938919346169985	0.6406880764559361	2.287448531618116	1.350280101419041	1.5247715417824677	0.88087238569895
0.9443805414760313	1.6187372243679867	3.0370528717735574	1.5355241375748068	1.7760089849233047	0.0257447476497848	1.9625565873233324	-35.82498911798529	1.2522267167511216	1.591887339567244	3.1385333153428783	2.135389888705307	1.764289553267683	1.6162205997524557	1.4857221142113375	1.396783472336383	3.6189637325281097	2.455518511433758	2.6862341948161212	1.7832145841840834
0.7372903828498687	1.3221519701975488	2.6358576366240603	1.2482110628910705	1.4630654105516865	0.017503309841488596	1.6320439456683802	0.7841557167511214	-29.81896061632397	1.2982456924738905	2.732772236822687	1.7902225496910382	1.4525144633345692	1.3199093260560646	1.2041733554323788	1.1259458109542362	3.195206514701084	2.0868709821471705	2.3032637526288107	1.4695564967068158
0.5397401597877185	1.0202752028773134	2.194244081621195	0.9577231088475733	1.1407407268853786	0.011069864099556908	1.2872304632655693	0.5769263395672445	0.7513556924738906	-23.56140362639614	2.2844996211758777	1.4262096344240343	1.1316657858840224	1.0183711400628785	0.9206941893583078	0.8553479333934201	2.7200964357758397	1.691197136209469	1.8876880438408667	1.1463280668459814
0.14705511197662471	0.3290467999053883	0.9435200997950413	0.3029463868927534	0.38128542202101506	0.0020300499994910506	0.44826363997125585	0.1595823153428784	0.22189223682268705	0.3205096211758779	-8.112893869699409	0.51525833984615	0.37726033121403413	0.3282419245841236	0.2878288776192187	0.2617594420692475	1.2894219193643008	0.6521082246493932	0.761112256493048	0.38377086995688037
0.33721234382283116	0.6838366018238164	1.6428912409483172	0.6368750252958818	0.775662188230772	0.005802530745949932	0.8896491939175845	0.36277888870530717	0.48568254969103863	0.6685596344240341	1.7215983398461498	-16.317166342979828	0.7686831254577616	0.6823997005415895	0.6093159183828659	0.5611313905540924	2.109086018407193	1.2158706645139228	1.3801669783356085	0.7799640093351117
0.4635853792918332	0.8975473632651215	2.0018597287599897	0.8402892115802219	1.0083732407253096	0.008936417341585883	1.1440561181044162	0.4966285532676833	0.6529244633345695	0.8789657858840221	2.088550331214034	1.2736331254577615	-20.959460104508167	0.895801452672253	0.806491991229802	0.747033660186556	2.509504562970321	1.5227440448966152	1.709004194757632	1.0135304795684406
0.5281669921439224	1.0018811781330514	2.1659527979373747	0.9400961302209979	1.120955344761434	0.010733554056981719	1.2658934367333674	0.5647395997524557	0.7364993260560647	0.9818511400628804	2.2557119245841237	1.4035297005415897	1.111981452672253	-23.173916833870468	0.9035364821554361	0.8390472139983146	2.6892810928004245	1.6662645910006992	1.861314110569539	1.126480765689553
0.5938198831327169	1.1051025473743212	2.32246585772554	1.0391273761539133	1.2317553410686068	0.0126997508983437	1.3851119346169982	0.6338011142113376	0.8203233554323786	1.0837341893583075	2.4148588776192184	1.5300059183828658	1.2222319912298019	1.103096482155436	-25.338182441646342	0.9308131532046103	2.8591441531950457	1.8048556444334798	2.0076174954239088	1.2376173760295133
0.6441040988157272	1.1824214203206906	2.4363635801485377	1.113482830039983	1.3144018789460308	0.014302849754509895	1.4736280764559362	0.686582472336383	0.8838158109542362	1.1601079333934199	2.5305094420692473	1.6235413905540923	1.3044936601865558	1.1803272139983148	1.0725331532046107	-26.944337555322072	2.981867939420499	1.9066845074941503	2.1146697086034782	1.32049958862567
0.09930439451371466	0.23049550943819563	0.7111116126767187	0.21127839460218648	0.26931165202822344	0.0012687500987943194	0.3197285316181163	0.10810273252811042	0.1524165147010842	0.22419643577583967	0.7575119193643006	0.37083601840719355	0.26630456297032123	0.2299010928004252	0.200204153195046	0.18120793942049931	-5.645053366662555	0.4771605230594186	0.5635428128482817	0.27116981661608613
0.2579371999216183	0.5417987126313542	1.3822981058371577	0.5025521346321214	0.6191618524892616	0.004091062183695228	0.7162701014190411	0.2783675114337585	0.3777909821471707	0.5290071362094694	1.453908224649393	0.8113306645139229	0.6132540448966154	0.5405945910006991	0.4796256444334799	0.4397345074941505	1.8108705230594186	-13.127163870007445	1.1457652744829716	0.6228055965721424
0.21312511400837536	0.45808909063281045	1.2178450179604878	0.42376635495357223	0.5261156677947242	0.0032105998449985197	0.6121515417824679	0.23047319481612158	0.31557375262881104	0.44688804384086644	1.284302256493048	0.6970169783356083	0.520904194757632	0.4570341105695392	0.4037774954239087	0.3691097086034782	1.6186428128482815	0.8671552744829714	-11.194512481962839	0.529331272185135
0.45599730095950847	0.8850898812992815	1.9818280004119448	0.8283929615969953	0.9948887381180628	0.00873403919772127	1.1294123856989495	0.48861358418408346	0.6430264967068157	0.8666880668459813	2.0681208699568803	1.2579740093351115	0.9865904795684378	0.8833607656895535	0.7949373760295134	0.7360995886256703	2.4874298166160864	1.5053555965721421	1.690491272185135	-20.693031229597874