-29.375861053298387	1.447682590265888	1.76599097126751	1.0377314374995903	1.414507399197063	1.4366752556505633	1.9870379774287774	1.6675902514880627	1.948557065609118	1.150577059439962	1.6381426693378394	1.9326200388495927	1.4792912440121946	1.511441741643292	1.3670998969984522	1.354897782394154	1.725411584856017	1.5861783613997193	1.624419418913514	1.3000083070470774
0.6557635902658883	-20.212863453631474	1.2580666620535537	0.6838320124084075	0.9736996910587276	0.9912606082771819	1.4428800306434364	1.1772236157402578	1.4104008322385824	0.7688651735332132	1.1532104513209653	1.3969862804644644	1.0251676585753795	1.050874527899352	0.9363237505757493	0.9267436733872577	1.224617091751418	1.111043752256662	1.1420487033759619	0.8838553478050148
0.4959019712675101	0.7798966620535533	-15.66397027692393	0.5185917492728744	0.75778811367472	0.7725431706979773	1.1608514432707397	0.930455903133815	1.1324030960554416	0.587864579391351	0.9099001005913843	1.1206752206553583	0.8011116598625063	0.8228393845892014	0.7264788393523938	0.7184748047502144	0.9711626421555009	0.8739198567088484	0.9003615314782862	0.6827495479622554
0.9631944374995908	1.4012140124084074	1.7141437492728744	-28.429056061028948	1.3686641876940848	1.3904127167821279	1.932043226122073	1.6172919150621707	1.8940790999250237	1.1102077522157086	1.5883268660364722	1.8783598172618183	1.4322389177229522	1.4638075072583057	1.3221734533272056	1.310211796474528	1.6741914736180523	1.5372362383173492	1.574831568666736	1.2564273253634728
0.675658399197063	1.026769691058727	1.28902811367472	0.7043521876940849	-20.76378765618618	1.0178752554175676	1.4764329844224229	1.2069485621291107	1.4435207650014354	0.7912044898579609	1.182555172125333	1.4299246691236984	1.0523787554544823	1.0785288132272952	0.9619423955168787	0.9521847770299054	1.2550749312317087	1.139705921404253	1.1712146112916497	0.9084871613278789
0.6622862556505631	1.008790608277175	1.268243170697977	0.6905607167821278	0.9823352554175678	-20.39382566843287	1.4539145329973635	1.1869910613445398	1.4212919067485767	0.7761935290979494	1.162852151061533	1.4078172304392587	1.0341040964642618	1.0599574103634228	0.9447342032135984	0.9350955051719355	1.2346269697451624	1.1204597710753292	1.1516312738867418	0.8919400199977903
0.4108389774287778	0.6586000306434362	0.8547414432707396	0.43038122612207313	0.6390829844224226	0.6521045329973636	-13.13980748561611	0.7924226984764919	0.9742007566815194	0.49033283710181663	0.7740617787817435	0.963578214125598	0.6773615739979402	0.6966097880137063	0.6115055334752405	0.6044673491381847	0.8288631778602503	0.7419904182508706	0.7655511055635301	0.5731130592644065
0.5399712514880628	0.8415236157402579	1.0729259031338145	0.5642099150621707	0.8181785621291106	0.8337610613445395	1.2410026984764917	-16.941353351438732	1.2113337937160678	0.6380425670880308	0.9784126100400602	1.199095802749459	0.8639066047565059	0.8868121236375385	0.7850836144477078	0.7766164399534936	1.042706154510881	0.9405902341265585	0.9683902443458572	0.7387901546921236
0.4244080656091179	0.6781708322385824	0.878343096055442	0.4444670999250237	0.6582207650014356	0.6715319067485768	1.0262507566815207	0.8148037937160679	-13.548042087440026	0.5059543109380868	0.7960729725456656	0.9891892405253723	0.6973428568854245	0.7170064314904137	0.6300207608856001	0.6228216447972522	0.8519644265042737	0.7633438605694403	0.7873892090721973	0.5907400572505326
0.8631710594399626	1.2733781735332133	1.5705475793913508	0.8973387522157088	1.242647489857961	1.2631765290979493	1.7791258371018168	1.4782555670880306	1.742697310938087	-25.819790811764236	1.4507074959261812	1.727624426935539	1.3027025432345176	1.3325735832266294	1.198818667706799	1.1875542418922742	1.532443595681475	1.4021782003452044	1.4378810074574009	1.1369687506941326
0.5540136693378394	0.8610004513209656	1.0958601005913842	0.5787348660364725	0.8372751721253331	0.8531121510615327	1.2661317787817437	1.0219026100400583	1.2360929725456657	0.6539844959261809	-17.344420162712076	1.2237002809808688	0.883742257283389	0.9070092705163694	0.8036304728956793	0.7950205853626476	1.06521899710134	0.961614093208413	0.9898297137673219	0.7565462238288718
0.43017103884959257	0.6864562804644644	0.8883152206553583	0.4504478172618187	0.6663246691236983	0.6797572304392584	1.0373282141255964	0.8242658027494588	1.0108892405253662	0.512581426935539	0.805380280980869	-13.72075349513726	0.7058003361633749	0.7256379242574552	0.6378635389032625	0.6305968977426061	0.8617274783103703	0.7723759620583758	0.7966241106451037	0.5982100249456908
0.6374522440121947	0.9752476585753805	1.2293616598625063	0.6649369177229519	0.9493887554544822	0.9666540964642608	1.41172157399794	1.1496866047565055	1.3796528568854245	0.7482695432345177	1.1260322572833887	1.3664103361633748	-19.70304568171944	1.0252896600083254	0.9126534207825431	0.9032401077271939	1.1963880017500388	1.084509278392274	1.115039198939198	0.8611115097069401
0.619442741643292	0.9507945278993524	1.2009293845892017	0.6463455072583054	0.925378813227296	0.942347410363423	1.3808097880137062	1.1224321236375383	1.3491564314904136	0.7279805832266293	1.0991392705163694	1.3360879242574553	0.9751296600083268	-19.198990063790568	0.8892862530359817	0.8800401874029136	1.1684358342575134	1.0582644228103677	1.0883161063696403	0.83867309378284
0.705356896998452	1.06649975057575	1.3348248393523936	0.7349674533272058	1.0390483955168774	1.0573802032135982	1.5259615334752408	1.2509596144477078	1.4924267608856003	0.8244816677067986	1.2260164728956795	1.4785695389032625	1.0927494207825432	1.1195422530359822	-21.58061923304276	0.9899841639234359	1.3001447704612832	1.182179576562242	1.2144172676444798	0.9451086533342293
0.713253782394154	1.0770186733872582	1.3469198047502142	0.7431047964745281	1.049389777029906	1.0678405051719355	1.5390223491381845	1.2625914399534939	1.5053266447972522	0.8333162418922744	1.2375055853626478	1.4914018977426062	1.1034351077271936	1.130395187402914	1.010083163923428	-21.796724805394625	1.3120512837769867	1.1934121506571465	1.225839216516135	0.9548171972963659
0.513562584856017	0.8046870917514183	1.0294026421554991	0.5368794736180524	0.7820749312317088	0.7971669697451627	1.19321317786025	0.9584761545108811	1.1642644265042734	0.6080005956814749	0.9374989971013392	1.15232747831037	0.8263780017500388	0.8485858342575134	0.7500387704612831	0.7418462837769868	-16.17819951187797	0.9007667130517565	0.9277628730447676	0.7052665122091795
0.5798293613997193	0.8966137522566624	1.1376598567088485	0.6054242383173494	0.8722059214042528	0.8884997710753291	1.3118404182508705	1.0618602341265588	1.2811438605694403	0.683235200345204	1.0393940932084131	1.2684759620583757	0.9199992783922741	0.9439144228103677	0.8375735765622423	0.8287071506571466	1.106266713051756	-18.080670110903153	1.028959261364003	0.7890670383443451
0.560700418913514	0.870248703375962	1.1067315314782868	0.5856495686667361	0.8463446112916498	0.8623012738867418	1.27803110556353	1.032290244345857	1.2478192090721976	0.6615680074574006	1.0102397137673242	1.235354110645104	0.893159198939198	0.9165961063696412	0.8124412676444797	0.8037642165161347	1.0758928730447679	0.9715892613640014	-17.53570617226645	0.7649847499239273
0.7501333070470776	1.1258993478050145	1.402963547962255	0.7810893253634728	1.097461161327879	1.1164540199977906	1.5994370592644063	1.3165341546921236	1.5650140572505327	0.8744997506941327	1.2908002238288718	1.5507840249456908	1.15307550970694	1.18079709378284	1.05697665333423	1.0465861972963673	1.3672405122091795	1.2455410383443448	1.2788287499239275	-22.800115734777076