-1.481097851939855659e+01 1.149144660064228329e+00 4.702296225498387994e-01 4.822321881427813484e-01 9.326389691258586412e-01 7.121001435553961922e-01 8.100412243552660430e-01 4.275784416294755585e-01 8.547953413181172966e-01 4.791216273620671484e-01 8.888320286711899332e-01 7.824208209587916185e-01 8.527488868483170670e-01 6.494005482989607669e-01 6.488435478522884825e-01 1.257389235307731390e+00 7.230445299845895679e-01 9.402448225327895148e-01 9.364749068173182645e-01 8.136969740235501236e-01
8.643546600642283417e-01 -1.255357448951770749e+01 3.940594809192530801e-01 4.044753365591924332e-01 8.035040545805941514e-01 6.062805867254889014e-01 6.934706343699210684e-01 3.571545525200965354e-01 7.335272894099812424e-01 4.017747302692121214e-01 7.640777159843850086e-01 6.688154137873544292e-01 7.316927962345108893e-01 5.508226890044167767e-01 5.503313366580275812e-01 1.099181829633099516e+00 6.159903596463083275e-01 8.103612850292486458e-01 8.069619949070698794e-01 6.967377432153194494e-01
1.827969622549838968e+00 2.036589480919253070e+00 -2.913829302796813536e+01 1.020862595131440287e+00 1.730957545469486547e+00 1.398614298098435293e+00 1.549244668911732958e+00 9.247659045431122493e-01 1.616400575376566673e+00 1.015468444323629482e+00 1.666829067726036229e+00 1.507292857783095519e+00 1.613351149456264011e+00 1.299251712004771075e+00 1.298357842747441593e+00 2.183317583339487555e+00 1.415712948152783701e+00 1.742006093860842597e+00 1.736532870916729587e+00 1.554767766657187078e+00
1.798533188142781514e+00 2.005566336559192475e+00 9.794235951314372857e-01 -2.861462852601917817e+01 1.702333850626439826e+00 1.373187601918843370e+00 1.522284990143007111e+00 9.052549043125789341e-01 1.588803421965821139e+00 9.946794696153974380e-01 1.638770804023367278e+00 1.480745451241460398e+00 1.585782356350127431e+00 1.274920026607708312e+00 1.274036327864254581e+00 2.151298452401347205e+00 1.390104736718991818e+00 1.713287288335693992e+00 1.707861097780316362e+00 1.527754626280412698e+00
1.070528969125858376e+00 1.226184054580594207e+00 5.111075454694864462e-01 5.239228506264396179e-01 -1.599575127980337896e+01 7.679627362534807711e-01 8.712360333432356274e-01 4.655023082550891478e-01 9.183036925615608581e-01 5.206024258152956996e-01 9.540510797612192784e-01 8.421501852245955044e-01 9.161530561698146835e-01 7.016417283402492933e-01 7.010517875554171940e-01 1.338755702386992041e+00 7.795221189165140174e-01 1.007971067411236099e+00 1.004020373402561006e+00 8.750835646037374849e-01
1.356670143555396058e+00 1.535640586725488976e+00 6.854442980984351008e-01 7.014566019188432922e-01 1.274642736253480457e+00 -2.087478008372277216e+01 1.123203345484592441e+00 6.281500687861950594e-01 1.178824832281211155e+00 6.973114279914026659e-01 1.220861434262135559e+00 1.088670300239417132e+00 1.176290203994645678e+00 9.199680867333872580e-01 9.192527677836819233e-01 1.663477698523901260e+00 1.013873571225066161e+00 1.283944576310230179e+00 1.279335328974245511e+00 1.127762074581017293e+00
1.217561224355266258e+00 1.385780634369921049e+00 5.990246689117326717e-01 6.135039901430070497e-01 1.140866033343235664e+00 8.861533454845924584e-01 -1.848874465336015760e+01 5.473489902510606520e-01 1.051623880858585158e+00 6.097541369007911660e-01 1.090728213034359850e+00 9.680183853578944175e-01 1.049268475630528386e+00 8.125929546624230948e-01 8.119369444664548130e-01 1.506623347088171361e+00 8.989374079445630050e-01 1.149549734744505169e+00 1.145246349686775744e+00 1.004225936126288854e+00
1.939760441629475585e+00 2.154126552520096549e+00 1.079207904543111995e+00 1.101135904312579017e+00 1.839794308255089383e+00 1.495762068786194998e+00 1.652010990251060463e+00 -3.113551004786631182e+01 1.721495956938178917e+00 1.095467768240542261e+00 1.773606437353073995e+00 1.608550605628772390e+00 1.718343006914412552e+00 1.392370950332266544e+00 1.391439604731466106e+00 2.304447167428310461e+00 1.513527290500590095e+00 1.851188925689514875e+00 1.845544583291280905e+00 1.657729580520291179e+00
1.160785341318117059e+00 1.324307289409981214e+00 5.646505753765663771e-01 5.784924219658211797e-01 1.086403692561560552e+00 8.402448322812114956e-01 9.500938808585863704e-01 5.153039569381785423e-01 -1.752246790374099561e+01 5.749070407976288877e-01 1.037840586851803470e+00 9.192055342384800598e-01 9.977217327993865847e-01 7.694306785060246456e-01 7.687997659621513824e-01 1.442069923729330849e+00 8.525650536539945978e-01 1.094819742631183423e+00 1.090648812463350659e+00 9.541770413976390364e-01
1.806082627362066928e+00 2.013525730269211778e+00 9.846894443236325900e-01 1.005339469615397663e+00 1.709673425815295245e+00 1.379702427991402525e+00 1.529195136900791230e+00 9.102467682405427363e-01 1.595878040797628739e+00 -2.874884014077622396e+01 1.645964422339376121e+00 1.487549255232051282e+00 1.592849657027738841e+00 1.281152643628254539e+00 1.280266324367679731e+00 2.159515341351788908e+00 1.396666356916448137e+00 1.720651418629753460e+00 1.715213085396276371e+00 1.534678564570887582e+00
1.120072028671189601e+00 1.280107715984384997e+00 5.403290677260360608e-01 5.537098040233670027e-01 1.047401079761219655e+00 8.075314342621354724e-01 9.144482130343601911e-01 4.926644373530741361e-01 9.630905868518037094e-01 5.502434223393761759e-01 -1.683234572506412974e+01 8.843629994762348678e-01 9.608691180650935637e-01 7.387245843820844371e-01 7.381119898326039541e-01 1.395574993192614466e+00 8.195120516483221929e-01 1.055619432406693869e+00 1.051546345353507217e+00 9.184264207000291114e-01
1.254600820958791774e+00 1.425785413787354239e+00 6.217328577830955050e-01 6.366244512414604984e-01 1.176440185224595369e+00 9.162803002394169782e-01 1.032678385357895801e+00 5.685486056287727408e-01 1.085395534238480231e+00 6.327682552320513798e-01 1.125302999476235133e+00 -1.912152026243306580e+01 1.082991074113096142e+00 8.409613154894680642e-01 8.402892115802217399e-01 1.548564848519932591e+00 9.293609196396110939e-01 1.185293593168376791e+00 1.180906229574399058e+00 1.036995261179812333e+00
1.163298886848317171e+00 1.327032796234510759e+00 5.661611494562640567e-01 5.800313563501273695e-01 1.088813056169814830e+00 8.422702039946454722e-01 9.522984756305280518e-01 5.167110069144126294e-01 1.002281732799402247e+00 5.764386570277386657e-01 1.040179118065093666e+00 9.213610741130963122e-01 -1.756515119735816555e+01 7.713331678641823785e-01 7.707011332060736963e-01 1.444934726240763911e+00 8.546111994722138672e-01 1.097241151855793406e+00 1.093064260340046889e+00 9.563880447751373914e-01
1.458546548298960799e+00 1.644758689004416796e+00 7.506577120047711604e-01 7.677650266077080676e-01 1.372897728340249257e+00 1.084544086733387980e+00 1.214218954662422911e+00 6.893349503322665495e-01 1.272586678506024693e+00 7.633376436282544031e-01 1.316630584382084690e+00 1.177927315489468052e+00 1.269929167864182196e+00 -2.263824669941980261e+01 9.992431910162594688e-01 1.777263971042359225e+00 1.099174381710955384e+00 1.382620392101625129e+00 1.377802949382002762e+00 1.219006728312400645e+00
1.459503547852288641e+00 1.645781336658027616e+00 7.512778427474413601e-01 7.683953278642545737e-01 1.373821787555417062e+00 1.085342767783681550e+00 1.215076944466454867e+00 6.899176047314663496e-01 1.273469765962151445e+00 7.639653243676797212e-01 1.317531989832603889e+00 1.178769211580221521e+00 1.270811133206073418e+00 1.000757191016355074e+00 -2.265487460393694263e+01 1.778328777925033410e+00 1.099980009840148432e+00 1.383548282907258287e+00 1.378728944697382497e+00 1.219866812943002810e+00
7.803892353077316324e-01 9.069718296330993024e-01 3.485775833394874068e-01 3.579974524013473380e-01 7.238657023869918827e-01 5.419076985239013045e-01 6.221033470881712768e-01 3.152651674283105110e-01 6.590799237293306634e-01 3.555543413517891493e-01 6.873349931926142631e-01 5.993848485199326781e-01 6.573847262407637171e-01 4.911179710423591582e-01 4.906687779250332171e-01 -1.117083791612233235e+01 5.508181439011072822e-01 7.302268077143726499e-01 7.270731840766082588e-01 6.251161823193813749e-01
1.339994529984589455e+00 1.517730359646308314e+00 6.749229481527834196e-01 6.907537367189916511e-01 1.258582118916514059e+00 9.862535712250705133e-01 1.108367407944563343e+00 6.182952905005900668e-01 1.163525053653994501e+00 6.866553569164481896e-01 1.205222051648322523e+00 1.074130919639610493e+00 1.161011199472213873e+00 9.069783817109551283e-01 9.062700098401484938e-01 1.644768143901107260e+00 -2.058739978720522146e+01 1.267812575279583465e+00 1.263238646484868832e+00 1.112887485568556212e+00
1.062234822532789336e+00 1.217141285029248898e+00 5.062560938608428041e-01 5.189762883356943135e-01 9.920710674112371841e-01 7.613645763102302455e-01 8.640197347445053300e-01 4.609969256895149470e-01 9.108197426311835931e-01 5.156804186297534454e-01 9.463694324066942443e-01 8.351035931683766789e-01 9.086811518557939005e-01 6.954643921016251396e-01 6.948782829072583933e-01 1.329216807714372672e+00 7.728525752795835091e-01 -1.585604241846619367e+01 9.960701614030149642e-01 8.678450664544736792e-01
1.066334906817318684e+00 1.221611994907069620e+00 5.086528709167296158e-01 5.214200977803163939e-01 9.959903734025610245e-01 7.646253289742452885e-01 8.675863496867759483e-01 4.632225832912808539e-01 9.145188124633505389e-01 5.181120853962761785e-01 9.501663453535056370e-01 8.385862295743985451e-01 9.123742603400466500e-01 6.985169493820028164e-01 6.979289446973825362e-01 1.333933184076607992e+00 7.761486464848686984e-01 1.003940161402999909e+00 -1.592509279201512662e+01 8.714226670673906883e-01
1.212776974023550336e+00 1.380607743215319649e+00 5.961077666571872324e-01 6.105336262804126335e-01 1.136273564603737185e+00 8.822720745810171961e-01 9.957859361262771936e-01 5.446275805202910325e-01 1.047267041397639487e+00 6.067975645708875154e-01 1.086266420700029212e+00 9.638952611798122794e-01 1.044918044775137833e+00 8.089407283124007142e-01 8.082868129430028636e-01 1.501196182319381345e+00 8.950174855685558706e-01 1.144935066454473738e+00 1.140642667067390814e+00 -1.840714854129650035e+01
