-22.23693513741742	1.161361609968022	1.70686991021166	1.0981107272711805	1.3923377256740035	0.12265011890415355	1.7555581527570308	0.6585531713521425	0.7842030437616786	1.0502938910132906	1.3047316404160696	1.73941233339599	0.6041609553541367	1.3450904868566884	0.3766492815751397	1.36092308148329	1.882735939166177	1.2364550568905497	1.322075587426791	1.3347624239394251
0.8543256099680221	-19.135466101931318	1.5024079810867101	0.9427173733760631	1.2110034272656385	0.09756979746130195	1.547889113606165	0.5516328298512241	0.6620599671702296	0.8995655061936941	1.1306503176734644	1.5327964678279302	0.5042165738727515	1.1676207039757114	0.3087700291928148	1.1821461443821115	1.6671188264398178	1.068295327117738	1.1465280916220852	1.1581520138478467
0.5218679102116601	0.6244419810867099	-11.834478907816568	0.5837379352978228	0.7782773754649548	0.049539043294190635	1.0355004023457361	0.3193755765265592	0.39147237540866703	0.5533887988717245	0.7189925288120375	1.0236942332448131	0.2890937017068859	0.7461648975428725	0.1689982642391335	0.7568897182666366	1.129639762363939	0.6735755980192363	0.7306402806010793	0.7391885245119089
0.9079147272711805	1.0595573733760641	1.5785439352978228	-20.28200508120615	1.278210022959805	0.10650299404379855	1.625269518416688	0.5906276959220822	0.7067618891184221	0.9550736319006632	1.1950725593036255	1.6097680415827933	0.5406073898616333	1.233342808007473	0.3332856161115632	1.2483701309676942	1.7475899817303808	1.130449893771759	1.2115125769757027	1.2235442945869976
0.6893557256740035	0.8150574272656383	1.2602973754649547	0.7654240229598047	-15.558032065374835	0.07216571224627741	1.3013821960760648	0.4342078248451379	0.5262594777580221	0.7282076621879017	0.9291943688479023	1.2877355319567945	0.39508366892653474	0.9617163751300482	0.23670749069300054	0.9745201536395646	1.4096260828259715	0.8745631856899875	0.9431499227558321	0.9533778604313937
3.4632881189041536	3.7452437974613026	4.575179043294191	3.6373369940437987	4.115785712246277	-71.64512197663689	4.6426829649369985	2.7712733153750215	3.04485725392693	3.5535848509225314	3.97916685263318	4.620390687984289	2.6437991633985436	4.042650673029708	2.0247872216150395	4.06729697525591	4.815247721008801	3.8694882879607184	4.0065664845944955	4.026495858045001
0.5003761527570311	0.5997431136061652	0.965320402345737	0.5602835184166882	0.7491821960760651	0.04686296493699847	-11.348488669787082	0.30498779761141565	0.37442517684395216	0.5308861250713187	0.6915366269452653	0.9884646984004064	0.2758712437941307	0.7179494254113492	0.16072364130332556	0.7283783057704813	1.0920521062401878	0.6474214016026365	0.7028570493202911	0.7111667233336374
1.4429591713521426	1.643074829851224	2.288783576526559	1.5652296959220822	1.9215958248451381	0.21504131537502144	2.344575797611416	-31.43333072689002	1.1665544976632933	1.505878068938863	1.8169509278283424	2.326102376158992	0.9263860658584865	1.8653017947495278	0.6062554279896888	1.8842025123295376	2.489154404611485	1.7345724659442607	1.8377598623342555	1.8529521109997036
1.2521620437616785	1.4370549671702295	2.044433375408667	1.364916889118422	1.6972004777580219	0.1721782539269298	2.0975661768439524	0.8501074976632933	-27.508072461992704	1.3100978443613955	1.5991024493007453	2.0799632328756874	0.7844075875766184	1.6443771406078511	0.5031844143620735	1.6620994416421482	2.2356645174282987	1.5221749320693805	1.618576525682368	1.6328046944349393
0.9513378910132898	1.1076455061936938	1.6394347988717246	1.0463136319006632	1.3322336621879014	0.11399085092253192	1.6871121250713188	0.6225160689388628	0.7431828443613955	-21.206148431464847	1.2469412695687057	1.6712981230908224	0.5704179795001155	1.286218337785272	0.3535404156696195	1.301634022743833	1.811790664990626	1.1805587988476705	1.2638169500706178	1.2761644897361817
0.7468696404160698	0.8798243176734645	1.3461325288120374	0.8274065593036257	1.0743143688479029	0.08066685263317963	1.3888566269452653	0.47468292782834237	0.5732814493007455	0.788035269568706	-16.814158819456267	1.3746704858039305	0.4326206880491296	1.034155221293431	0.26123896226930715	1.047591846071306	1.5012090299019973	0.9425395866250176	1.0146609550264014	1.0254015030864065
0.5073903333959902	0.6078104678279302	0.9766742332448117	0.5679420415827934	0.7586955319567942	0.04773068798428896	1.0116246984004074	0.3096743761589919	0.3799822328756878	0.5382321230908222	0.7005104858039307	-11.507328762345288	0.28017673669197296	0.7271732096388781	0.1634135997349717	0.7376994858255191	1.1043660061665421	0.6559671347992823	0.7119386015512417	0.7203267756144323
1.5395949553541368	1.7466865738727513	2.409529701706886	1.6662373898616332	2.0334996689265346	0.23859516339854345	2.4664872437941305	1.077414065858487	1.2518825875766186	1.6048079795001158	1.9259166880491296	2.4476327366919732	-33.40505101846523	1.97565032426667	0.6607880754316748	1.995079694219735	2.6138921695162143	1.8410782161704236	1.9473261429098045	1.962951641359769
0.7196784868566883	0.8492447039757113	1.3057548975428726	0.7981268080074728	1.0392863751300478	0.07660067302970681	1.3477194254113491	0.4554837947495278	0.5510061406078514	0.759762337785272	0.9666052212934297	1.3337832096388782	0.4148043242666703	-16.221569874395268	0.2495611661644381	1.0131420717568924	1.4581699148286773	0.9104630709975208	0.9809376850646345	0.9914395672876266
2.09048728157514	2.329644029192815	3.0678382642391337	2.237319616111563	2.6535274906930004	0.39798722161503924	3.129743641303326	1.5356874279896886	1.7490634143620734	2.1663344156696196	2.532938962269307	3.1092735997349714	1.4391920754316747	2.588811166164438	-44.49616734907645	2.6105790906820094	3.2890533470826715	2.437101992102175	2.5570181858856977	2.5745661269721105
0.70934108148329	0.8376001443821115	1.2903097182666365	0.7869841309676942	1.0259201536395641	0.07507697525590983	1.3319783057704813	0.4482145123295375	0.5425584416421485	0.7490080227438332	0.9538718460713073	1.318139485825519	0.408063694219735	0.986972071756894	0.24515909068200964	-15.99568810978553	1.4416869407861603	0.8982398756918558	0.9680770935375942	0.9784865247332467
0.44877393916617714	0.5401928264398175	0.8806797623639392	0.5038239817303808	0.6786460828259712	0.040647721008800985	0.9132721062401873	0.2707864046114854	0.3337435174282991	0.47678466499062594	0.6251090299019977	0.902426006166542	0.2444961695162138	0.6496199148286772	0.14125334708267154	0.6593069407861607	-10.172741051531847	0.5842459684347385	0.6356102214701682	0.6433224465389928
0.7958030568905498	0.9346793271177389	1.4179255980192362	0.8799938937717591	1.1368931856899875	0.08819828796071805	1.4619514016026365	0.5095144659442609	0.6135639320693806	0.8388627988476707	1.0597495866250177	1.4473371347992818	0.4649922161704234	1.095223070997521	0.28261199210217475	1.1091698756918562	1.5775559684347384	-17.87514043034711	1.0749801984915612	1.0861344391205974
0.7350335874267914	0.866522091622085	1.3286002806010795	0.8146665769757025	1.059089922755831	0.07888648459449503	1.370997049320291	0.4663118623342557	0.5635755256823685	0.7757309500706179	0.9854809550263985	1.3569186015512418	0.4248501429098048	1.0193076850646319	0.2561381858856981	1.0326170935375936	1.482530221470168	0.9285901984915614	-16.556484868373403	1.0106374530527877
0.7265204239394251	0.8569460138478466	1.315948524511909	0.8054982945869976	1.0481178604313939	0.07761585804500043	1.3581067233336375	0.4603041109997033	0.5566036944349394	0.7668784897361818	0.9750215030864074	1.3441067756144323	0.419275641359769	1.008609567287622	0.25248612697211104	1.0218265247332474	1.469042446538993	0.9185444391205974	0.9894374530527809	-16.370890471632997