-1.829981256235690168e+01 8.756352184228628488e-01 8.453213728438281338e-01 9.225301014129896338e-01 1.031749050477674956e+00 8.861496609657272261e-01 8.120088532601447140e-01 8.932819211158971040e-01 1.069279552845159520e+00 9.316328000266479448e-01 9.965739216302439418e-01 8.743090086086474644e-01 1.489811937546523746e+00 9.654034166459461996e-01 1.135464033314990351e+00 8.893952168921641643e-01 9.065085866511951584e-01 8.881242389025448825e-01 8.848676323855967363e-01 1.001766038408117288e+00
1.135617218422863006e+00 -2.093875273151119032e+01 9.667846013324261634e-01 1.051257946162886370e+00 1.170080456850409067e+00 1.011505792097784351e+00 9.302073123044842795e-01 1.019306165881323833e+00 1.210740984225558980e+00 1.061190352298380102e+00 1.131894536117589833e+00 9.985482032519904516e-01 1.661258113180929419e+00 1.097991639337804637e+00 1.282246126744311043e+00 1.015055809001045750e+00 1.033762625338081165e+00 1.013665688844224366e+00 1.010103298048285581e+00 1.137535862070813808e+00
1.172486372843828395e+00 1.033967601332425268e+00 -2.165700869910866899e+01 1.086353534232661566e+00 1.207645808158013478e+00 1.045730014412656006e+00 9.625743711740540887e-01 1.053703227868657777e+00 1.249107423904304959e+00 1.096500025143860135e+00 1.168687524213060547e+00 1.032483281400130570e+00 1.707202568583645164e+00 1.134082160432258179e+00 1.321969968723456290e+00 1.049358805585676402e+00 1.068477604624791688e+00 1.047937861510609858e+00 1.044296346901334216e+00 1.174444198063242295e+00
1.081690101412989380e+00 9.504359461628860695e-01 9.183485342326612733e-01 -1.988881928976667979e+01 1.115103630463877726e+00 9.615566237329747912e-01 8.830418711807550558e-01 9.690975311222517208e-01 1.154554927763469019e+00 1.009610591946158431e+00 1.078082193993725513e+00 9.490329468042418837e-01 1.593559319862656087e+00 1.045237222493968776e+00 1.224007735416707154e+00 9.649883932877385551e-01 9.830765582686143977e-01 9.636445443024439506e-01 9.602009200265377853e-01 1.083549697292024883e+00
9.689090504776760593e-01 8.472584568504091251e-01 8.176408081580135434e-01 8.931036304638777512e-01 -1.769551204403251887e+01 8.575346901632336927e-01 7.851098352692829074e-01 8.645063114296287488e-01 1.036769917592555990e+00 9.020063232756906357e-01 9.655548080579048342e-01 8.459624114868884437e-01 1.449924477209739493e+00 9.350453277629322546e-01 1.101657404303901577e+00 8.607070524867967976e-01 8.774370804733544471e-01 8.594647187155206591e-01 8.562816173648459817e-01 9.706381224902661531e-01
1.123207660965727550e+00 9.885817920977842954e-01 9.556230144126572901e-01 1.039454623732973593e+00 1.157432690163233469e+00 -2.069707807855397519e+01 9.193349581143942517e-01 1.007741373775091320e+00 1.197818952718905372e+00 1.049313898056289496e+00 1.119511031432982362e+00 9.871410941519397353e-01 1.645732695795490308e+00 1.085848338728203633e+00 1.268858960452291962e+00 1.003523127783590096e+00 1.022089288541754737e+00 1.002143529387540033e+00 9.986081463520095625e-01 1.125112901891116346e+00
1.214982853260144768e+00 1.073199312304483621e+00 1.038383371174053549e+00 1.126855871180755031e+00 1.250923835269282858e+00 1.085250958114393871e+00 -2.248532098126843337e+01 1.093418922549675765e+00 1.293283885684933132e+00 1.137243312336974510e+00 1.211098458456306926e+00 1.071678329330824297e+00 1.759831870445030200e+00 1.175703726136464455e+00 1.367666670896604320e+00 1.088968515293123662e+00 1.108551407555096402e+00 1.087512838654184133e+00 1.083782160630925473e+00 1.216984681995175954e+00
1.114896921115896777e+00 9.809391658813219061e-01 9.481532278686567450e-01 1.031552531122253313e+00 1.148961311429629095e+00 9.922983737750931121e-01 9.120599225496761608e-01 -2.053524969018469903e+01 1.189162572825886111e+00 1.041362522404867708e+00 1.111217858203919162e+00 9.795059441356400720e-01 1.635317658552004838e+00 1.077717106364822985e+00 1.259888713617167699e+00 9.958033869951492534e-01 1.014274783446662997e+00 9.944308769185390418e-01 9.909136881786761997e-01 1.116793124798834747e+00
9.337795528451590110e-01 8.152589842255590913e-01 7.864424239043050768e-01 8.598949277634689858e-01 9.641099175925551545e-01 8.252609527189050942e-01 7.548098856849330129e-01 8.320475728258860393e-01 -1.701303230800028032e+01 8.685670340875595308e-01 9.305082939560432864e-01 8.139976629928490359e-01 1.404574588178952643e+00 9.007620550786524793e-01 1.063385139634709597e+00 8.283490257728925998e-01 8.446374693190511485e-01 8.271396794464784819e-01 8.240412230003065774e-01 9.354659189720123669e-01
1.071632800026648846e+00 9.412083522983796247e-01 9.093350251438602205e-01 9.904505919461573660e-01 1.104846323275690212e+00 9.522558980562887410e-01 8.742693123369745800e-01 9.597475224048670484e-01 1.144067034087559387e+00 -1.969309279918585887e+01 1.068046752067054683e+00 9.398146179464120786e-01 1.580865930680685150e+00 1.035403183350716461e+00 1.213128026129465020e+00 9.556652088449010263e-01 9.736358422087251219e-01 9.543301483875409330e-01 9.509090807347827523e-01 1.073481149259149614e+00
1.003433921630258352e+00 8.787725361175894312e-01 8.483825242130604849e-01 9.257821939937255218e-01 1.035254808057904929e+00 8.893130314329817931e-01 8.149844584563069594e-01 8.964628582039185778e-01 1.072868293956043440e+00 9.349067520670546472e-01 -1.836657212414301199e+01 8.774430269434363439e-01 1.494203446808667790e+00 9.687573047888657918e-01 1.139194185886077682e+00 8.925665916592012694e-01 9.097218764906143118e-01 8.912924812441646027e-01 8.880278362009889070e-01 1.005203995992145716e+00
1.137196008608647446e+00 1.001453203251977397e+00 9.682052814001301799e-01 1.052759946804242341e+00 1.171689411486888543e+00 1.012970094151936840e+00 9.315913293308246690e-01 1.020777944135639270e+00 1.212384662992848972e+00 1.062701617946411714e+00 1.133470026943436126e+00 -2.096950233265373953e+01 1.663231075771367973e+00 1.099536707636215027e+00 1.283948680494627181e+00 1.016523518353405597e+00 1.035248157079765141e+00 1.015132064922060318e+00 1.011566251769687730e+00 1.139116349573630727e+00
6.314919375465237739e-01 5.429561131809296226e-01 5.217175685836452637e-01 5.760793198626560363e-01 6.544444772097395280e-01 5.503546957954903451e-01 4.985378704450300624e-01 5.553826585520045267e-01 6.817545881789527362e-01 5.825459306806851645e-01 6.290234468086675079e-01 5.420240757713679081e-01 -1.115465969551583925e+01 6.066405832455593616e-01 7.303753171733073923e-01 5.526417568236158262e-01 5.647266922026682456e-01 5.517459460081413081e-01 5.494517104688689813e-01 6.327650069779860997e-01
1.035413416645944773e+00 9.080196393378047182e-01 8.769271604322581570e-01 9.560872224939691577e-01 1.067895327762932389e+00 9.188003387282038803e-01 8.427397261364644176e-01 9.261121063648231067e-01 1.106272055078652228e+00 9.654131833507153537e-01 1.031907304788867163e+00 9.066597076362155061e-01 1.534970583245559350e+00 -1.898844376527185318e+01 1.173897686073002156e+00 9.221276901131892911e-01 9.396693282569489325e-01 9.208247024885440890e-01 9.174859493212567108e-01 1.037220637016498026e+00
8.757640333149901979e-01 7.625641267443110660e-01 7.351049687234565422e-01 8.051477354167069223e-01 9.047974043039015424e-01 7.721009604522917069e-01 7.049926708966044453e-01 7.785737136171674289e-01 9.391851396347087322e-01 8.134280261294650760e-01 8.726341858860772183e-01 7.613616804946272687e-01 1.328995317173307322e+00 8.441876860730020971e-01 -1.588667680734349119e+01 7.750460428012176939e-01 7.905850492601359525e-01 7.738926596482758047e-01 7.709377894616622484e-01 8.773776173115830357e-01
1.119415216892164056e+00 9.850938090010455950e-01 9.522138055856765870e-01 1.035848393287737590e+00 1.153567052486796696e+00 9.964851277835923282e-01 9.160145152931228330e-01 1.004208386995156355e+00 1.193869025772892778e+00 1.045685208844900238e+00 1.115726591659201183e+00 9.836565183534040635e-01 1.640981756823616022e+00 1.082137690113189388e+00 1.264766042801217738e+00 -2.062322862812889923e+01 1.018522973480698868e+00 9.986236320428946156e-01 9.950965409311455234e-01 1.121316339980447552e+00
1.099708586651195530e+00 9.669806253380831551e-01 9.345126046247921314e-01 1.017116558268612803e+00 1.133477080473353826e+00 9.782312885417580040e-01 8.987774075550962749e-01 9.858597834466652499e-01 1.173337469319051252e+00 1.026835842208723371e+00 1.096061876490614706e+00 9.655611570797660859e-01 1.616246692202668145e+00 1.062859328256949620e+00 1.243485049260135922e+00 9.817029734806962393e-01 -2.023954576503787095e+01 9.803435050499667014e-01 9.768597908806694319e-01 1.101588145909069949e+00
1.120898238902544808e+00 9.864576888442222469e-01 9.535468615106097445e-01 1.037258544302444019e+00 1.155078718715520925e+00 9.978595293875124339e-01 9.173128386541841151e-01 1.005589876918551839e+00 1.195413679446478472e+00 1.047104148387540512e+00 1.117206481244164218e+00 9.850190649220624817e-01 1.642839946008141538e+00 1.083588702488544442e+00 1.266366659648276105e+00 1.001377632042936616e+00 1.019917505049970252e+00 -2.065210675418081010e+01 9.964696642266285265e-01 1.122800973480475584e+00
1.124710632385596876e+00 9.899642980482831200e-01 9.569743469013352044e-01 1.040883920026538734e+00 1.158964617364846017e+00 1.001393146352010710e+00 9.206511606309250029e-01 1.009141688178672114e+00 1.199384223000306893e+00 1.050752080734781657e+00 1.121010836200988958e+00 9.885222517696834466e-01 1.647614710468868982e+00 1.087318949321256722e+00 1.270480789461662319e+00 1.004919540931151767e+00 1.023502790880669533e+00 1.003538664226613308e+00 -2.072634614928086449e+01 1.126617502396671355e+00
9.982360384081212512e-01 8.740238620708133954e-01 8.437491980632423338e-01 9.208596972920247703e-01 1.029948122490266016e+00 8.845249018911163219e-01 8.104806819951763108e-01 8.916481247988345959e-01 1.067435918972011510e+00 9.299511492591491235e-01 9.948139959921414865e-01 8.726993495736308226e-01 1.487555006977986150e+00 9.636806370164971991e-01 1.133547617311582822e+00 8.877663399804479605e-01 9.048581459090704326e-01 8.864969734804750701e-01 8.832445023966711828e-01 -1.826552026387926020e+01
