-38.58826280255808	1.510513986855533	3.727672224414938	2.488283053506737	3.25988255877472	0.02945800202375279	1.7970563303152558	2.2472949492378476	1.5337740878567434	1.917382600562994	3.6074016176692485	2.1148707227468835	1.6939110123889407	1.744824054555832	1.2481015667283895	1.4258977004010813	2.4300452620667423	2.097807580956341	1.9750340948592897	1.739051396636808
0.6199539868555327	-27.178861313066335	2.9275231077968242	1.8059280795303656	2.4943293043789727	0.014123873397358246	1.226738771071471	1.5993512411582251	1.018072578093696	1.3244751460351998	2.8152075343208955	1.4878573108495643	1.1441150651994039	1.1847617724651431	0.8005154266370689	0.9347777458934122	1.7555909964224075	1.4736013775874222	1.3717983664686937	1.1801396289046724
0.09897222441493758	0.18938310779682435	-5.982825551531211	0.45504253793360044	0.7651483142989544	0.0013233150536478817	0.2537889781866619	0.37710317445596714	0.19422680467709952	0.28401197298109365	0.9362070463642143	0.3378941893183318	0.22940066587051713	0.24126608563967644	0.13921437511572873	0.17231667518629668	0.43541365404848104	0.33302406982562666	0.29918445447514214	0.23990390588840993
0.27098005350673665	0.47918507953036565	1.8664395379336003	-14.326663499444205	1.5152799299607607	0.0045596777609101915	0.6155130474451627	0.8572421169174841	0.48973434647553604	0.6768596624247272	1.773631023624697	0.7827161793924788	0.5648475025184537	0.589633598843388	0.36656593435290863	0.4415849752033362	0.9646691513602347	0.7733189409242763	0.7071013059641523	0.586801435304993
0.14463255877471973	0.26963930437897254	1.278598314298954	0.6173329299607607	-8.446582719535815	0.0020825494951774545	0.35622310140980024	0.5176807156775911	0.27621419011310916	0.39627813443794885	1.2037112074468297	0.466887827756451	0.3236432168315768	0.3395238644588304	0.20085039030917196	0.2463836079920129	0.5923907000882483	0.4605454862480617	0.41626098114126503	0.3377036387163324
5.203598002023752	6.078823873397357	8.804163315053648	7.39600267776091	8.291472549495175	-129.51454033902	6.49823715739822	7.096804166825147	6.114335007739774	6.664335258280816	8.673905355909293	6.926805759298688	6.3514907224401265	6.424463874491049	5.655251867543152	5.9470798225794415	7.324779536590463	6.904573062119443	6.742174363601978	6.416243966471548
0.48284333031525584	0.8030857710714712	2.5682759781866618	1.5186030474451626	2.1572601014098	0.00988415739822148	-22.51839581670299	1.3313442369016555	0.8186346516977914	1.0860383630643953	2.461149968487002	1.2312809469669739	0.9277937698272283	0.9632534358344826	0.6333054725539483	0.747195665537247	1.4727611391863227	1.2185404854808348	1.1279302816508918	0.9592150136876463
0.3305399492378477	0.5731562411582254	2.0890481744559675	1.157790116917484	1.716175715677591	0.005909166825148802	0.7288022369016556	-16.789808853878274	0.5852810782828662	0.7981618979068386	1.9909955939549198	0.91696762754728	0.6712123602315827	0.6994218058757923	0.44276378521480425	0.5298209163287252	1.1188845640688356	0.9064632069513723	0.8322124183660855	0.6962019979752536
0.6072840878567434	0.9821425780936939	2.8964368046770996	1.780547346475536	2.464974190113109	0.013705007739775446	1.2063576516977914	1.5755460782828659	-26.763659185662583	1.3031154279377852	2.784523922412857	1.4649926465533594	1.1246107542132293	1.1648202547275104	0.7852130329784295	0.9177185283083699	1.7305753195838478	1.4508618603997505	1.3499864438729614	1.1602472497378702
0.4357616005629938	0.7334141460351999	2.4310909729810932	1.4125416624247273	2.029907134437949	0.008574258280816646	0.9186303630643955	1.2332958979068385	0.7479844279377854	-20.820241632294398	2.326286334368553	1.1379111353825797	0.8505433768972251	0.8839564941633361	0.5749976415141191	0.6811247994043409	1.368576476751168	1.1257875171101293	1.0397085694246617	0.8801488236464833
0.10912161766924802	0.20748753432089617	1.066627046364215	0.49265402362469707	0.8206812074468296	0.0014853559092934288	0.2770829684870021	0.40947059395491964	0.21273392241285677	0.3096273343685533	-6.552856324103124	0.3674870037098814	0.2507701854207246	0.2635778128085404	0.1530146444681164	0.1889848593085159	0.47173670471914114	0.36226542641860415	0.32594004159135015	0.262108041099739
0.3690477227468834	0.6325943108495643	2.2207711893183317	1.2541961793924785	1.836314827756451	0.006842759298689647	0.799670946966974	1.0878996275472796	0.6456596465533595	0.8737091353825799	2.1199440037098816	-18.307099975159645	0.7380088481103816	0.7682350111934704	0.49148700302090303	0.5858228170302281	1.2132786581362107	0.9888591824212682	0.9099709278795732	0.7647871778451353
0.5277630123889406	0.8685270651994035	2.691952665870517	1.6160025025184532	2.2727452168315767	0.011202722440126985	1.0758587698272282	1.4218193602315823	0.8849527542132298	1.166016376897225	2.582902185420725	1.3176838481103816	-24.08840728450597	1.03727647374192	0.6884920158848382	0.809402236722111	1.568544561352371	1.3044048682828753	1.209827234239746	1.0330334143327178
0.5050270545558317	0.8355247724651436	2.630169085639676	1.5671395988433883	2.2149768644588304	0.01052687449104994	1.0376694358344818	1.3763798058757923	0.8515132547275106	1.1257804941633363	2.52206081280854	1.2742610111934705	0.9636274737419204	-23.299508615945072	0.6606117440775099	0.7780138916637503	1.5204799512410208	1.2612489145818273	1.1686388430522432	0.9958587325297502
0.7871815667283892	1.230155426637069	3.3069943751157282	2.1229489343529084	2.855180390309172	0.02019186754315267	1.486598472553948	1.898598785214804	1.2507830329784293	1.5956986415141192	3.190374644468116	1.776390003020903	1.3937200158848384	1.4394887440775097	-32.42147375367449	1.1554170116343907	2.0685135799810577	1.7607023696382698	1.6482441066697298	1.4342917853519594
0.6687477004010812	1.0681877458934117	3.0438666751862966	1.9017379752033363	2.6044836079920124	0.015789822579442326	1.304258665537247	1.689425916328725	1.08705852830837	1.4055957994043409	2.9301148593085165	1.5744958170302281	1.218400236722111	1.2606608916637503	0.8591870116343906	-28.752304612272816	1.8500744415991146	1.5597819441676368	1.4545795205382932	1.2558574527745106
0.284256262066742	0.5003619964224074	1.918324654048481	1.036183151360235	1.5618517000882486	0.004850536590463614	0.6411851391863225	0.8898505640688351	0.5112763195838478	0.7044084767511677	1.8242277047191413	0.8133126581362106	0.5889035613523714	0.614487951241021	0.383644579981058	0.46143544159911454	-14.8893248083476	0.8036541241518091	0.7355446596660524	0.6115653273340724
0.37434958095634036	0.6407033775874226	2.238266069825627	1.2671639409242759	1.8523374862480617	0.006975062119443672	0.809295485480835	1.099760206951372	0.6538938603997511	0.8839505171101294	2.137087426418604	1.0112241824212644	0.7470948682828755	0.7775879145818271	0.49816436963827	0.5934739441676369	1.2259851241518092	-18.511926512481775	0.9205031712320982	0.7741099239841313
0.4150200948592894	0.7023443664686939	2.367870454475142	1.3643903059641525	1.9714969811412653	0.008020363601979661	0.8821292816508921	1.1889534183660853	0.7164624438729613	0.9613155694246608	2.26420604159135	1.095779927879573	0.8159612342397462	0.8484218430522432	0.5491501066697302	0.6517155205382935	1.3213196596660526	1.0839471712320983	-20.05322644005435	0.844721655360143
0.5075483966368077	0.8391966289046726	2.6371009058884103	1.572601435304993	2.2214506387163326	0.0106009664715484	1.041925013687646	1.3814539979752534	0.8552342497378707	1.1302668236464835	2.528885041099739	1.2791071778451355	0.9676784143327163	1.0041527325297674	0.6637087853519597	0.7815044527745106	1.5258513273340726	1.2660649239841315	1.173232655360143	-23.387564567582196