-1.990422439477883643e+01 9.684974163083805987e-01 8.531296442935727420e-01 9.495674180454085622e-01 1.156311373263775977e+00 1.011541059948075194e+00 8.719080449234720698e-01 1.127020207652903450e+00 1.088737975614772147e+00 9.964018259983336012e-01 1.352788001239118465e+00 9.537110395707157906e-01 1.320295661887173511e+00 1.027467473007272147e+00 1.191117097292486715e+00 9.142604367508202490e-01 9.132415413133654347e-01 9.235873579541330480e-01 1.095795324993984909e+00 1.188845494721073370e+00
1.032178416308382252e+00 -2.056410195340721714e+01 8.820287393304573342e-01 9.806568506171411403e-01 1.191638381511886502e+00 1.043963467929307054e+00 9.012451752668633187e-01 1.161782080489980551e+00 1.122744346755943035e+00 1.028503780753021735e+00 1.391634578954764612e+00 9.848913652884162540e-01 1.358591241026800178e+00 1.060223463606766670e+00 1.227101444442515898e+00 9.445648192971827228e-01 9.435229846789336960e-01 9.541009786015428595e-01 1.129942435200932627e+00 1.224787403346379921e+00
1.162830644293572968e+00 1.128048739330457462e+00 -2.323898508557503106e+01 1.107111493606829589e+00 1.334352565890843501e+00 1.175554359162561679e+00 1.020917341962579661e+00 1.302339411765847998e+00 1.260412742889870152e+00 1.158861715347574650e+00 1.547701583587268281e+00 1.111696873883598613e+00 1.512576885706620189e+00 1.193096606245974023e+00 1.372319919261681509e+00 1.067985136351516262e+00 1.066854533995131638e+00 1.078330709635884066e+00 1.268149479519836920e+00 1.369844343137378795e+00
1.052187418045407830e+00 1.019595850617142752e+00 9.000304936068300732e-01 -2.097419982801965688e+01 1.213568629103356278e+00 1.064121560750416418e+00 9.195154166061144663e-01 1.183367918197625990e+00 1.143869465031788657e+00 1.048466053428112943e+00 1.415705493164082007e+00 1.004290117544510919e+00 1.382327514166284965e+00 1.080585335142276726e+00 1.249432055742714320e+00 9.634275195145354242e-01 9.623716406710505211e-01 9.730917678246283620e-01 1.151153404416304094e+00 1.247092174446470692e+00
8.584533732637756875e-01 8.300993815118866692e-01 7.267935658908432073e-01 8.130906291033562772e-01 -1.699589414144164223e+01 8.688559382253169261e-01 7.435499931318761968e-01 9.733706540501414484e-01 9.386388336396528365e-01 8.552117838630923785e-01 1.179781766225294959e+00 8.168118081673545472e-01 1.149916569636002528e+00 8.832242837761378196e-01 1.031703108676464975e+00 7.814268941223680986e-01 7.805143086260132312e-01 7.897837349362968329e-01 9.450354880648206279e-01 1.029632026530946654e+00
9.885470599480740139e-01 9.572884679293075516e-01 8.428593591625612724e-01 9.385075607504170803e-01 1.143719938225317145e+00 -1.966925138138804385e+01 8.614799701037543223e-01 1.114633335251328461e+00 1.076624425008292807e+00 9.849764971449573858e-01 1.338920439216090275e+00 9.426183865896762271e-01 1.306628126572580539e+00 1.015805908125850143e+00 1.178287605230563528e+00 9.034837366132283387e-01 9.024731123039012592e-01 9.127352061534728112e-01 1.083630871292516895e+00 1.176031375766155573e+00
1.140062044923472184e+00 1.105718175266862779e+00 9.793703419625805484e-01 1.085049416606113759e+00 1.309561993131876489e+00 1.152627970103754507e+00 -2.277331807982524481e+01 1.277909497188780330e+00 1.236466516321721443e+00 1.136142602078203945e+00 1.520686994344509380e+00 1.089575683693622787e+00 1.485907964660396985e+00 1.169954789937381223e+00 1.347111084622724331e+00 1.046434709074237634e+00 1.045319086448344592e+00 1.056643722753425108e+00 1.244113014933870165e+00 1.344662471773368395e+00
8.829022076529033924e-01 8.539830804899803951e-01 7.485204117658477152e-01 8.366299181976258881e-01 1.027110654050140903e+00 8.935093352513282516e-01 7.656374971887801584e-01 -1.749893598503647141e+01 9.646271768355425547e-01 8.795965714083199272e-01 1.209925600099592824e+00 8.404267978783453996e-01 1.179581437392715149e+00 9.081578174955040605e-01 1.059375571003810856e+00 8.043139787369593119e-01 8.033823795695086423e-01 8.128443659528512555e-01 9.711430305115602568e-01 1.057268153555152024e+00
9.162199756147726415e-01 8.865453467559430978e-01 7.781937428898700881e-01 8.687314650317882192e-01 1.063978833639652732e+00 9.271004250082923726e-01 7.957945163217212681e-01 1.036227176835541552e+00 -1.818397539326657508e+01 9.128287484616861569e-01 1.250823426084993750e+00 8.726296291114480352e-01 1.219844084607751622e+00 9.421230782721103925e-01 1.096991417148869052e+00 8.355424537747327962e-01 8.345853899384736430e-01 8.443052369437107352e-01 1.006674785156283392e+00 1.094835661668933646e+00
1.003606825998347496e+00 9.720277807530210978e-01 8.563657153475745520e-01 9.530510534281138035e-01 1.160274783863092685e+00 1.015175497144960692e+00 8.751936020782035142e-01 1.130919571408319557e+00 1.092551748461686012e+00 -1.997821143370024544e+01 1.357150721961696060e+00 9.572049544540766064e-01 1.324595819504199579e+00 1.031139665720171461e+00 1.195155028503587014e+00 9.176553081157602376e-01 9.166338195495427055e-01 9.270058838207748675e-01 1.099625039579227304e+00 1.192878614007889748e+00
7.146300012391186840e-01 6.897955789547646210e-01 5.998425835872682743e-01 6.749274931640821817e-01 8.394817662252948010e-01 7.237564392160903415e-01 6.143749943445094841e-01 8.158856000995929891e-01 7.851834260849936964e-01 7.117877219616960405e-01 -1.403008897333988081e+01 6.781784343043527619e-01 9.731938889366406054e-01 7.363753501854317651e-01 8.676362732996913962e-01 6.473086854121553602e-01 6.465138482988298518e-01 6.545903302740666563e-01 7.908315935530116914e-01 8.657949641982912725e-01
1.047763039570716259e+00 1.015262365288417845e+00 8.960478738835981893e-01 9.957221175445069017e-01 1.208721808167354750e+00 1.059664386589676210e+00 9.154736836936235855e-01 1.178596797878345148e+00 1.139199629111448342e+00 1.044051954454076503e+00 1.410388434304352678e+00 -2.088353373675903413e+01 1.377083933993980214e+00 1.076083339316692422e+00 1.244497251087692824e+00 9.592553703671761189e-01 9.582025826191722384e-01 9.688914275760101003e-01 1.146464693393578704e+00 1.242163047918612984e+00
7.362376618871733225e-01 7.108522410268001135e-01 6.188178857066199967e-01 6.956495141662849546e-01 8.637165696360022960e-01 7.455641265725806432e-01 6.336959646603971263e-01 8.396414373927151287e-01 8.083040846077517161e-01 7.333328195041997066e-01 1.027293888936638533e+00 6.989739339939802232e-01 -1.447642907263028533e+01 7.584574650055989631e-01 8.924323668261560094e-01 6.673993865179751461e-01 6.665861913262024485e-01 6.748487161850476035e-01 8.140701351738188762e-01 8.905546835043446352e-01
9.730264730072707424e-01 9.421014636067670533e-01 8.289546062459738351e-01 9.235243351422768310e-01 1.126641283776137703e+00 9.843589081258540263e-01 8.473597899373811471e-01 1.097834817495503934e+00 1.060200078272110380e+00 9.694936657201708163e-01 1.320092350185431584e+00 9.275903393166926580e-01 1.288074465005599079e+00 -1.935073124784417331e+01 1.160882842531151704e+00 8.888874132923156868e-01 8.878880882046128464e-01 8.980358018739313941e-01 1.067136850462322428e+00 1.158647675642669350e+00
8.305090972924865644e-01 8.028124444425159822e-01 7.020109192616813543e-01 7.862040557427144583e-01 9.689531086764666679e-01 8.406736052305635587e-01 7.183490846227243987e-01 9.428855710038113180e-01 9.089014171488684068e-01 8.273420285035870680e-01 1.145186273299691360e+00 7.898372510876928709e-01 1.115882366826155714e+00 8.547158425311516261e-01 -1.642055228307640391e+01 7.552979907002387305e-01 7.544074838040192299e-01 7.634532847103847608e-01 9.151590845587134204e-01 9.979713736329343110e-01
1.090939436750820501e+00 1.057562819297181544e+00 9.349631363515165106e-01 1.037486519514533523e+00 1.255963894122368085e+00 1.103156736613227995e+00 9.549597090742377725e-01 1.225110978736959177e+00 1.184739453774733109e+00 1.087129308115760029e+00 1.462145685412155283e+00 1.041882370367176014e+00 1.428136386517975254e+00 1.120007413292315457e+00 1.292584990700238690e+00 -2.176797659740562096e+01 9.989173909629210923e-01 1.009908008288724179e+00 1.192186135471039687e+00 1.290196224041735285e+00
1.092086541313366244e+00 1.058686984678933740e+00 9.359985339951308880e-01 1.038596640671051841e+00 1.257217308626013219e+00 1.104312112303901028e+00 9.560100864483451755e-01 1.226345379569508509e+00 1.185948389938473735e+00 1.088273819549542276e+00 1.463516848298829887e+00 1.042995582619172357e+00 1.429489191326202446e+00 1.121174088204612840e+00 1.293860483804019079e+00 1.001083390962971942e+00 -2.179146402384452941e+01 1.010998529253614553e+00 1.193399819346157464e+00 1.291470292934677966e+00
1.080515357954133338e+00 1.047347978601542717e+00 9.255577096358841294e-01 1.027399767824629606e+00 1.244569734936296745e+00 1.092657206153472504e+00 9.454177227534257266e-01 1.213890365952851269e+00 1.173751236943710863e+00 1.076728883820775806e+00 1.449676330274066727e+00 1.031767427576010920e+00 1.415834716185047526e+00 1.109404801873931090e+00 1.280989284710384535e+00 9.901570082887195534e-01 9.890815292536138115e-01 -2.155451517543754036e+01 1.181154592764915856e+00 1.278613519934126419e+00
9.099573249939846287e-01 8.804234352009324693e-01 7.726104795198370789e-01 8.626954044163041013e-01 1.057055488064820636e+00 9.207868712925170174e-01 7.901210149338699917e-01 1.029423030511560588e+00 9.933547851562781750e-01 9.065820395792267838e-01 1.243151593553011969e+00 8.665746933935783991e-01 1.212290135173818673e+00 9.357398504623226643e-01 1.089929084558713956e+00 8.296691354710395983e-01 8.287168193461571519e-01 8.383885927649156189e-01 -1.805525209170435375e+01 1.087782313311462801e+00
8.322974947210733943e-01 8.045584033463795137e-01 7.035953431373785927e-01 7.879241744464707820e-01 9.709420265309461895e-01 8.424773757661555562e-01 7.199604717733684156e-01 9.448381535551518828e-01 9.108056616689338414e-01 8.291256140078898662e-01 1.147404964198291744e+00 7.915630479186133162e-01 1.118064683504344403e+00 8.565406756426694468e-01 1.002031373632951361e+00 7.569692240417355000e-01 7.560772929346780691e-01 7.651375199341264866e-01 9.170723133114628833e-01 -1.645738581407261947e+01
