-30.81394212180672	1.6128766281546933	4.189065196726722	1.8766627927705457	2.320953192767806	2.400642073143094	0.025620204792110225	1.9988362765232812	1.7005524000617782	1.9478771795010383	2.964307662798671	0.41791373443296514	0.788988094303058	1.2751681595712057	1.0211976964704104	1.6159790881150766	0.0020797120391181896	0.900436038203144	2.0888953954686476	1.6658905959633554
0.5663966281546933	-19.79838118151219	3.223563269952811	1.201488805713872	1.55792616042761	1.6239008884803234	0.010725120226650182	1.297473784870766	1.0660636811020554	1.2572416206176138	2.1058564690665373	0.20927795663240442	0.42998655891467136	0.7546347663061891	0.5804946620068646	1.0023217941326863	0.0008223849636343892	0.5011271912282884	1.369244137691343	1.0398353010231776
0.06797519672672347	0.14895326995281186	-2.9214813488502815	0.19513978125424028	0.29088654351707993	0.3106458776205859	0.0007327943493888035	0.21912833010453855	0.16348264638514837	0.2089151641233726	0.4751673346084819	0.019617357507183828	0.0475386977643425	0.10010823450288402	0.0702235760287542	0.14945385696430397	0.00005050896225394583	0.05789842338656355	0.23792057657313184	0.15764317851849236
0.45109879277054593	0.8224048057138723	2.8906657812542402	-16.514770774689175	1.3204966071048858	1.38060284537468	0.00777248963890825	1.0855580653623595	0.8803202769803551	1.0496251795954803	1.8259687986311823	0.1600982382954924	0.3380372705799198	0.6102656354890799	0.46289909228254456	0.8244348132977644	0.0005857497925036603	0.39674179031189843	1.1499056182662168	0.8572889239472483
0.3109941927678062	0.5944471604276099	2.4020175435170796	0.7361016071048855	-12.186004608108288	1.0505578377547333	0.004704283380741976	0.8055624750305523	0.6402513813138421	0.776297982766983	1.4342642440867353	0.10429549938153601	0.22876042126107402	0.4301897306793955	0.31969945484405016	0.5960460208774027	0.00034615142865317497	0.2711863785034054	0.8582925540961679	0.6219896888856351
0.29121607314309483	0.5609548884803239	2.322309877620586	0.6967408453746798	0.9510908377547332	-11.535222142795245	0.004316212843088476	0.7635245822807173	0.6047982754516031	0.7353727943727859	1.3727854501310048	0.09679120311304427	0.21357735927540444	0.40428358011691395	0.2994536037210935	0.5624842364252974	0.00031640276589104944	0.25359145621884377	0.8143036395387535	0.5873108241673858
5.37101020479211	6.402595120226651	9.467212794349392	6.77872648963891	7.3600532833807435	7.45913221284309	-116.69327301167267	6.944193005181185	6.530822633201564	6.875765220684307	8.128292202191085	3.8836856623417946	4.925826303065026	5.869824370373351	5.412242557244769	6.4071931375230164	0.16344987524891808	5.169486086275432	7.063217145493022	6.480544707618307
0.40677427652328096	0.7518917848707659	2.7481563301045386	0.9190600653623594	1.223459475030552	1.280888582280717	0.006741005181185577	-15.191930113293001	0.8062755962810254	0.9659763465319186	1.7092357566706167	0.14195833591476037	0.30315596952117047	0.5538985635580727	0.4176341702395435	0.7537957522668535	0.0005044031786271631	0.35685645267503585	1.0610343635648354	0.784632883537142
0.5247324000617781	0.936723681102056	3.108752646385148	1.1300642769803548	1.4743903813138421	1.5384042754516027	0.009612633201562184	1.2225175962810253	-18.63539901031024	1.1837398467220903	2.0082429617323205	0.19118101824228043	0.3965652740164002	0.7028180226843065	0.5380236057378699	0.9389455051169336	0.0007326108483753963	0.46330532619935855	1.291782749909345	0.9748641983235896
0.42465217950103856	0.7804966206176143	2.806780164123373	0.9519641795954814	1.2630319827669831	1.3215737943727859	0.007150220684307084	1.0348133465319198	0.836334846722091	-15.73007813618787	1.757019651364844	0.14922225657504243	0.31719216757298624	0.5766962485200469	0.4358954441792084	0.7824524626848629	0.0005365860718556096	0.3729265754495024	1.097219365027184	0.8141200438267439
0.18380966279867159	0.37183846906653745	1.815759334608482	0.4710347986311824	0.6637252440867356	0.7017134501310047	0.0024042021910849693	0.5207997566706167	0.4035649617323207	0.4997466513648439	-7.75663979696451	0.05780392317463083	0.1323381654885921	0.2610243244036395	0.18934871478728454	0.37294012498786794	0.00017216559016273577	0.15869586568389202	0.5590450883461889	0.39087489322077146
1.9668037344329652	2.804647956632404	5.689597357507185	3.134552238295492	3.663144499381536	3.7551072031130435	0.08718566234179348	3.2829103359147602	2.9158910182422804	3.2213372565750418	4.387191923174631	-51.80474736902892	1.6436067595716062	2.3580793828383086	1.9980379301919926	2.8086137035359626	0.00796653971025418	1.8172439093673038	3.390715643786792	2.872114314415568
1.2456480943030583	1.9331265589146716	4.625288697764343	2.2202612705799196	2.6953794212610744	2.7796633592754043	0.037096303065025794	2.3518779695211705	2.0290452740164007	2.297077167572986	3.369496165488592	0.5513767595716063	-36.47345465385634	1.5584252460086834	1.27002468640351	1.9365294450483332	0.0031030337466728965	1.1304466438412584	2.448403386509079	1.9911851709645463
0.7675881595712062	1.2935347663061894	3.713618234502884	1.52824963548908	1.9325687306793957	2.006129580116914	0.0168543703733507	1.6383805635580733	1.3710580226843068	1.592341248520047	2.533942324403639	0.30160938283830885	0.5941852460086836	-25.11855863738127	0.7852511001585974	1.296269265393054	0.001328392775786942	0.6852067957082404	1.7200933530126843	1.3403494652808308
0.9790976964704086	1.5848746620068648	4.149213576028755	1.8463630922825445	2.28755845484405	2.3667796037210933	0.02475255724476825	1.967596170239544	1.6717436057378703	1.9170204441792085	2.927746714787285	0.407047930191993	0.7712646864035103	1.2507311001585975	-30.317122966708986	1.5879477978930538	0.0020040779576083498	0.8809778822878365	2.057007503369937	1.637395410904056
0.5648590881150772	0.9976817941326852	3.219423856964304	1.1988788132977646	1.554885020877403	1.6207902364252975	0.010683137523016592	1.2947377522668537	1.0636455051169336	1.2545574626848628	2.102318124987868	0.20860370353596272	0.42874944504833346	0.752729265393054	0.5789277978930536	-19.755894635940304	0.0008189843746883661	0.49972950008844513	1.366418855523955	1.0374562916907404
8.293019712039118	9.338242384963634	12.412080508962253	9.717089749792503	10.301245151428652	10.400682402765892	3.1089998752489167	9.883506403178627	9.467492610848375	9.814701586071855	11.071610165590164	6.750016539710254	7.837383033746673	8.799848392775786	8.335044077957608	9.342878984374687	-172.38102765212565	8.087222560844362	10.003136924431736	9.41682658739454
1.1066460382031444	1.7538171912282887	4.385198423386564	2.0285157903118987	2.487355378503406	2.569227456218844	0.030306086275431243	2.1551284526750365	1.8453353261993588	2.1023615754495024	3.145403865683892	0.4745639093673039	0.8799966438412583	1.39899679570824	1.129287882287837	1.7570595000884452	0.0024925608443623704	-33.30911038118169	2.248236136554944	1.8091813683539317
0.3771513954686483	0.703980137691343	2.6472665765731316	0.8637256182662169	1.1565075540961682	1.2119856395387538	0.006083145493021973	0.941352363564835	0.7558587499093453	0.9087003650271841	1.6277990883461892	0.1300816437867924	0.27999938650907874	0.515929353012684	0.38736350336993697	0.7057948555239552	0.0004529244317372048	0.33028213655494393	-14.285516605482012	0.7352021683180466
0.5407705959633554	0.9611953010231767	3.1536131785184924	1.157732923947248	1.5068286888856348	1.5716168241673854	0.01003470761830622	1.251574883537142	1.025564198323592	1.2122250438267435	2.0462528932207715	0.19810431441556842	0.4094051709645461	0.7228094652808303	0.5543754109040557	0.9634562916907415	0.0007665873945396277	0.4778513683539315	1.3218261683180463	-19.086004016354106