-7.723020819808237292e+00 3.340765793404584905e+00 1.436555756350827995e-01 7.077369663135113509e-02 1.350411575595547933e-02 3.657284001831821452e-01 2.074078340142076322e-04 4.538557223242419836e-01 1.244717417408263554e-01 2.016167366040473863e-01 6.573735844170548459e-01 1.764440123499961266e-01 2.047591746234138643e-01 3.758610196817701449e-02 9.860458650632004940e-02 6.260071409658914954e-01 4.625888009298035342e-01 7.408906389344895871e-01 4.088082068726278835e-03 9.950693107784116143e-05
1.354557934045850232e-01 -5.822658940900481417e-01 1.130136504919010756e-02 5.045976471452623228e-03 8.326332888428612453e-04 3.488139069528156666e-02 1.089002213046978347e-05 4.593787143410581197e-02 9.574145599415519875e-03 1.683727032521775344e-02 7.503833683191943327e-02 1.437606163985468213e-02 1.715049169602721538e-02 2.507968065927727429e-03 7.333865595945834523e-03 7.022845568170953123e-02 4.708446252405326660e-02 8.842746402653837989e-02 2.363092151273120183e-04 5.142522722941176789e-06
3.268245575635083444e+00 6.341201365049189853e+00 -3.004598777159910128e+01 6.010805958265856841e-01 1.579062757573706510e-01 1.832887193633373712e+00 3.363230276101554853e-03 2.086764618670018390e+00 9.051805906278621583e-01 1.256642587410276679e+00 2.586951097150236301e+00 1.149993231075947531e+00 1.269506376125601577e+00 3.685820425626682439e-01 7.669724751068367485e-01 2.515909911309055946e+00 2.110445047620366665e+00 2.767698238231494745e+00 5.499917444381777210e-02 1.658145087214638698e-03
4.139653696631351742e+00 7.279235976471452929e+00 1.545370595826585536e+00 -4.084252212558269690e+01 3.030283655467056469e-01 2.563667859488869549e+00 7.597348177800615672e-03 2.854234859848733930e+00 1.420351862826841449e+00 1.872644400189559910e+00 3.409424012789447289e+00 1.738444359005313133e+00 1.888673719148813435e+00 6.514771793863936011e-01 1.233350817158947121e+00 3.331740244983292243e+00 2.880998879647946431e+00 3.605601135476929286e+00 1.132335278702904929e-01 3.793285107416827576e-03
6.131744115755955349e+00 9.324382633288841760e+00 3.151556275757369630e+00 2.352388365546704829e+00 -6.964328492493496015e+01 4.414791026551427855e+00 4.151081962024757294e-02 4.745641275098890333e+00 2.979209415488447199e+00 3.580856971404041911e+00 5.356590579964601417e+00 3.408237311275160941e+00 3.601192688614555326e+00 1.749043187821580636e+00 2.710539857070401126e+00 5.272465778224186828e+00 4.775677543851582385e+00 5.567416795164298549e+00 4.584571065894871844e-01 2.158317784716372659e-02
2.125688400183182392e+00 5.000151390695282139e+00 4.682571936333738138e-01 2.547478594888697989e-01 5.651102655142910963e-02 -1.779124326384320298e+01 1.010345499174954576e-03 1.182014650226334007e+00 4.148499604630029314e-01 6.205370319165207649e-01 1.563769194658202411e+00 5.559203261663790974e-01 6.284559342688690320e-01 1.449287051401592641e-01 3.399118278834382112e-01 1.507814419137353257e+00 1.199416272364549396e+00 1.708521826681854705e+00 1.824572718783730452e-02 4.911716973896751871e-04
1.086673740783401421e+01 1.407185089002213196e+01 7.745303230276101125e+00 6.805247348177800859e+00 4.789800819620248618e+00 9.107580345499174612e+00 -1.520993243809016917e+02 9.451623089905131891e+00 7.549888391670638299e+00 8.219868118788280498e+00 1.007937286441799785e+01 8.030898945482226381e+00 8.241985343392340013e+00 6.009122667576461296e+00 7.238109079581843019e+00 9.993396913970245876e+00 9.482692710607011577e+00 1.029431832386096524e+01 3.470968784004770047e+00 6.505591062142631609e-01
1.869505722324242170e+00 4.666897871434105838e+00 3.778246186700180420e-01 2.010048598487343408e-01 4.305127509889139503e-02 8.377046502263341132e-01 7.430899051321462629e-04 -1.533781655083924633e+01 3.330807813834727460e-01 5.070225825075120873e-01 1.346693548089206383e+00 4.519216272267727041e-01 5.138021072652804166e-01 1.125481880077596336e-01 2.708533046811854028e-01 1.295396675975202916e+00 1.015625547710734100e+00 1.480088345102411607e+00 1.369157161219433996e-02 3.601837700579015359e-04
3.445101741740826728e+00 6.535514145599416125e+00 1.101220590627862705e+00 6.721018628268419226e-01 1.815994154884484901e-01 1.975519960463002933e+00 3.988391670638630551e-03 2.238060781383472975e+00 -3.213752894521557124e+01 1.373199197609804134e+00 2.751569855991088165e+00 1.260506085073477722e+00 1.386762553936601527e+00 4.171656142800678202e-01 8.516418238716564337e-01 2.678896903370596050e+00 2.262477168151933338e+00 2.936133336635169400e+00 6.409843906373255407e-02 1.971077430938503530e-03
2.850496736604047232e+00 5.871027270325217984e+00 7.809325874102761578e-01 4.526444001895600366e-01 1.114969714040426607e-01 1.509457031916520364e+00 2.218118788282425272e-03 1.740252582507511914e+00 7.014491976098038428e-01 -2.531253508323840862e+01 2.203948769003692298e+00 9.083016318054953908e-01 1.011120921798412509e+00 2.698530951188640725e-01 5.871525842212299562e-01 2.137446819358823635e+00 1.761949722777196747e+00 2.373997444308081128e+00 3.770148792666457721e-02 1.087710164686071183e-03
1.444953584417054904e+00 4.067928336831919012e+00 2.499410971502359635e-01 1.281240127894474889e-01 2.593057996460220588e-02 5.913891946582020553e-01 4.228644179982839440e-04 7.186235480892061434e-01 2.185198559910878358e-01 3.426487690036925660e-01 -1.149247233758404541e+01 3.027664993134800975e-01 3.475895586087965339e-01 6.990869277708185170e-02 1.754669870090063699e-01 9.576114006796884182e-01 7.310338403916930572e-01 1.111359834484011211e+00 8.049713561904767514e-03 2.039674449375426411e-04
3.014694012349996566e+00 6.057936061639855652e+00 8.636532310759476028e-01 5.078143590053133538e-01 1.282473112751620903e-01 1.634210326166378957e+00 2.618945482228156405e-03 1.874521627226772846e+00 7.781260850734778023e-01 1.097671631805495984e+00 2.353436499313480201e+00 -2.713818710054599137e+01 1.109490967326166366e+00 3.060848297102580773e-01 6.544740900793718508e-01 2.285029200560539930e+00 1.897040306530180853e+00 2.527990267113993550e+00 4.386041750589615706e-02 1.286931305475127671e-03
2.831479174623413808e+00 5.849180491696026607e+00 7.716363761256009868e-01 4.465137191488131596e-01 1.096726886145556468e-01 1.495215934268868452e+00 2.175343392339956251e-03 1.724872107265279730e+00 6.928525539366006125e-01 9.889609217984113299e-01 2.186729558608795809e+00 8.979609673261657043e-01 -2.510400777449020993e+01 2.658622459963070339e-01 5.796331604156204076e-01 2.120458977529040112e+00 1.746470516573295662e+00 2.356229786735688059e+00 3.703676901576980623e-02 1.066481419615380620e-03
4.909976101968177353e+00 8.080207968065927560e+00 2.116382042562668264e+00 1.454987179386393770e+00 5.031931878215814002e-01 3.257358705140159127e+00 1.498266757646116686e-02 3.569288188007759377e+00 1.968925614280067737e+00 2.493363095118864337e+00 4.154718692777081834e+00 2.340224829710257914e+00 2.511532245996307644e+00 -5.135925304001479219e+01 1.744087829986870064e+00 4.073498308236130683e+00 3.597804563136847378e+00 4.358985203496807515e+00 2.021554074936981749e-01 7.581209252726952424e-03
3.732254586506320582e+00 6.846293865595946215e+00 1.276032475106836817e+00 7.981208171589472267e-01 2.259498570704021325e-01 2.213601827883437956e+00 5.229079581843264733e-03 2.488853304681185374e+00 1.164661823871656621e+00 1.571922584221230101e+00 3.021536987009006747e+00 1.449874090079371625e+00 1.586563160415620954e+00 5.053478299868703338e-01 -3.564280226337315582e+01 2.946540574322149553e+00 2.514340843682282056e+00 3.211506075139223704e+00 8.157773729254348682e-02 2.594743768277138138e-03
1.499597140965891473e+00 4.149128455681709404e+00 2.649099113090559454e-01 1.364502449832921682e-01 2.781577822418719939e-02 6.214444191373529325e-01 4.569139702446799894e-04 7.533366759752029296e-01 2.318569033705955573e-01 3.621568193588236007e-01 1.043621400679686673e+00 3.203692005605394133e-01 3.673289775290402570e-01 7.469830823613064774e-02 1.864805743221490952e-01 -1.197276742702908336e+01 7.661784351431711881e-01 1.158055207663246211e+00 8.661528767503170329e-03 2.205311512627152913e-04
1.847148800929804047e+00 4.636954462524053966e+00 3.704150476203668108e-01 1.966788796479466972e-01 4.199754385158356584e-02 8.240162723645494403e-01 7.227106070109364129e-04 9.845355477107362585e-01 3.264071681519332135e-01 4.976297227771969700e-01 1.328013840391693234e+00 4.433503065301808710e-01 5.043105165732962858e-01 1.099745631368476140e-01 2.652508436822820226e-01 1.277148435143171445e+00 -1.512859489753029862e+01 1.460350860538440543e+00 1.333915943915020205e-02 3.502159100556311890e-04
1.313450638934489989e+00 3.866297464026538400e+00 2.156682382314946689e-01 1.092811354769295945e-01 2.173679516429944877e-02 5.211218266818543610e-01 3.483238609651192314e-04 6.369983451024114895e-01 1.880633366351691649e-01 2.976774443080812405e-01 8.963398344840106668e-01 2.623002671139932906e-01 3.020697867356885724e-01 5.915520349680732093e-02 1.504160751392238093e-01 8.570252076632463023e-01 6.483508605384403767e-01 -1.035316671468545735e+01 6.698177183090185845e-03 1.677539087238399691e-04
7.521538082068725650e+00 1.072299630921512659e+01 4.447859174443816954e+00 3.561803527870289976e+00 1.857667106589487416e+00 5.775735727187836233e+00 1.218887840047689769e-01 6.115491571612193589e+00 4.260918439063731356e+00 4.906271487926663788e+00 6.737919713561904445e+00 4.723060417505895003e+00 4.927766769015769377e+00 2.847215407493697281e+00 3.965377737292542282e+00 6.652521528767501913e+00 6.146229159439148937e+00 6.951588177183089634e+00 -9.231005808023776638e+01 6.620895999559210654e-02
1.167262950693107904e+01 1.487784514252272317e+01 8.549598145087214718e+00 7.607443285107417630e+00 5.575873177847165074e+00 9.913061171697389540e+00 1.456559106214263988e+00 1.025724018377005820e+01 8.353871077430937930e+00 9.024737710164686177e+00 1.088515396744493735e+01 8.835566931305475435e+00 9.046876481419616312e+00 6.807721209252727057e+00 8.041474743768278088e+00 1.079916053115126573e+01 1.028832021591005841e+01 1.110013775390872404e+01 4.221288959995593615e+00 -1.673145593009296022e+02
