-20.774352008188554	0.9023084814046727	1.082044476447078	0.9169044428065155	0.9917339024020903	1.137362392785342	1.2305912761781235	0.9414474192059291	0.8950485569021004	0.834716134261624	1.2734715161749492	1.1207091563818934	1.0525509786102256	1.1737107435685028	1.0330681553024452	0.9494626320863632	1.8313683951556226	1.1974734724161962	1.258502764907122	0.9518771111917613
1.1045004814046722	-22.962012383967508	1.1919105585977268	1.015643734352713	1.0956763991859944	1.2506762836153635	1.3494252160800944	1.0419239861242646	0.9922148085275992	0.927408798561218	1.3947280040274086	1.2329990168011957	1.1605237110886115	1.2892191297385431	1.1397685373838309	1.0504999826938095	1.978502308786938	1.3143870126454835	1.3789216513942384	1.0530827629577986
0.9222114764470781	0.8298855585977267	-19.13990262159689	0.8436584042965722	0.9143865592577765	1.0525701156560379	1.1413782463738054	0.8668345606497082	0.8230379283425113	0.7662075256261477	1.1823099677301259	1.0367340704498265	0.9720111008459723	1.0871641709087847	0.9535376603567569	0.874408026607846	1.7190604538183238	1.1098014126848312	1.1680155052250747	0.8766898777219826
1.087970442806515	0.9845177343527111	1.1745574042965725	-22.6165416933519	1.079232087833744	1.232795401284934	1.330701362174675	1.0260127153952079	0.976813522304187	0.9126980730915534	1.375634955973704	1.2152747774622625	1.1434607514712527	1.271002838104349	1.1229007488220255	1.0345024029416772	1.955494835418875	1.295956153682936	1.35995620080806	1.0370592851266551
1.008311902402096	0.9100623991859944	1.0907975592577766	0.9247440878337434	-20.948683723742278	1.1463996578679596	1.240084656877162	0.9494293146914567	0.9027595167429896	0.8420617346371851	1.2831655115795846	1.1296619602227924	1.0611482338641949	1.1829291702157168	1.0415607842123835	0.9574904743776572	1.8432226332674606	1.2068080141109356	1.2681273666889785	0.9599187457062086
0.8741693927853426	0.7852912836153636	0.9492101156560371	0.7985364012849342	0.8666286578679595	-18.127676933527436	1.0859338470139515	0.8208352923784976	0.7787078279758085	0.7241169736318567	1.125594666361068	0.9846938981633372	0.9221939613591472	1.0334549560603041	0.9043722916286464	0.8281249786510817	1.648390150319261	1.0553603526691562	1.1117402811839043	0.8303216049217764
0.8001882761781237	0.7168302160800947	0.8708082463738054	0.7292323621746748	0.7931036568771619	0.9187238470139523	-16.564401613585154	0.7501283958431136	0.7106684794718395	0.6596457140384288	1.0375946271546903	0.9042742082272841	0.8453592550756455	0.9503354437433618	0.8285862987609033	0.7569638685409126	1.5374237161380844	0.9710547814127135	1.0244561748362484	0.7590240456441161
1.0609314192059287	0.9592159861242633	1.1461515606497077	0.974430715395209	1.0523353146914574	1.2035122923784978	1.3000153958431138	-22.050981133886044	0.9516459223937603	0.8886737341259698	1.3443339798079872	1.1862521406874016	1.1155369945011304	1.2411617762704252	1.095301094267677	1.0083465934440912	1.9176498581299313	1.2657580008785845	1.3288678204415656	1.0108605346493411
1.112851556902101	1.0078258085275933	1.2006739283425114	1.023550522304188	1.10398451674299	1.2597038279758086	1.3588744794718397	1.0499649223937606	-23.136467242269738	0.9348475032813174	1.4043618643571072	1.2419481606678986	1.1691417588713018	1.2984145103695461	1.1482888271223426	1.0585841892089436	1.990089458783938	1.3236897342560408	1.3884917201070301	1.0611799525834804
1.1857831342616243	1.0762837985612184	1.277107525626148	1.0926990730915527	1.1765507346371853	1.3383769736318567	1.4411157140384288	1.1202567341259702	1.0681115032813184	-24.657838351012785	1.4881622063186275	1.319957018177435	1.2443419372830689	1.378508727809223	1.222658707237847	1.1292445788075016	2.090283513832079	1.4046920890142518	1.4717534661651206	1.1319509151123284
0.7687985161749495	0.6878630040274086	0.8374699677301259	0.6998959559737038	0.7619145115795843	0.8841146663610682	0.9633246271546884	0.7201769798079873	0.6818858643571074	0.6324222063186277	-15.89934247194331	0.8700440550605993	0.812712584878799	0.9149095302110855	0.7964019137200047	0.7268131646072811	1.4894985371646938	0.9351026735229577	0.987180254597718	0.7288134586949188
0.8882861563818933	0.7983840168011959	0.9641440704498271	0.8117857774622621	0.8806609602227922	1.0154638981633393	1.1022542082272844	0.8343451406874016	0.7917221606678986	0.7364670181774348	1.1422940550605996	-18.425342270211765	0.9368385151772644	1.0492581525317766	0.9188230037774927	0.8417191057994367	1.6692649590224071	1.071381626501361	1.1283084003919979	0.8439410447081012
0.9492279786102246	0.855008711088612	1.028521100845971	0.8690717514712525	0.941247233864195	1.082063961359147	1.1724392550756455	0.8927299945011303	0.8480157588713023	0.7899519372830687	1.2140625848787991	1.0659385151772647	-19.708173029871862	1.117279594799279	0.9811696979677725	0.9004593224259501	1.758353087406779	1.1403158397262672	1.1995287304976319	0.9027879740215669
0.8443377435685028	0.7576541297385427	0.9176241709087847	0.7705638381043489	0.8369781702157166	0.9672749560603038	1.0513654437433622	0.7923047762704251	0.7512385103695461	0.6980687278092231	1.0902095302110852	0.9523081525317771	0.8912295947992792	-17.49799436082023	0.8738240699084182	0.7994138711744687	1.6039683380895382	1.0214360125139663	1.0766380725193454	0.8015562522835942
0.9676451553024449	0.8721535373838306	1.047947660356756	0.886411748822025	0.9595597842123833	1.1021422916286467	1.193566298760903	0.910394094267677	0.8650628271223431	0.8061687072378472	1.2356519137200044	1.0858230037774923	1.019069697967774	1.137774069908418	-20.095183845386362	0.9182281731374812	1.7849612159049961	1.1610773095483544	1.2209580813600094	0.9205882749669734
1.0522996320863622	0.9511449826938091	1.1370780266078457	0.966273402941679	1.0437494743776576	1.1941549786510817	1.2902038685409127	0.99169959344409	0.9436181892089428	0.8810145788075019	1.3343231646072808	1.176979105799437	1.1066193224259502	1.2316238711744685	1.086488173137481	-21.87031308737789	1.9055122622917913	1.2561044745744152	1.3189259060067269	1.0025000800004589
0.46886539515562237	0.4138073087869382	0.5163904538183237	0.42192583541887485	0.4641416332674607	0.5490801503192609	0.6053237161380846	0.4356628581299311	0.4097834587839381	0.3767135138320792	0.6316685371646937	0.5391849590224072	0.49917308740677907	0.570838338089538	0.48788121590499606	0.44017226229179107	-9.479764705468682	0.5851807353734226	0.6224383559312374	0.4415328906333036
0.8255304724161964	0.7402520126454835	0.8976914126848317	0.7529471536829361	0.8182870141109355	0.9466103526691566	1.0295147814127144	0.7743310008785843	0.7339437342560406	0.6816820890142516	1.0678326735229569	0.9318616265013608	0.8716958397262675	0.9788660125139673	0.8545573095483543	0.7813244745744151	1.5757407353734227	-17.100544362261687	1.0544435448306344	0.7834321218991763
0.7795797649071223	0.6978066513942384	0.8489255052250747	0.70996720080806	0.7726263666889782	0.8960102811839044	0.9759361748362473	0.7304608204415659	0.6917657201070301	0.6417634661651208	1.012930254597716	0.8818084003919979	0.8239287304976318	0.9270880725193454	0.8074580813600092	0.7371659060067269	1.5060183559312377	0.9474635448306332	-16.12789020269904	0.7391869048063976
1.049718111191762	0.9487317629577985	1.1343638777219824	0.9638342851266555	1.0411817457062074	1.1913556049217762	1.2872680456441161	0.9892175346493418	0.9412179525834805	0.8787249151123283	1.3313274586949186	1.1742050447081012	1.1039519740215666	1.2287702522835942	1.0838522749669737	0.9975040800004695	1.9018768906333035	1.2532161218991766	1.3159509048063975	-21.81626883762995