-2.224687937322890008e+01 1.222880066896385509e+00 9.818802812555529336e-01 1.213365305111988368e+00 1.699094826113285661e+00 7.296558535058530470e-01 1.274479298057898280e+00 1.171245079078872653e+00 1.166858433780949555e+00 1.671471812985039884e+00 1.510429544129552326e+00 1.045324235265441937e+00 3.201909197274885321e-01 1.084012547347696254e+00 1.103110345825230709e+00 8.571165568835040771e-01 9.693991515182520669e-01 1.118981963918476819e+00 1.444531823574338736e+00 1.662851328253094119e+00
8.060010668963853986e-01 -1.802010277509722869e+01 7.903980523009330739e-01 9.916434080237438442e-01 1.425691845505729916e+00 5.761425023406400170e-01 1.045428244936618123e+00 9.547275288961472040e-01 9.508902296253338715e-01 1.400633585682731219e+00 1.255392993430388904e+00 8.451453475160555229e-01 2.423404308679031061e-01 8.786859954286114771e-01 8.952850944446927306e-01 6.837081068113234350e-01 7.796660292165223938e-01 9.091010935570046358e-01 1.196399229548414711e+00 1.392821990068045412e+00
1.018341281255555231e+00 1.243738052300932706e+00 -2.264291312972791204e+01 1.234123278763900711e+00 1.724242019628032363e+00 7.443880566507101726e-01 1.295868891507355736e+00 1.191552704174526633e+00 1.187118432784784128e+00 1.696404742243481367e+00 1.534034151473837593e+00 1.064208036536934410e+00 3.279041967913458588e-01 1.103346578674819556e+00 1.122662376068140011e+00 8.736343423687291665e-01 9.873646696642397469e-01 1.138713070156346818e+00 1.467551644770623387e+00 1.687716603913619329e+00
8.132463051119884767e-01 1.008403408023746950e+00 7.975432787639007426e-01 -1.817931861974778940e+01 1.436168436911201995e+00 5.817965414854125994e-01 1.054081627083659933e+00 9.628741337405418710e-01 9.590147059485040204e-01 1.411003448016619144e+00 1.265108845227710166e+00 8.526367901358200552e-01 2.451240385572628633e-01 8.863831883136545908e-01 9.030823798164170357e-01 6.901393706174792086e-01 7.867418333644541351e-01 9.169808307058283647e-01 1.205831232735083081e+00 1.403158225188501085e+00
5.253958261132853913e-01 6.688718455057298673e-01 5.140820196280324605e-01 6.625884369112018391e-01 -1.175173944139041460e+01 3.624302448646289920e-01 7.031853264120189184e-01 6.349390860309060969e-01 6.320752180728121949e-01 9.799468615486021106e-01 8.650428987352597465e-01 5.539318216858015731e-01 1.421381747073206803e-01 5.785531099745121475e-01 5.907952161912993772e-01 4.376793067610713628e-01 5.063205411553125534e-01 6.010132513079593508e-01 8.190412327350828914e-01 9.737090230495757393e-01
1.330068853505852688e+00 1.593434502340639991e+00 1.308340056650709959e+00 1.582328541485412243e+00 2.136542244864628959e+00 -2.929734274262695592e+01 1.653467419272082406e+00 1.533025241476697387e+00 1.527877234924264860e+00 2.105639821016134228e+00 1.924121367259323812e+00 1.384199372260308314e+00 4.681234564329667114e-01 1.430162745957370030e+00 1.452772346180408292e+00 1.157261150109270442e+00 1.293342775210359452e+00 1.471523522530730377e+00 1.849129579531429091e+00 2.095982511618367461e+00
7.680792980578982077e-01 9.559072449366187163e-01 7.530078915073560308e-01 9.478006270836596414e-01 1.370484326412019005e+00 5.466544192720826922e-01 -1.718485496197730455e+01 9.120054261016647956e-01 9.082861721874977423e-01 1.346000437983845943e+00 1.204274253640392089e+00 8.059140243628264422e-01 2.279296507522010629e-01 8.383593488453366938e-01 8.544252892830945800e-01 6.501070626251121976e-01 7.426447600935268678e-01 8.678019432615603490e-01 1.146803025201512893e+00 1.338369760369102046e+00
8.463200790788727446e-01 1.046681528896147295e+00 8.301667041745272035e-01 1.038068133740542631e+00 1.483713086030906236e+00 6.076872414766976149e-01 1.093480426101665737e+00 -1.890469035237373774e+01 9.960412377598570899e-01 1.458072605803650834e+00 1.309260597580795826e+00 8.868185748891682652e-01 2.579539402317921892e-01 9.214902325407637873e-01 9.386393127606700304e-01 7.195434804395668404e-01 8.190525650146084358e-01 9.529082504879092808e-01 1.248714821105419315e+00 1.450077534260179046e+00
8.498614337809495822e-01 1.050772229625334120e+00 8.336604327847841889e-01 1.042136705948503828e+00 1.488777218072811825e+00 6.104672349242651341e-01 1.097689172187497508e+00 1.003969237759839928e+00 -1.898222258610578095e+01 1.463086935936884103e+00 1.313969013545158937e+00 8.904770451534584907e-01 2.593396281344128029e-01 9.252464356107055199e-01 9.424430147249068801e-01 7.226963354049108501e-01 8.225132166335237249e-01 9.567510575067149636e-01 1.253290072142366318e+00 1.455076166228749024e+00
5.381508129850398614e-01 6.841915856827309739e-01 5.266227422434816008e-01 6.778014480166190125e-01 1.020324861548603801e+00 3.719058210161345635e-01 7.190794379838457706e-01 6.496766058036508307e-01 6.467629359368840536e-01 -1.204164978074460279e+01 8.834655495999265140e-01 5.672190727469829108e-01 1.463643614709095597e-01 5.922904570095672838e-01 6.047532837060234367e-01 4.487225568326613234e-01 5.187131911892935987e-01 6.151540105694855987e-01 8.367741626945084388e-01 9.936768837082545769e-01
6.200005441295521891e-01 7.818429934303888773e-01 6.071441514738377121e-01 7.747988452277102533e-01 1.148312898735259768e+00 4.332793672593239220e-01 8.202452536403923578e-01 7.437565975807955976e-01 7.405370135451589952e-01 1.126357549599926511e+00 -1.388958930996704133e+01 6.523629863993019029e-01 1.742406735754715164e-01 6.802138762953464646e-01 6.940376943365746953e-01 5.199238677692935573e-01 5.983158740012876065e-01 7.055639141527494385e-01 9.491328730725976381e-01 1.119522335742074048e+00
9.560052352654406782e-01 1.172705347516055374e+00 9.384280365369347399e-01 1.163436790135820242e+00 1.638311821685801473e+00 6.944673722603085242e-01 1.222995024362826255e+00 1.122424574889168358e+00 1.118155045153458094e+00 1.611221072746982674e+00 1.453472986399301892e+00 -2.129456314306981568e+01 3.019361886921813065e-01 1.037583867294205042e+00 1.056146529004768464e+00 8.175794286901024721e-01 9.263243370510098051e-01 1.071578375843864173e+00 1.389022512211665061e+00 1.602768597329922828e+00
2.285701919727488374e+00 2.624730430867903141e+00 2.256954196791345790e+00 2.610754038557262735e+00 3.281348174707320542e+00 1.833221456432966745e+00 2.699840650752201032e+00 2.548389940231791773e+00 2.541847628134412673e+00 3.245196361470909618e+00 3.030180673575471495e+00 2.356766188692181352e+00 -4.911108402554535246e+01 2.416515806414108347e+00 2.445715468773645096e+00 2.053265405380658937e+00 2.237036026740283123e+00 2.469839099986194331e+00 2.939907744462160633e+00 3.233872813847051830e+00
9.204445473476957629e-01 1.131996995428611541e+00 9.033175786748187663e-01 1.122934188313654547e+00 1.588684109974511927e+00 6.661817459573701194e-01 1.181191348845336719e+00 1.082847232540764315e+00 1.078675435610705335e+00 1.562043457009566927e+00 1.407074876295346444e+00 9.633348672942052549e-01 2.874368064141085144e-01 -2.052227519907853193e+01 1.018117105689603896e+00 7.857101251342158976e-01 8.915269452401636263e-01 1.033182601592234295e+00 1.343842234991936779e+00 1.553732996723681037e+00
9.035243458252305571e-01 1.112578094444691912e+00 8.866153760681403373e-01 1.103615379816417663e+00 1.564908216191299273e+00 6.527733461804081649e-01 1.161239289283094722e+00 1.063978312760669898e+00 1.059854014724907589e+00 1.538488283706023196e+00 1.384880694336574569e+00 9.458795290047691262e-01 2.806184687736454908e-01 9.820991056896045679e-01 -2.015398179692567382e+01 7.705746875328697287e-01 8.749762759097894360e-01 1.014887655399732136e+00 1.322243274939938873e+00 1.530247446337862360e+00
1.157943556883503700e+00 1.401414106811323279e+00 1.138000342368729045e+00 1.391085370617479056e+00 1.912205306761071366e+00 8.576751501092703123e-01 1.457334062625112114e+00 1.345295480439566704e+00 1.340520335404910890e+00 1.882870556832661357e+00 1.711179867769293761e+00 1.207725428690102687e+00 3.885814053806593282e-01 1.250105125134216122e+00 1.270987687532869836e+00 -2.563978063711060784e+01 1.124249080729274208e+00 1.288324146907251055e+00 1.640574373997054414e+00 1.873709252116255497e+00
1.031238151518251822e+00 1.258384029216522038e+00 1.012742669664242312e+00 1.248699833364454115e+00 1.741858541155312468e+00 7.547687752103596770e-01 1.310883760093526806e+00 1.205816565014608210e+00 1.201349216633523787e+00 1.713873191189293488e+00 1.550583874001287388e+00 1.077482337051009598e+00 3.333640267402834256e-01 1.116933945240163872e+00 1.136401275909789454e+00 8.852610807292741191e-01 -2.292105248134857476e+01 1.152576422364637976e+00 1.483696494167201951e+00 1.705138292084833029e+00
8.897669639184768720e-01 1.096765093557004578e+00 8.730370701563463509e-01 1.087884830705828865e+00 1.545497251307959230e+00 6.418955225307303447e-01 1.144986943261560475e+00 1.048618250487909132e+00 1.044533057506715545e+00 1.519260010569485564e+00 1.366777914152749407e+00 9.316823758438643743e-01 2.751130999861944870e-01 9.675356015922328412e-01 9.852586553997345620e-01 7.582821469072509313e-01 8.615224223646382740e-01 -1.985412618406845908e+01 1.304632182815819386e+00 1.511076791003957753e+00
6.576228235743386552e-01 8.263692295484146300e-01 6.441816447706233406e-01 8.190412327350828914e-01 1.205831232735083081e+00 4.618075795314289800e-01 8.662940252015128850e-01 7.867308211054193645e-01 7.833780721423662108e-01 1.183186162694508603e+00 1.052652873072598361e+00 6.914325122116650180e-01 1.874877444621605993e-01 7.205012349919366343e-01 7.349202749399387224e-01 5.528383739970543775e-01 6.349484941672016713e-01 7.469381828158194736e-01 -1.473229663987502747e+01 1.176134125177874301e+00
5.422033282530940301e-01 6.890529900680452124e-01 5.306076039136192746e-01 6.826292251885011098e-01 1.026760023049575254e+00 3.749215116183675645e-01 7.241217603691019189e-01 6.543545342601788661e-01 6.514251662287489086e-01 1.006349883708260284e+00 8.893033357420739859e-01 5.714395973299227771e-01 1.477138138470519002e-01 5.966529967236811061e-01 6.091854463378623130e-01 4.522342521162555085e-01 5.226512920848327415e-01 6.196437910039579444e-01 8.423951251778744043e-01 -1.213364567702100416e+01
