-1.589622636807015610e+01 9.590740174298095777e-01 6.972031809027395832e-01 7.894550497263129740e-01 9.078472881998433941e-01 2.988783587040685141e+00 7.324527393469284497e-01 4.193844558878300210e-01 9.750608319430983384e-01 9.149848624543927000e-01 6.309551590370773289e-01 9.485199112449775871e-01 2.394187798028385439e-02 8.720647173072927361e-01 1.218832939141795135e+00 6.743020103697807688e-01 3.176090387743633059e-01 3.272509419747376413e-01 5.915880890073872411e-01 9.069156703008215414e-01
1.042074017429807542e+00 -1.659200016906361341e+01 7.299539288208037879e-01 8.252600763335040668e-01 9.472899719705430988e-01 3.061464274481171532e+00 7.663945548729244051e-01 4.415557963286506626e-01 1.016439105912012142e+00 9.546373815475108771e-01 6.613825668957522552e-01 9.891445666952235483e-01 2.562586190133103042e-02 9.104396091219958409e-01 1.266532952749269025e+00 7.062623881939302795e-01 3.352731367821426556e-01 3.453593799791057073e-01 6.205797100211666306e-01 9.463308890267668749e-01
1.379873180902739582e+00 1.329623928820803824e+00 -2.222117333916478188e+01 1.117849555556439833e+00 1.266282936689987260e+00 3.600953934171936321e+00 1.045273262709845552e+00 6.306742980026380785e-01 1.349289309795571157e+00 1.275138965934974777e+00 9.140435151330285057e-01 1.316615107727070466e+00 4.160501369997069571e-02 1.221731428602523595e+00 1.643741781749799236e+00 9.704175870877828070e-01 4.884335875284153694e-01 5.021080079881464764e-01 8.623916596902548859e-01 1.265126277372858210e+00
1.245015049726312828e+00 1.197820076333503847e+00 8.907395555564399103e-01 -1.996412287542388597e+01 1.138464943373308058e+00 3.393896689352134732e+00 9.326389691258586412e-01 5.528500946093500845e-01 1.216278988536225514e+00 1.146754375855684627e+00 8.114562246840749671e-01 1.185617334785750598e+00 3.467710133326476485e-02 1.096810780868119783e+00 1.494293145292355796e+00 8.634134787343158424e-01 4.248913836504722985e-01 4.371315496127510247e-01 7.639906218101666369e-01 1.137382512183797267e+00
1.098187288199843792e+00 1.054629971970542535e+00 7.739529366899875473e-01 8.732449433733080468e-01 -1.752164024796393704e+01 3.156238070202656232e+00 8.119499396970505378e-01 4.716133872317970210e-01 1.071653732883702359e+00 1.007619253259197434e+00 7.023381254511600336e-01 1.043384825825642181e+00 2.797186598890684384e-02 9.617650833887947392e-01 1.329881411425035909e+00 7.492271751768183607e-01 3.593235525798481045e-01 3.700039170684148448e-01 6.596494375428886281e-01 9.990053300083411303e-01
1.801935870406849161e-01 1.698742744811717331e-01 1.096939341719363054e-01 1.297466893521348197e-01 1.573080702026562472e-01 -2.339901001648510004e+00 1.172095125799296200e-01 5.679640225048379620e-02 1.738756222247547500e-01 1.590356634970134242e-01 9.605868968726649637e-02 1.672534842758775231e-01 2.181278254507277269e-03 1.487605569642797276e-01 2.396364905875409124e-01 1.049081580281744641e-01 4.026390084736836822e-02 4.176300778033573136e-02 8.825854441608620149e-02 1.570831350063080500e-01
1.325902739346928039e+00 1.276844554872924586e+00 9.560532627098454750e-01 1.070528969125858376e+00 1.215059939697050062e+00 3.519249512579929462e+00 -2.131626555756363572e+01 5.991666431122786296e-01 1.296039291890812351e+00 1.223694587830594482e+00 8.727253248539111885e-01 1.264150302781713586e+00 3.874025454739477708e-02 1.171641205709940348e+00 1.584100267387009708e+00 9.273589028671723744e-01 4.626255968913354777e-01 4.757262187206299231e-01 8.227256963689397740e-01 1.213932286269364669e+00
1.962644455887829542e+00 1.901815796328650610e+00 1.491264298002637823e+00 1.640550094609350307e+00 1.824533387231796588e+00 4.408646402250483654e+00 1.548976643112278229e+00 -3.213866607277499554e+01 1.925670826275424963e+00 1.835380611546119978e+00 1.380350620345989876e+00 1.885999934645924858e+00 8.151173812370279825e-02 1.769750653178856048e+00 2.275836088381712141e+00 1.453296389213162509e+00 7.983818767172912167e-01 8.181437202793738761e-01 1.312796900964271485e+00 1.823115635680144342e+00
1.025360831943096684e+00 9.837391059120115244e-01 7.169193097955713911e-01 8.110189885362257822e-01 9.316137328837027498e-01 3.032765622224754765e+00 7.528892918908125509e-01 4.327108262754253420e-01 -1.631548888028136446e+01 9.388784149070448226e-01 6.492666000532784087e-01 9.730024177648769479e-01 2.494932929453810150e-02 8.951844447659009774e-01 1.247606026191220518e+00 6.935401938730112459e-01 3.282184024822215052e-01 3.381280097840606014e-01 6.090318532053479172e-01 9.306654784982641981e-01
1.090124862454392662e+00 1.046777381547511876e+00 7.676089659349747407e-01 8.663343758556845131e-01 9.924192532592012173e-01 3.142765663497013584e+00 8.053845878305945227e-01 4.672606115461204190e-01 1.063718414907044885e+00 -1.738794472276332570e+01 6.964275786935003598e-01 1.035587392859823153e+00 2.762763257155425450e-02 9.543805416666506503e-01 1.320797761041166973e+00 7.430304126206572768e-01 3.558334748711646234e-01 3.664283833300228665e-01 6.540078037225157681e-01 9.914296245537317365e-01
1.490765159037077181e+00 1.438192566895752700e+00 1.091183515133028470e+00 1.215706224684074854e+00 1.371808125451160043e+00 3.764458689687266713e+00 1.139085324853911674e+00 6.969006203459899851e-01 1.458776600053278472e+00 1.381097578693500472e+00 -2.408749707414944297e+01 1.424569302451544228e+00 4.789534377156118988e-02 1.325036154142281042e+00 1.765627212207645291e+00 1.059837908459993816e+00 5.430306014248446056e-01 5.578815534812806565e-01 9.450499282739019957e-01 1.370594665101348308e+00
1.053309911244978192e+00 1.010934566695225856e+00 7.387351077270706279e-01 8.348473347857509053e-01 9.578348258256432768e-01 3.080633484275877798e+00 7.754903027817136030e-01 4.475299346459251093e-01 1.027492417764876320e+00 9.652373928598219077e-01 6.695493024515442038e-01 -1.677798865377800652e+01 2.608636445618942729e-02 9.207036464059779046e-01 1.279241725524276951e+00 7.148346655688450069e-01 3.400439471679668757e-01 3.502490274764319955e-01 6.283661733681050743e-01 9.568685227517877978e-01
5.452061877980283633e+00 5.370745861901331963e+00 4.787055013699970551e+00 5.007237101333265272e+00 5.265751865988907987e+00 8.238891278254508066e+00 4.873410254547395404e+00 3.966371738123703583e+00 5.402769329294537570e+00 5.280607632571554966e+00 4.616205343771561331e+00 5.349416364456189399e+00 -9.632599568075532659e+01 5.190100763353226121e+00 5.854947264448878030e+00 4.729324479635076628e+00 3.563333132302915374e+00 3.605316384776906080e+00 4.508642759418800772e+00 5.263807234896308529e+00
1.139874717307292729e+00 1.095249609121996315e+00 8.068714286025235882e-01 9.090607808681192559e-01 1.039235083388795777e+00 3.225160556964279834e+00 8.460012057099406402e-01 4.943006531788562419e-01 1.112694444765900847e+00 1.047050541666650680e+00 7.330361541422810712e-01 1.083723646405977625e+00 2.979076335322522820e-02 -1.821360708210023560e+01 1.376753847629034411e+00 7.813919102317424814e-01 3.775531940245252516e-01 3.886758250333172127e-01 6.889679955808198919e-01 1.038214724124955302e+00
8.090729391417947891e-01 7.737729527492692716e-01 5.513117817497988904e-01 6.289731452923557065e-01 7.297814114250356088e-01 2.638466490587540569e+00 5.808902673870095512e-01 3.228160883817122739e-01 7.875460261912200499e-01 7.358977610411669978e-01 4.960572122076450374e-01 7.646917255242763334e-01 1.706726444887744429e-02 6.991838476290341831e-01 -1.275070299908783511e+01 5.321606345586031850e-01 2.414741008923763366e-01 2.491174127525712101e-01 4.634385330169040751e-01 7.289834041106456608e-01
1.416732010369780692e+00 1.365692388193930240e+00 1.030177587087782731e+00 1.150283478734315468e+00 1.301317175176817997e+00 3.655928158028174391e+00 1.076338902867172154e+00 6.524663892131625786e-01 1.385670193873011158e+00 1.310320412620656905e+00 9.424579084599926659e-01 1.352474665568844658e+00 4.363447963507545435e-02 1.256011910231742190e+00 1.684350634558603232e+00 -2.284045342172845494e+01 5.063472947550604619e-01 5.204132295597112545e-01 8.896953769467663697e-01 1.300141225847860849e+00
2.295489038774362722e+00 2.230153136782142109e+00 1.783643587528414898e+00 1.947211383650472083e+00 2.146863552579847401e+00 4.826733900847368197e+00 1.847055596891335139e+00 1.233001876717291001e+00 2.255798402482220855e+00 2.158573474871164244e+00 1.661100601424844170e+00 2.213133947167966298e+00 1.130931323029146368e-01 2.087623194024524675e+00 2.629114100892376182e+00 1.741797294755059955e+00 -3.792477857300724509e+01 1.023059568313392953e+00 1.586000218677440676e+00 2.145332564324108571e+00
2.259360941974738246e+00 2.194469379979106183e+00 1.751548007988146693e+00 1.913681549612751498e+00 2.111773917068415329e+00 4.782463007780336284e+00 1.814386218720630328e+00 1.206993720279374349e+00 2.219938009784060640e+00 2.123398383330023176e+00 1.630181553481280909e+00 2.177569027476432328e+00 1.093063847769058100e-01 2.052975825033317658e+00 2.590987412752571828e+00 1.710093229559711769e+00 9.772895683133914213e-01 -3.729251907316751868e+01 1.555848786275597639e+00 2.110254148980738265e+00
1.563388089007387460e+00 1.509379710021166998e+00 1.151521659690254662e+00 1.280230621810167113e+00 1.441109437542888339e+00 3.868648544416086299e+00 1.201075696368939960e+00 7.413369009642718499e-01 1.530531853205348014e+00 1.450667803722515581e+00 1.057039928273902252e+00 1.495376173368105022e+00 5.232275941880098341e-02 1.392957995580819786e+00 1.844998533016904307e+00 1.119065376946766888e+00 5.799202186774410350e-01 5.955387862755974204e-01 -2.531497081539778904e+01 1.439860727090425341e+00
1.099245670300821098e+00 1.055660889026766025e+00 7.747862773728579899e-01 8.741525121837969703e-01 1.000995330008290995e+00 3.158003135006307804e+00 8.128122862693644146e-01 4.721856356801444887e-01 1.072695478498263855e+00 1.008619624553728000e+00 7.031146651013481241e-01 1.044408522751788526e+00 2.801723489630757527e-02 9.627347241249553100e-01 1.331073404110645564e+00 7.500412258478610372e-01 3.597825643241088223e-01 3.704741489807375499e-01 6.603907270904250115e-01 -1.753919405612852245e+01
