-3.017017657788810681e+01 1.262217719591685272e+00 6.781932585143941594e-01 1.015626052892316444e+00 2.653233340799877826e+00 6.563636074096477202e-01 2.400894555174152067e+00 1.096887814581080089e+00 2.078232423768715087e+00 2.822525008384365819e+00 2.695716535260319180e+00 1.520741345765855623e+00 2.415184249863232824e-01 1.349179986624678751e+00 2.594883923426866357e+00 9.678701578804366212e-01 1.363818253765107347e+00 1.096123476016868992e+00 1.477967102952321587e+00 2.198183590093102602e+00
7.768867195916855373e-01 -2.455132090385108512e+01 5.118270535547101430e-01 7.900156569789594796e-01 2.258596328486847771e+00 4.942463618603266662e-01 2.022995284178550346e+00 8.586435003853095660e-01 1.725771054310445862e+00 2.418019483088551524e+00 2.298505687333274761e+00 1.225263669976189185e+00 1.721754350320452986e-01 1.075225626974081861e+00 2.203892727122971351e+00 7.499618379641463939e-01 1.087944547328336453e+00 8.579952967891770754e-01 1.187660974513444545e+00 1.835693658382028026e+00
1.410364258514394065e+00 1.729329053554710116e+00 -3.986215450272619876e+01 1.429713480964764472e+00 3.289807087425169918e+00 9.712165755508659348e-01 3.017896136875211521e+00 1.529600822331938392e+00 2.664472188260443630e+00 3.470386351628628407e+00 3.335252404767090617e+00 2.033613038831896702e+00 3.909188693735615172e-01 1.832694363538160731e+00 3.227240041366533863e+00 1.370428854237540461e+00 1.849988339477469212e+00 1.528666861955992440e+00 1.983869210477739342e+00 2.796696563594085916e+00
9.845350528923200173e-01 1.244255656978959124e+00 6.664514809647645865e-01 -2.979036224015772660e+01 2.627225037354809611e+00 6.449055006629950126e-01 2.375867156837766281e+00 1.080450118713571328e+00 2.054716605986361966e+00 2.795943672027701332e+00 2.669558391034474010e+00 1.500698386071884105e+00 2.364416989401457447e-01 1.330479125158269937e+00 2.569088328475400473e+00 9.527417460385221304e-01 1.344997040049123349e+00 1.079693214821452862e+00 1.458245110703147551e+00 2.174068916446058264e+00
2.367643407998781535e-01 3.274583284868475830e-01 1.411670874251702845e-01 2.418470373548099184e-01 -8.827800527268518493e+00 1.353114390201974881e-01 8.544630079026325209e-01 2.689366273262642215e-01 6.833013238649947585e-01 1.103224458754979986e+00 1.025487932806704139e+00 4.281391474823555421e-01 3.970840477944392183e-02 3.600757545937314785e-01 9.654522508361398359e-01 2.264415706922734695e-01 3.656907400785616713e-01 2.686766865741960775e-01 4.107077851267147417e-01 7.449466033626224171e-01
1.446664607409647862e+00 1.769878361860327098e+00 1.029346575550864396e+00 1.466297500662995246e+00 3.342081439020197386e+00 -4.069034215023607004e+01 3.068893656722183394e+00 1.567593586101471148e+00 2.713419946415023265e+00 3.523386929212329655e+00 3.387718068542674654e+00 2.077472652441357148e+00 4.054978446968064976e-01 1.874442187364643075e+00 3.279241105537921808e+00 1.406132247144014968e+00 1.891928956151754271e+00 1.566646874087808783e+00 2.027231346184602767e+00 2.846468265129450170e+00
2.911555551741520920e-01 3.985872841785503828e-01 1.759861368752115296e-01 2.972191568377662296e-01 1.161193007902632690e+00 1.688536567221833318e-01 -1.064598333201545266e+01 3.294468522678099531e-01 8.080882076434103833e-01 1.274555178493340657e+00 1.189254854169751852e+00 5.161827024966556543e-01 5.066746165625338888e-02 4.368611221531325528e-01 1.123079279938105302e+00 2.788235892264881999e-01 4.434321135377511935e-01 3.291383087642738015e-01 4.959348707730710237e-01 8.775239932049134772e-01
9.089928145810802773e-01 1.156079500385309267e+00 6.095348223319385639e-01 9.236461187135718287e-01 2.497510627326264387e+00 5.893975861014710826e-01 2.251290852267810116e+00 -2.791587000654260819e+01 1.938014707362512690e+00 2.663216707359223001e+00 2.539057036410584445e+00 1.401905149616709201e+00 2.122213600826881319e-01 1.238542897367478801e+00 2.440490082386307158e+00 8.788934282522153918e-01 1.252447313225565129e+00 9.992806725601023343e-01 1.361094892402859635e+00 2.054253437808916782e+00
3.805334237687149623e-01 5.134030543104455280e-01 2.346021882604438780e-01 3.881086059863623761e-01 1.402071323864994667e+00 2.254199464150233589e-01 1.220128207643410345e+00 4.282107073625124882e-01 -1.347265879702606739e+01 1.528629873534941952e+00 1.433501346803809584e+00 6.559919786206265258e-01 6.989465647152558192e-02 5.601111685463713297e-01 1.359271193186135873e+00 3.650967886609975399e-01 5.680999530038787215e-01 4.278280141261019409e-01 6.316292495430781972e-01 1.080127116916691943e+00
2.062560083843657244e-01 2.870814830885515812e-01 1.219463516286282273e-01 2.107656720277011897e-01 9.034244587549805638e-01 1.168169292123293901e-01 7.680251784933406212e-01 2.348427073592227188e-01 6.100598735349417323e-01 -7.767125919383713217e+00 9.272306080726926414e-01 3.776005016644635726e-01 3.381880567514797958e-02 3.163214451541564998e-01 8.711996202498548669e-01 1.971048718004361766e-01 3.213635221815821508e-01 2.346113485193628834e-01 3.618740566201814612e-01 6.667824769617723968e-01
2.286975352603194400e-01 3.168176873332747001e-01 1.360624047670911663e-01 2.336303910344743884e-01 9.749379328067022676e-01 1.303980685426744945e-01 8.319748541697516986e-01 2.599330364105846836e-01 6.641813468038098023e-01 1.076480608072693190e+00 -8.550470457742138208e+00 4.148621480901217295e-01 3.813274447636048198e-02 3.485573504318448812e-01 9.409789252928753012e-01 2.186812864129900891e-01 3.540235960013672911e-01 2.596805556366611478e-01 3.978721600776992107e-01 7.245678261208431392e-01
6.143453457658558658e-01 8.041986699761891622e-01 3.950460388318967064e-01 6.253933860718843274e-01 1.938212147482355485e+00 3.807756524413571930e-01 1.719525702496655706e+00 6.834041496167092555e-01 1.447294978620626393e+00 2.087473501664463438e+00 1.975485148090121656e+00 -2.022378052343863786e+01 1.269559527302943636e-01 8.691544519099823063e-01 1.887226457392779944e+00 5.917393514656802411e-01 8.801809120803683051e-01 6.828542224488030055e-01 9.670520023264989051e-01 1.547462452026112434e+00
2.628889424986323498e+00 3.044877435032045554e+00 2.046118869373561910e+00 2.654903698940146217e+00 4.843548404779443928e+00 2.002567844696806709e+00 4.547777461656253628e+00 2.787487360082688159e+00 4.154964656471525686e+00 5.037458805675147921e+00 4.892522744476361041e+00 3.420722952730294253e+00 -6.623306478170887601e+01 3.174550092926081035e+00 4.775919170120104695e+00 2.574837976474194878e+00 3.196033392280411611e+00 2.786260420658517312e+00 3.360443672422818384e+00 4.303180397926152700e+00
7.169909866246788610e-01 9.283676269740812614e-01 4.683343635381606029e-01 7.293811251582701383e-01 2.144355754593731511e+00 4.519521873646427101e-01 1.914411122153132361e+00 7.942488973674786124e-01 1.625621168546371287e+00 2.300401445154156566e+00 2.183387350431845064e+00 1.143361451909981508e+00 1.549900929260808746e-01 -2.298367495653507220e+01 2.090891802398655575e+00 6.916014152884110144e-01 1.012128137633625524e+00 7.936354268435781290e-01 1.107373401007648583e+00 1.732241200620541433e+00
2.483249234268664896e-01 3.426647271229714686e-01 1.485100413665340624e-01 2.536203284754007803e-01 1.035362250836140863e+00 1.423811055379219370e-01 8.862592799381049380e-01 2.818260823863072972e-01 7.104111931861358809e-01 1.140909620249854761e+00 1.061438925292875313e+00 4.470634573927798061e-01 4.198917012010468935e-02 3.765218023986557916e-01 -9.221573370349751997e+00 2.375668427230554214e-01 3.823466712961054448e-01 2.815555681934447385e-01 4.290107590888725397e-01 7.738106213176186854e-01
1.032833157880436614e+00 1.300255837964146233e+00 7.032208542375407712e-01 1.048795746038521548e+00 2.707873570692273635e+00 6.807942471440145971e-01 2.453525589226488002e+00 1.131751428252215197e+00 2.127758788660997435e+00 2.878336871800436292e+00 2.750663286412990072e+00 1.563098351465680214e+00 2.524299764741944618e-01 1.388753415288410897e+00 2.649088842723055226e+00 -3.097239334278376077e+01 1.403641587014860415e+00 1.130971584892209281e+00 1.519659050835336922e+00 2.248941155779954570e+00
7.074702537651075263e-01 9.169275473283361455e-01 4.614693394774694313e-01 7.197400400491233974e-01 2.125811740078561662e+00 4.452799561517541416e-01 1.896823113537751349e+00 7.839943132255652314e-01 1.609450953003878970e+00 2.281284522181582286e+00 2.164694596001367710e+00 1.130228912080368575e+00 1.523143922804112982e-01 9.879691376336280362e-01 2.072557671296105575e+00 6.823305870148606012e-01 -2.273175825018107332e+01 7.833865172407901145e-01 1.094507759671176084e+00 1.715516898163238046e+00
9.096674760168697027e-01 1.156870296789177521e+00 6.100398619559926905e-01 9.243282148214531091e-01 2.498689686574195878e+00 5.898898740878085745e-01 2.252421308764274155e+00 1.000719672560066664e+00 1.939071014126101833e+00 2.664424348519363051e+00 2.540243555636660933e+00 1.402794222448803030e+00 2.124334206585171969e-01 1.239368426843578286e+00 2.441658568193444623e+00 8.795525848922093326e-01 1.253278517240789869e+00 -2.793275878214022256e+01 1.361968715467684277e+00 2.055339016543225927e+00
6.382071029523216366e-01 8.332319745134446620e-01 4.119382104777392639e-01 6.495761107031474690e-01 1.987416785126714824e+00 3.971703461846025629e-01 1.765913870773070826e+00 7.092298924028592744e-01 1.489568249543078204e+00 2.138383056620181133e+00 2.025131160077699111e+00 1.033688002326498268e+00 1.333126724228186621e-01 8.998024010076486334e-01 1.935809759088872539e+00 6.149360508353368671e-01 9.110957596711762863e-01 7.086647154676840588e-01 -2.087441143150725864e+01 1.591335311312362721e+00
3.442945900931029812e-01 4.671356583820276409e-01 2.106365635940860848e-01 3.512709164460584010e-01 1.307526603362622497e+00 2.022782651294502410e-01 1.133373993204913388e+00 3.882594378089166409e-01 9.239371169166921138e-01 1.429162476961772343e+00 1.337697826120842981e+00 5.999694520261124042e-01 6.192039792615243454e-02 5.105412006205416464e-01 1.266480621317618738e+00 3.300891557799548459e-01 5.179758981632380799e-01 3.879060165432262619e-01 5.772063113123626632e-01 -1.234766250170969215e+01
