-9.392199395134772644e+00 1.509901675875029436e+00 7.596953551064256072e-02 1.308252983594417052e-01 7.355325738685584720e-04 4.312104960927398700e-01 6.494467608912128588e-05 6.638558025531131612e-01 1.501709876140256139e-01 1.272618169275002042e+00 1.783474515914077019e+00 1.492703857205737450e-01 1.380589576220737046e-02 2.577126907978399828e-01 6.492271618841445602e-02 9.590545707693515221e-01 1.031177426380700979e+00 8.973801000775708525e-01 2.171252714910494153e-07 4.843386881379131850e-05
6.202916758750293136e-01 -5.504561720441510708e+00 3.776594139690903074e-02 6.685933253022151301e-02 3.305620870694702426e-04 2.413867914204296805e-01 2.863559639382653543e-05 3.897837040702791245e-01 7.737368276736478201e-02 8.192112285826663731e-01 1.216335706928296068e+00 7.688152116752738907e-02 6.491262162298235862e-03 1.378366299491951830e-01 3.205381259457230209e-02 5.912966233239242975e-01 6.425298230723617277e-01 5.480833751247057295e-01 9.354733827001593775e-08 2.131824492884192598e-05
4.052800535510642455e+00 4.904206941396909158e+00 -4.451167405927744625e+01 1.405288339149557864e+00 2.284051350300616082e-02 2.705205680641577626e+00 2.330195225502032161e-03 3.341965188040684875e+00 1.525331473450298958e+00 4.531395066900296698e+00 5.299007989582741551e+00 1.519943006513456263e+00 2.901304980760101571e-01 2.068621032586635433e+00 9.016813945710625555e-01 3.974748618096224373e+00 4.110999094434474976e+00 3.853410071862005903e+00 9.058631411579363431e-06 1.759361104938076325e-03
3.383682298359441454e+00 4.209326332530221038e+00 6.813143391495581902e-01 -3.603362824310393364e+01 1.250823775399097226e-02 2.121352088620778176e+00 1.229761954026524886e-03 2.708916165690460787e+00 1.097746046791184815e+00 3.845968418002961187e+00 4.596504868562337975e+00 1.093328261907122512e+00 1.763472203509453551e-01 1.556325221503844558e+00 6.069269487592786616e-01 3.308824990571640701e+00 3.439604637492185812e+00 3.192792097653972760e+00 4.614635353059200468e-06 9.256928146331722118e-04
9.463045532573868712e+00 1.035225056208706995e+01 5.508319513503006526e+00 6.221961237753991014e+00 -1.262276118167727645e+02 7.966521124460342662e+00 1.978229373812957492e-01 8.693579684132732410e+00 6.409624007121450973e+00 9.965988327897667531e+00 1.075750902578207935e+01 6.401377266942432698e+00 3.490412413549326853e+00 7.176007961580596728e+00 5.308924880870736551e+00 9.380062210352543062e+00 9.524726015349360253e+00 9.250419491062118027e+00 1.345040027244570353e-03 1.577145843449039575e-01
1.929770496092739762e+00 2.629556791420429196e+00 2.269346806415776796e-01 3.670550886207782360e-01 2.771124460341309152e-03 -1.920095530855092392e+01 2.547659420128475056e-04 1.408009202186754516e+00 4.137835016035982805e-01 2.314441704641359454e+00 2.975654262282400264e+00 4.116345757929195104e-01 4.695591144622734275e-02 6.552666061511660534e-01 1.970253507597438669e-01 1.869411962607443245e+00 1.975231100622625080e+00 1.777006609376603263e+00 8.918856008315592979e-07 1.906820166024594939e-04
1.213841494467609117e+01 1.302798863559639386e+01 8.163849195225504118e+00 8.886722761954027661e+00 2.873862937381296057e+00 1.064004476594201343e+01 -1.722301223519386042e+02 1.136829139112751008e+01 9.076042136924751702e+00 1.264160089237402573e+01 1.343333968644270193e+01 9.067727860829815967e+00 6.060811091004836726e+00 9.847051209774422276e+00 7.960767141412982362e+00 1.205538008519674698e+01 1.220013136792334230e+01 1.192564893557483607e+01 1.361567333117558870e-02 8.488316392461175974e-01
1.434045802553113091e+00 2.049583704070279122e+00 1.353241880406847730e-01 2.262491656904608295e-01 1.459684132731630096e-03 6.796392021867546651e-01 1.313911275088273792e-04 -1.390115558219030412e+01 2.574798177681275058e-01 1.768312501172152107e+00 2.365042685416490098e+00 2.560343791880168585e-01 2.612134147217358426e-02 4.250738333940073943e-01 1.165051033250423113e-01 1.382616715584381817e+00 1.472973397649748994e+00 1.304464062481371922e+00 4.492314050705115433e-07 9.815770585331998232e-05
3.213517987614025628e+00 4.030330682767364614e+00 6.118474734502991064e-01 9.082360467911844149e-01 1.066100712145050082e-02 1.978570501603598375e+00 1.039136924750561032e-03 2.550636817768127340e+00 -3.395267169109509098e+01 3.670252502121922777e+00 4.414826388309511351e+00 9.958447713003457658e-01 1.539914389394468619e-01 1.434882743941452432e+00 5.433675028444892030e-01 3.139734037744865702e+00 3.268672839680068165e+00 3.025474305991131097e+00 3.866240979330364059e-06 7.816399400782037465e-04
7.694081692750021073e-01 1.205611228582666117e+00 5.135406690029615390e-02 8.990141800296051755e-02 4.683278976684588160e-04 3.126717046413592382e-01 4.089237402636331490e-05 4.949125011721520195e-01 1.036955021219225503e-01 -7.028558308809219390e+00 1.447582535466648723e+00 1.030512503792032353e-01 9.028251450985633544e-03 1.819311484651198740e-01 4.370788444938879941e-02 7.353530277039658225e-01 7.954452630824101478e-01 6.843645366940833696e-01 1.348912722536743445e-07 3.046525808737146846e-05
4.885045159140770643e-01 8.109757069282963471e-01 2.720698958274120338e-02 4.867786856233841802e-02 2.290257820794640395e-04 1.821242622824007229e-01 1.968644270330971812e-05 2.998826854164901023e-01 5.650938830951196534e-02 6.558225354666487039e-01 -4.156073992387086413e+00 5.614204362685210059e-02 4.577835128766290750e-03 1.021355146163681615e-01 2.303163943162537738e-02 4.644456558027664772e-01 5.070164956785037091e-01 4.287574344001695570e-01 6.369264180797105147e-08 1.464532210583443950e-05
3.220939385720573700e+00 4.038160521167527328e+00 6.147810065134564628e-01 9.121402619071226070e-01 1.073626694243278237e-02 1.984743575792919490e+00 1.046860829815231004e-03 2.557513379188017133e+00 1.004166771300338601e+00 3.677930250379203070e+00 4.422781043626851982e+00 -3.404279298389155173e+01 1.549174455698977826e-01 1.440098498927569359e+00 5.460459805298123470e-01 3.147106017854883753e+00 3.276129601141577474e+00 3.032764745856128652e+00 3.896413311660609659e-06 7.874742301170034988e-04
6.105685895762206883e+00 6.987981262162297647e+00 2.405179498076010169e+00 3.015370220350944930e+00 1.199824135493261501e-01 4.640275911446227752e+00 1.434109100483567552e-02 5.347811341472173297e+00 3.182524438939446476e+00 6.604118251450985078e+00 7.391427835128766333e+00 3.175128445569897817e+00 -7.321698705942475272e+01 3.887010201246075880e+00 2.243181289235323117e+00 6.023639700691952648e+00 6.166709283366879291e+00 5.895591748904324803e+00 6.396577669328374596e-05 1.096426529038638069e-02
2.549532690797839951e+00 3.319266629949194858e+00 3.836100325866356742e-01 5.952882215038445279e-01 5.517961580596609898e-03 1.448526606151166352e+00 5.212097744218552190e-04 1.946703833394007432e+00 6.633557439414528023e-01 2.976961148465119944e+00 3.688925514616367973e+00 6.602494989275693449e-01 8.695020124607605316e-02 -2.612064107932395984e+01 3.366537145192074476e-01 2.481314049166852165e+00 2.600689080642905715e+00 2.376182046817004068e+00 1.878212315344290056e-06 3.910170313819842647e-04
4.245290716188414137e+00 5.102031812594572280e+00 1.105218394571061857e+00 1.534437948759278303e+00 2.698288087073622346e-02 2.878833350759743670e+00 2.785141412981145034e-03 3.526683103325042090e+00 1.660388502844489134e+00 4.727285884449388575e+00 5.498369639431625266e+00 1.654744980529812004e+00 3.316692892353232947e-01 2.225201714519207119e+00 -4.703666983193990347e+01 4.166563861705594896e+00 4.303968479734490593e+00 4.044098340175832362e+00 1.094507040977675648e-05 2.104845761899586110e-03
1.042094570769350526e+00 1.563946623323924534e+00 8.095761809622467609e-02 1.390079905716404829e-01 7.922103525422694720e-04 4.538919626074434110e-01 7.008519674587728452e-05 6.954667155843818893e-01 1.594270377448659404e-01 1.321603027703965871e+00 1.842455655802766490e+00 1.584770178548837727e-01 1.479970069195321071e-02 2.725340491668523102e-01 6.923586170559593855e-02 -9.825470629574322601e+00 1.074125678533030426e+00 9.365323122743588469e-01 2.348514411634671164e-07 5.227674235288526453e-05
9.694574263807016479e-01 1.470419823072361742e+00 7.244809443447498831e-02 1.250276374921861500e-01 6.960153493608383507e-04 4.149511006226251353e-01 6.136792334227730850e-05 6.410633976497486231e-01 1.436058396800687920e-01 1.236935263082410197e+00 1.740266495678503667e+00 1.427406011415774667e-01 1.310928336687896059e-02 2.471490806429058884e-01 6.188047973449106731e-02 9.293656785330299819e-01 -9.078244866085428910e+00 8.690213159815278754e-01 2.048199460033330413e-07 4.576049928912299459e-05
1.110160100077570933e+00 1.650473375124705822e+00 8.935907186200586771e-02 1.527150976539727034e-01 8.894910621172030492e-04 4.912266093766035624e-01 7.893557483454288314e-05 7.470540624813717390e-01 1.749073059911312455e-01 1.400354536694083274e+00 1.936507434400169592e+00 1.738757458561287217e-01 1.649174890432541368e-02 2.971420468170042350e-01 7.651034017583301095e-02 1.066272312274358924e+00 1.143521315981527842e+00 -1.052759869056261266e+01 2.654760731729312138e-07 5.889477879449346928e-05
1.824678021712527354e+01 1.913639009354734100e+01 1.426995805863141165e+01 1.499392761463535351e+01 8.785815040027245004e+00 1.674822089188560170e+01 6.122045673331175664e+00 1.747659044923140570e+01 1.518343686624098154e+01 1.874999013489127364e+01 1.954175006369264267e+01 1.517511489641331224e+01 1.215496396577669458e+01 1.595496187821231793e+01 1.406642294507041058e+01 1.816374023485144207e+01 1.830850020481994989e+01 1.803400026547607382e+01 -2.869195123549744153e+02 5.806902861114491721e+00
1.245769843386881348e+01 1.334728131824492792e+01 8.482578361104938125e+00 9.205718692814631510e+00 3.153054584344902711e+00 1.095928068201660111e+01 1.168131639246116071e+00 1.168755815770585293e+01 9.395084639940076698e+00 1.296089046525808541e+01 1.375263464532210556e+01 9.386768474230116510e+00 6.376734265290386006e+00 1.016622101703138092e+01 8.279386845761900204e+00 1.237466227674235064e+01 1.251941576049928706e+01 1.224492889477879309e+01 1.777286111449006764e-02 -1.779358020153157725e+02
