-1.076581277416682703e+01 4.641604583545548834e+00 4.085250875849399943e-02 2.680172531849229567e-04 1.815810629631021885e-05 1.047040232888353239e+00 8.078330596852648570e-04 6.252127460004295312e-01 7.148719742289522648e-05 1.179982116409452386e+00 3.609528401720928786e-02 9.045589907922056694e-02 4.216417371407770731e-01 6.354883962119855546e-04 1.258559104697514787e-03 6.001646474493291805e-01 5.703946332242681994e-01 1.509308833566425090e+00 4.096763494181124574e-10 8.560145428961831842e-09
4.690458354554891129e-02 -3.341922840533659289e-01 8.038022031792316311e-04 3.884061659414800236e-06 2.458479579169749939e-07 5.047036258154927180e-02 1.217070922248146538e-05 2.312316884107434162e-02 9.982148914909696747e-07 6.130693709525639190e-02 7.001139961136968815e-04 1.987195522291863164e-03 1.337884006048296881e-02 9.486525748025757796e-06 1.931122685039397076e-05 2.180941584330478231e-02 2.029051560992290934e-02 9.337125205854630849e-02 4.906026493444331362e-12 1.048594920764211402e-10
4.809162508758493715e+00 9.363813802203178938e+00 -4.765962238298772746e+01 1.738777698488025089e-02 1.383933645073696234e-03 4.898892353727576143e+00 4.711319879996100912e-02 3.973537502015020539e+00 5.084405952180565472e-03 5.140027605722774950e+00 9.247573675279814331e-01 1.595472082524177937e+00 3.366337398554115623e+00 3.804386364341609539e-02 6.956985552550958019e-02 3.906932289695651761e+00 3.825276561860045721e+00 5.676829051110516389e+00 3.896480198833146760e-08 7.857723809702105221e-07
1.058407801725318365e+01 1.517851388406165825e+01 5.832887776984880368e+00 -1.211373847134550203e+02 1.644767391779458354e-01 1.067670643911329265e+01 1.735504592371145849e+00 9.708590235519510614e+00 4.443881547970179313e-01 1.092466677556147125e+01 5.680802928055688206e+00 6.843213325682940606e+00 9.050223307902072634e+00 1.554466465325068159e+00 2.098525013568338871e+00 9.637509101896551300e+00 9.550030416354895024e+00 1.147261945907425229e+01 9.281590608648348684e-06 1.727991645035291087e-04
1.352062815810629814e+01 1.811531024584795802e+01 8.753683933645076465e+00 3.101276739177947217e+00 -1.682725481366028646e+02 1.361327666475649423e+01 4.228993383122590544e+00 1.264484077054342137e+01 1.921239131442270986e+00 1.386128324129206213e+01 8.599426627681546975e+00 9.773216961567907646e+00 1.198603468600714450e+01 3.975882874073278561e+00 4.705692840895598472e+00 1.257372352953878725e+01 1.248619718067433304e+01 1.440930795726177038e+01 1.389264765643047469e-04 2.394284491794115843e-03
9.543902328883530073e-01 4.552520362581549129e+00 3.793235372757655655e-02 2.464391132953054186e-04 1.666475649443629908e-05 -1.034429003919600909e+01 7.436350100688645564e-04 5.927344398693854544e-01 6.566312918502685027e-05 1.129125499702828161e+00 3.349879268366307006e-02 8.430984646872763388e-02 3.978618835691245526e-01 5.848277295661674646e-04 1.159174867560345623e-03 5.686890110316309421e-01 5.401339886886328268e-01 1.450277215167483202e+00 3.748186253358224353e-10 7.836068612745776435e-09
9.358217833059685020e+00 1.395212217070922200e+01 4.636213198799961077e+00 5.091045923711459142e-01 6.579338312258876942e-02 9.450803635010069925e+00 -1.034212221552911899e+02 8.483358149188964248e+00 1.977869242786529647e-01 9.698665516358358829e+00 4.487863069327853616e+00 5.630083258853914252e+00 7.825894386018103610e+00 8.718870960308700013e-01 1.269582076336485565e+00 8.412351941961366819e+00 8.324971955163647408e+00 1.024646370503642068e+01 2.957151109503075982e-06 5.630651277424262191e-05
1.501022746000429731e+00 5.493633168841074443e+00 8.103750201502107897e-02 5.902355195118427680e-04 4.077054342245664873e-05 1.561194439869385775e+00 1.758149188964407790e-03 -1.533967889322271461e+01 1.591381332175704046e-04 1.728613545025466935e+00 7.198020696319849809e-02 1.722443258270865141e-01 7.064934975437967557e-01 1.387002061356459870e-03 2.723412757960962365e-03 9.648614690043982867e-01 9.227716058464634497e-01 2.129167657413056247e+00 9.488631592907147345e-10 1.972004108051476352e-08
1.203378148719742136e+01 1.662841099821488910e+01 7.270484405952180040e+00 1.894288154797017398e+00 4.343391314422687111e-01 1.212642566312918291e+01 2.874086924278652422e+00 1.115805913813321482e+01 -1.436668138981109450e+02 1.237442228827620205e+01 7.116748173693035362e+00 8.287849209511982451e+00 1.049934938669827744e+01 2.646223332944421358e+00 3.312854750654540048e+00 1.108694977928654168e+01 1.099943384708659799e+01 1.292243156583106867e+01 3.553726380041234348e-05 6.401237196456640612e-04
8.393221164094526454e-01 4.315346937095256408e+00 3.105760572277592793e-02 1.967755614706117836e-04 1.324129206041352335e-05 8.811154997028282088e-01 5.955163583599860358e-04 5.121435450254668842e-01 5.228827620247422696e-05 -9.272768634173857549e+00 2.739331894654834995e-02 6.970380701099897214e-02 3.395553191121875036e-01 4.680119866363527522e-04 9.295984215607719803e-04 4.906895392756363550e-01 4.652668257872888957e-01 1.298918681709086753e+00 2.954014238343380866e-10 6.184639245583387846e-09
4.958865284017209163e+00 9.518170113996113457e+00 1.079217367527981031e+00 1.976292805568876168e-02 1.586627681545992995e-03 5.048918792683663170e+00 5.322306932785338118e-02 4.118940206963197959e+00 5.808173693035642571e-03 5.290823318946547893e+00 -4.927349601658833933e+01 1.699865107817720489e+00 3.506543364071600166e+00 4.304270325394334018e-02 7.834713665375031555e-02 4.051867348755838094e+00 3.969607270639115892e+00 5.828906248752335095e+00 4.512284942979832933e-08 9.086283514173488078e-07
3.838405899079221584e+00 8.344637195522292217e+00 5.751120825241792245e-01 7.353325682942190612e-03 5.569615679061309986e-04 3.924909846468728869e+00 2.062325885391555827e-02 3.044384325827087512e+00 2.089209511983655416e-03 4.158313807010999952e+00 5.250451078177218456e-01 -3.754432280760890706e+01 2.485008975473088189e+00 1.651153563970128232e-02 3.099499905600679867e-02 2.982181781609828164e+00 2.906184561543925682e+00 4.682009619297404335e+00 1.475990572796133269e-08 3.003620777958611868e-07
1.956291737140777087e+00 6.142728840060482476e+00 1.326773985541160328e-01 1.063307902071922682e-03 7.468600714227641754e-05 2.025161883569124299e+00 3.134386018103741019e-03 1.365333497543796293e+00 2.893866982775041073e-04 2.214865319112186981e+00 1.184233640716006869e-01 2.717089754730869777e-01 -1.949139370412643757e+01 2.478984524811863287e-03 4.830330558327399805e-03 1.322480207440422495e+00 1.270857746759835649e+00 2.658993614007600925e+00 1.783284709231520632e-09 3.690138909686837094e-08
9.626245488396211414e+00 1.422031948652574762e+01 4.895343863643416782e+00 5.962664653250685509e-01 8.088287407327757195e-02 9.718844827729567371e+00 1.140087096030869773e+00 8.751187002061357134e+00 2.381233329444221725e-01 9.966738011986635115e+00 4.745882703253943902e+00 5.894171535639699755e+00 8.093438984524810920e+00 -1.071866458976363532e+02 1.431549794058145864e+00 8.680157150527026744e+00 8.592746036936979692e+00 1.051458542347058867e+01 3.799759617046258130e-06 7.202074897409947447e-05
8.860668559104697195e+00 1.345412931122685052e+01 4.160669855525510386e+00 3.741250135683392708e-01 4.449284089559763650e-02 8.953219174867561136e+00 7.715820763364863444e-01 7.986323412757960760e+00 1.385547506545410090e-01 9.200999598421560677e+00 4.014987136653751065e+00 5.142454999056005782e+00 7.329590330558327871e+00 6.653497940581463155e-01 -9.658931027250201851e+01 7.915378179413098181e+00 7.828078402040689276e+00 9.748669376190798985e+00 1.855046788544513145e-06 3.560612530226190428e-05
1.547094647449329008e+00 5.563439415843304481e+00 8.555228969565181751e-02 6.291018965521109462e-04 4.352953878677688805e-05 1.608269011031630891e+00 1.871941961366519825e-03 1.035981469004396693e+00 1.697792865419256599e-04 1.778279539275636312e+00 7.602734875583803953e-02 1.811617816098268219e-01 7.347602074404224748e-01 1.477150527027584325e-03 2.898179413098031336e-03 -1.575852858400347678e+01 9.568733768973745057e-01 2.183999792259789796e+00 1.015778791774879133e-09 2.110112338688468192e-08
1.604854633224268357e+00 5.649450515609922618e+00 9.142656186004649577e-02 6.804163548956730558e-04 4.718067433160935611e-05 1.667243988688632772e+00 2.021955163649177736e-03 1.081421605846463185e+00 1.838470865970200584e-04 1.840386825787288849e+00 8.129727063911619533e-02 1.926945615439248360e-01 7.706677467598357367e-01 1.596036936981051020e-03 3.128402040689674899e-03 1.044403376897374836e+00 -1.628382176501663636e+01 2.252316815864003896e+00 1.104633450702392149e-09 2.293398084190990571e-08
6.206188335664254430e-01 3.799381252058546377e+00 1.982905111051667252e-02 1.194590742528739191e-04 7.957261767758844895e-06 6.542372151674835656e-01 3.637050364220314352e-04 3.646676574130564008e-01 3.156583106944741145e-05 7.508886817090869581e-01 1.744624875233538944e-02 4.536961929740375432e-02 2.356536140076014862e-01 2.854234705898537955e-04 5.693761907975344741e-04 3.483797922597900998e-01 3.291668158640040920e-01 -7.187016271909992149e+00 1.744862859545361872e-10 3.664357119422396675e-09
2.482761000040967403e+01 2.942231000000490582e+01 2.005930003896480329e+01 1.424380928159060922e+01 1.130713892647656316e+01 2.492026000037481737e+01 1.547020295715110905e+01 2.395180000094886097e+01 1.279393553726380084e+01 2.516827000029540073e+01 1.990484004512284955e+01 2.107966001475990225e+01 2.329296000178328541e+01 1.520200379975961624e+01 1.596820185504678768e+01 2.388068000101577937e+01 2.379315000110463529e+01 2.571630000017448481e+01 -3.743171753560766319e+02 3.314742893828740655e+00
2.165121000856014177e+01 2.624591000010485686e+01 1.688290078577238162e+01 1.106757279916450187e+01 8.132994284491791959e+00 2.174386000783606576e+01 1.229385630651277239e+01 2.077540001972003836e+01 9.618140123719644663e+00 2.199187000618463728e+01 1.672844090862835031e+01 1.790326030036207428e+01 2.011656003690138661e+01 1.202567202074897246e+01 1.279183560612530002e+01 2.070428002110111976e+01 2.061675002293398151e+01 2.253990000366435709e+01 1.383428938287397381e-01 -3.139687561563611098e+02
