-38.5238757082472	1.874221208809446	2.4983135769627567	2.127538067838026	2.4617911152398126	1.7244178782266872	2.1566023904616634	1.6489169113520339	1.6406060723757436	1.9677602943438794	2.7105854571089636	2.359996861656454	2.066535243042174	2.169240005100814	1.5691896935056082	1.4809519861902802	2.0742719320562477	2.246124782961136	2.2783097443902003	1.468502486625281
0.4520372088094462	-20.657232412847286	1.4574243947713679	1.179720552372228	1.4293436325760625	0.8978494207050035	1.200878740791689	0.8475830205480255	0.8421008476598251	1.0653649606516893	1.6235749239974606	1.3518940798059744	1.135665023562949	1.2101121696873993	0.795414100321974	0.7387921785344307	1.1412256569915082	1.266719030733376	1.2906331805059335	0.7308992898209428
0.26875957696275665	0.6500543947713681	-13.337140652112794	0.7845322766142427	0.9778165019553158	0.5755216627322871	0.8006312169829538	0.5393813688528833	0.5354618152331683	0.6984843160483782	1.1329617039060802	0.9170817448635482	0.7511877082545615	0.8076738387073145	0.5022611514707679	0.46243343448518864	0.7553831343147186	0.8510729972268053	0.8695212171212285	0.45692059160922915
0.3651640678380255	0.8395305523722278	1.2517122766142426	-17.31865840308602	1.2260700518954	0.7492803348180611	1.019024130169894	0.7051448387753576	0.7003427058314912	0.8976542371145901	1.4042344863810077	1.1555598164210852	0.9604748773110892	1.0273346107327825	0.6595403453649686	0.6102849503200812	0.9654571343467827	1.0783921875317262	1.1000172673740236	0.6034395318731816
0.2769371152398131	0.6666736325760624	1.0225165019553135	0.8035900518954001	-13.688384098463931	0.590683189416532	0.8199656138477762	0.5538062966390986	0.5498056347181156	0.7160089561728724	1.1573733090941944	0.9383274401858613	0.769662467776953	0.8271282681762131	0.5159080649825895	0.47522025003373725	0.7739320067793093	0.8712542402870304	0.89000484600885	0.4695862126782111
0.5140038782266874	1.1096194207050034	1.5946616627322872	1.3012403348180608	1.565123189416532	-22.923768731332544	1.3237040662737025	0.945851594767273	0.9399373828587065	1.1794868450883484	1.7688947054404005	1.4835063333737457	1.2544042707935408	1.3335012848808383	0.8895000340592717	0.8281517741919716	1.260320564379248	1.3934873215431391	1.418790068602251	0.8195839991815372
0.35641839046166335	0.8228787407916889	1.2300012169829537	0.9812141301698971	1.204635613847776	0.7339340662737026	-16.970612521960387	0.6904671106829897	0.6857389622949273	0.8802029160469499	1.3809689870258202	1.1349100694485423	0.9421936885276225	1.008207331308593	0.6455753721149764	0.5971160501956299	0.9471116001245309	1.0586433736825995	1.0800113986265278	0.590383503352995
0.5488279113520339	1.1696780205480253	1.6688463688528834	1.3674298387753576	1.6385712966390984	1.0561765947672732	1.3905621106829897	-24.161391341052397	0.9938596197711523	1.2418728980761287	1.8471452161159494	1.5548430970208775	1.319167250306297	1.4006477859432687	0.9414551007547818	0.877618231657016	1.3252662144617782	1.4623596044639695	1.4883699645190989	0.8686942163444181
0.5528230723757435	1.1765018476598252	1.6772328152331684	1.374933705831491	1.6468766347181159	1.0625683828587063	1.3981399622949273	1.0061656197711468	-24.30183651372246	1.248955216482086	1.8559785979944672	1.562915720293761	1.3265131378527057	1.4082575494686047	0.9473757914103522	0.8832605856193343	1.3326323402477642	1.4701601600815264	1.4962486845867469	0.8742966889419884
0.4175762943438797	0.9373649606516898	1.3778543160483785	1.1098442371145902	1.3506789561728723	0.8397168450883485	1.1302029160469498	0.7917778980761287	0.786554216482086	-19.35726182699765	1.5389604704403486	1.2758105223065508	1.0674881180278	1.1390907677483055	0.7421069587331353	0.6882956201896255	1.072831634618064	1.1936223557005277	1.2166817246238173	0.6808030145845535
0.2259414571089637	0.5611149239974605	0.87787170390608	0.6819644863810076	0.8575833090941946	0.4946647054404007	0.6965089870258204	0.4625902161159492	0.4591175979944673	0.6045004704403484	-11.44975142930356	0.8021719335627807	0.6518904439302875	0.7028765632361076	0.4297509125508472	0.39463952134662883	0.6556705464655613	0.7421812754573742	0.7589225090921922	0.3897898661570874
0.30113286165645425	0.7152140798059742	1.0877717448635478	0.8590698164210855	1.0643174401858615	0.6350563333737459	0.8762300694485426	0.5960680970208775	0.5918347202937607	0.7671305223065505	1.2279519335627807	-14.711904553559519	0.8234867444845833	0.8837330633727788	0.5559356940045915	0.5127729965735982	0.8279668534947513	0.9299178230342716	0.9495239574795614	0.5067898021762021
0.3842812430421744	0.8755950235629493	1.2984877082545614	1.040594877311088	1.2722624677769527	0.7825642707935407	1.0601236885276226	0.737002250306297	0.7320421378527058	0.9354181180278001	1.4542804439302874	1.2000967444845834	-18.071359537296164	1.0686525892009286	0.6898748746482795	0.6389160975694294	1.0051187040181826	1.121025382791596	1.1431939645172193	0.6318289506799672
0.3526860051008138	0.8157421696873993	1.2206738387073144	0.9731546107327843	1.1954282681762134	0.7273612848808384	0.9918373313085933	0.6841827859432688	0.6794865494686049	0.8727207677483054	1.3709665632361077	1.1260430633727783	0.9343525892009286	-16.82134751957033	0.6395983951285706	0.5914821199739106	0.9392426581094001	1.0501668401792077	1.071423486094107	0.5847981925211858
0.5885686935056084	1.236977100321974	1.751194151470768	1.4412933453649688	1.7201410649825895	1.119293034059272	1.4651383721149764	1.060923100754782	1.054537791410352	1.3116699587331355	1.933773912550847	1.6341786940045915	1.3915078746482792	1.4755313951285707	-25.54505360477017	0.9334568478527506	1.397802001243165	1.5390796695836673	1.5658418567813834	0.9241447402584899
0.6365069861902803	1.3165311785344307	1.8475424344851885	1.5282139503200811	1.8156292500337372	1.1941207741919717	1.55285505019563	1.1332622316570158	1.1265985856193343	1.3940346201896254	2.034838521346629	1.727191996573598	1.4767250975694295	1.5635911199739108	1.0696328478527515	-27.176727584810408	1.483237706878216	1.6291862805818491	1.656785017839359	0.99024393477737
0.38179793205624807	0.8709356569915083	1.2924631343147188	1.0353571343467822	1.2663120067793092	0.7782605643792482	1.0548216001245305	0.732881214461778	0.7279413402477642	0.9305416346180632	1.4478405464655613	1.1943568534947513	0.9948987040181889	1.0633226581094006	0.6859490012431647	0.6352087068782163	-17.97419635982544	1.1155278642813766	1.1376272257067592	0.628152581308072
0.3308607829611361	0.773639030733376	1.1653629972268054	0.9255021875317254	1.1408442402870307	0.6886373215431392	0.9435633736825993	0.6471846044639691	0.6426791600815263	0.8285423557005273	1.3115612754573742	1.0735178230342717	0.8880153827915955	0.9514568401792077	0.6044366695836673	0.5583672805818488	0.8927378642813768	-15.939466726590702	1.020584328792437	0.5519732076770911
0.32215574439020045	0.7566631805059335	1.1429212171212286	0.9062372673740234	1.11870484600885	0.673050068602251	0.9240413986265268	0.6323049645190988	0.6278776845867468	0.8107117246238171	1.2874125090921922	1.0522339574795623	0.8692939645172191	0.9318234860941069	0.5903088567813833	0.5450760178393596	0.873947225706759	0.979694328792435	-15.583258727247925	0.5388002845862307
0.6436334866252814	1.3282142898209428	1.8616055916092291	1.5409445318731816	1.8295712126782109	1.205128999181537	1.5656985033529953	1.143914216344418	1.1372106889419886	1.4061180145845535	2.049564866157087	1.740784802176202	1.4892139506799675	1.5764831925211857	1.0798967402584898	1.009819934777369	1.495757581308072	1.642368207677091	1.6700852845862308	-27.416014095154036