-2.397494676591355	0.1512112331193649	0.15877659171156552	0.019126844741660074	0.024509028405484207	0.008605112918649412	0.14713095287233463	0.051887788550319815	0.15173064656987953	0.0607460313984107	0.16497638805969558	0.12961923818283058	0.1806329912410989	0.17193193896449235	0.14696270161498545	0.18913661284188368	0.06471075173909069	0.19284080442448467	0.19984188285052	0.1831171363846041
3.205001233119365	-18.137729769909896	1.0342779276803282	0.20191129850983414	0.2484581206227549	0.10129946858052832	0.9812042562305495	0.4545586386522493	1.002376880207618	0.5135038706397952	1.0618394261891426	0.8978819541489399	1.1294665203499064	1.092221639532573	0.9804244256580815	1.1650924342364266	0.538958278563538	1.1803828808304124	1.2089195632302117	1.1399509529276395
3.1447765917115653	0.9664879276803298	-17.537230217577033	0.19254706340465202	0.23723595439493705	0.0962659256176678	0.9481194592360862	0.4359507722681769	0.9688111482006777	0.49299538681820193	1.0269579748066242	0.8667560958784958	1.0931490756286872	1.056687279862847	0.9473574699635235	1.1280433301308765	0.5176544217388537	1.1430248562599592	1.1709930423922854	1.1034164415825825
5.719706844741661	2.8487012985098352	2.907127063404652	-51.51647942618415	1.1580497074654508	0.5987684876359679	2.8162685086751273	1.7405517283294094	2.8527823839998927	1.8833062871781534	2.9534562928347294	2.6688546113952425	3.0648397906184743	3.003888078388354	2.8149166455903694	3.1222881615693163	1.9425648825451582	3.146699284458424	3.191878261840924	3.0818311070030053
5.424069028405484	2.594228120622755	2.6507959543949373	0.8570297074654508	-46.84276089492025	0.5013413331736734	2.562856979855723	1.537775271235104	2.5981771642252878	1.6717504178865064	2.6957005220064074	2.420553684935354	2.803827694624886	2.744628928005504	2.561549846171106	2.8596859804544335	1.7275807655546207	2.8834391885013653	2.927427773154719	2.820342534246923
6.6601451129186495	3.699049468580528	3.7618059256176672	1.5497284876359674	1.753321333173673	-67.37320716879951	3.6641319426691563	2.461600475197674	3.7034390780769946	2.627502269358013	3.811440590434956	3.5046548428213664	3.9303288346177148	3.865345920761431	3.6626752317106726	3.991416089960305	2.695666810003404	4.017327857424369	4.065214555054934	3.948412342782037
3.2387509528723344	1.0190342562305517	1.053739459236085	0.20730850867512673	0.2549169798557225	0.1042119426691567	-18.478612237014612	0.46521564650351044	1.0214410834680103	0.5252359309640007	1.0816374518154277	0.9155829630158866	1.1500644195998893	1.1123834798029784	0.9992102080333294	1.1860974673985993	0.5511396191740826	1.2015597298434948	1.230412469234159	1.1606696686222673
4.51880778855032	1.8676886386522493	1.9168707722681766	0.506891728329409	0.6051352712351038	0.2769804751976743	1.8405156465035108	-33.66765037059309	1.871114422266089	1.1039124967952088	1.9560779370363397	1.7182034062535338	2.051068381949995	1.9989614040543617	1.8393850399785574	2.1004524241152542	1.1478041804892227	2.121515116777667	2.160617886929039	2.065647353211377
3.20077064656988	0.9976268802076316	1.031851148200678	0.20124238399989225	0.24765716422528794	0.10093907807699484	0.9788610834680109	0.4532344222660891	-18.09522060966492	0.512045391728674	1.0593703769499105	0.8956761716898044	1.1268969538633546	1.0897068777563592	0.9780825035184256	1.1624716837812916	0.5374436585351322	1.1777405258277482	1.2062374598591121	1.1373661991406439
4.326576031398411	1.725543870639796	1.7728253868182018	0.44855628717815327	0.5380204178865062	0.2417922693580135	1.699445930964001	0.902822496795209	1.7288353917286743	-31.114811693420805	1.8105581826267925	1.5822015586522076	1.902121277392964	1.8518694052273421	1.6983604458712191	1.9498016095886048	1.0411750696891966	1.9701533988989606	2.007960818881723	1.916191843824828
3.0975363880596953	0.9406094261891436	0.9735179748066242	0.18543629283472954	0.22870052200640748	0.09246059043495639	0.9225774518154278	0.4217179370363397	0.9428903769499092	0.4772881826267924	-17.07318638388973	0.8427548463808867	1.0650574098159995	1.0292140624993271	0.9218295098278253	1.0993733588096781	0.5013292669251539	1.1141105765305088	1.1416289570902458	1.0751532532500803
3.39510923818283	1.1095819541489402	1.1462460958784957	0.2337646113952418	0.28648368493535353	0.11860484282136635	1.0894529630158867	0.5167734062535337	1.1121261716898045	0.5818615586522071	1.1756848463808867	-20.098723987478557	1.2477673517207586	1.2080947751080455	1.088617430746783	1.285657297229099	0.6098773302136657	1.3019024336939138	1.3321940980167073	1.2589238973950372
2.985782991241099	0.8808265203499058	0.912299075628687	0.1694097906184734	0.20941769462488583	0.08393883461771488	0.8635944195998886	0.3892983819499951	0.8830069538633544	0.44144127739296357	0.9376474098159985	0.7874273517207586	-15.999880899049728	0.9656329518244704	0.8628798572729026	1.0329337937649818	0.4640425976277482	1.047086622915241	1.0735283014054262	1.0096860728152313
3.0466219389644924	0.9131216395325737	0.9453772798628478	0.17799807838835388	0.2197589280055044	0.08849592076143181	0.895453479802979	0.40673140405436203	0.9153568777563588	0.4607294052273421	0.971344062499326	0.8172947751080458	1.0351729518244701	-16.579929549380175	0.894720722298393	1.0688615504641006	0.4841105894303282	1.083333603912442	1.1103635678182302	1.045082773668589
3.240162701614986	1.0198344256580836	1.0545574699635243	0.20753664559036897	0.25518984617110546	0.1043352317106728	1.0007902080333093	0.46566503997855735	1.0222425035184226	0.5257304458712188	1.0824695098278256	0.9163274307467832	1.1509298572729023	1.1132307222983926	-18.492939609207774	1.1869798888193968	0.5516529814162567	1.2024493173259507	1.231315236737518	1.1615401466524986
2.929126612841884	0.851292434236427	0.8820333301308765	0.16169816156931613	0.2001159804544334	0.07986608996030539	0.8344674673985999	0.3735224241152543	0.8534216837812918	0.42396160958860457	0.906803358809678	0.7601572972290992	0.9677737937649813	0.9341615504641	0.8337698888193972	-15.468863709257777	0.4458455147853862	1.0138533872297386	1.0397429450077327	0.9772501790706697
4.249290751739091	1.669748278563539	1.7162344217388537	0.4265648825451583	0.512600765554621	0.22870681000340426	1.6440996191740833	0.8654641804892237	1.6729836585351325	0.9599250696891962	1.753349266925154	1.5289673302136664	1.8434725976277488	1.7940005894303284	1.6430329814162572	1.8904355147853864	-30.114441953097916	1.9104876083360174	1.9477484259629994	1.8573292003680544
2.905250804424485	0.839002880830413	0.869434856259959	0.15852928445842338	0.19628918850136548	0.07819785742436858	0.8223497298434951	0.3670051167776674	0.8411105258277483	0.41673339889896055	0.8939605765305091	0.748822433693914	0.9543466229152414	0.9210536039124425	0.821659317325951	0.9862733872297381	0.4383176083360173	-15.247727205117238	1.0256557218925846	0.9637342900339537
2.86137188285052	0.8166595632302117	0.8465230423922852	0.15282826184092355	0.18939777315471912	0.07520455505493369	0.8003224692341592	0.35522788692903895	0.8187274598591121	0.4036608188817229	0.8705989570902456	0.7282340980167075	0.9299083014054264	0.8972035678182295	0.7996452367375182	0.9612829450077318	0.4246984259629989	0.9747757218925843	-14.845403383830394	0.9391324164713261
2.968957136384604	0.8720009529276394	0.9032564415825824	0.16709110700300456	0.20662253424692253	0.0827123427820368	0.8548896686222672	0.38456735321137653	0.8741661991406436	0.4362018438248279	0.9284332532500793	0.7792738973950375	0.990376072815229	0.956232773668589	0.8541801466524988	1.0231001790706677	0.45858920036805373	1.0371642900339535	1.063442416471326	-15.841257809451339