-2.124731250683230144e+01 9.631880989805977622e-01 1.146672385540319583e+00 1.279774150536559629e+00 1.276593302433005395e+00 7.762954656924420105e-01 1.033071731622472234e+00 1.516399242734475683e+00 1.415700523184239223e+00 1.327331849215393600e+00 1.510610680246386339e+00 1.122486044213494516e+00 2.316257075958142175e-01 1.046184836492619175e+00 1.036493403630397658e+00 1.032147269282343460e+00 9.577085377173482073e-01 1.263453459288923941e+00 1.113890571149317665e+00 1.197685247276148335e+00
1.037738098980596213e+00 -2.204229321509448170e+01 1.187879487768562559e+00 1.323847391550367236e+00 1.320600962728523786e+00 8.080234525426238656e-01 1.071622333697924923e+00 1.564985131353174408e+00 1.462451379934762929e+00 1.372369335568046633e+00 1.559094329256742961e+00 1.163144447414403926e+00 2.437397723457026821e-01 1.085052581992057563e+00 1.075127031667959754e+00 1.070675406437856525e+00 9.943805656110077384e-01 1.307188742029561812e+00 1.154351820799482731e+00 1.240020943415121479e+00
8.664023855403195640e-01 8.330594877685629784e-01 -1.841791925276399056e+01 1.122200284047603525e+00 1.119269890255974564e+00 6.650463001214953485e-01 8.964233964963285173e-01 1.341474798731785656e+00 1.247859543481556033e+00 1.166069960960889107e+00 1.336081919320669220e+00 9.778903864043637650e-01 1.906367228316120654e-01 9.083437953192361469e-01 8.995329307020569765e-01 8.955833787588086681e-01 8.281030155493281919e-01 1.107169751194970964e+00 9.700403047654824196e-01 1.046731000512945320e+00
7.643141505365596000e-01 7.338373915503674239e-01 8.870102840476037365e-01 -1.623811455385585845e+01 9.972824661320996986e-01 5.812319389577194073e-01 7.918055550824579791e-01 1.204381921777152531e+00 1.116881808100914641e+00 1.040728354064747396e+00 1.199331933078591428e+00 8.666427162247576366e-01 1.613086493473695204e-01 8.027346701943193219e-01 7.946557905539357591e-01 7.910356717520480307e-01 7.293121541233771321e-01 9.860653324796595509e-01 8.594169269922810050e-01 9.301368388598971748e-01
7.665733024330051437e-01 7.360309627285237521e-01 8.895198902559745546e-01 1.002722466132119239e+00 -1.628653572024296992e+01 5.830748772458049789e-01 7.941226798187205338e-01 1.207451005724432758e+00 1.119808197568729735e+00 1.043523680707248102e+00 1.202393002164183988e+00 8.691121922100039088e-01 1.619389558405201213e-01 8.050745365117850660e-01 7.969788627206209064e-01 7.933511879999719518e-01 7.314958677616301141e-01 9.887624124402355497e-01 8.618720316020740402e-01 9.327296083773860547e-01
1.263035465692441850e+00 1.220213452542623589e+00 1.432056300121495429e+00 1.583431938957719387e+00 1.579834877245804847e+00 -2.675488860583850936e+01 1.301364462909531561e+00 1.848482591102002859e+00 1.736275771778670096e+00 1.637098983829975651e+00 1.842054684990828806e+00 1.404351970681557038e+00 3.209786219769437676e-01 1.316525821460739598e+00 1.305322559928993709e+00 1.300294831102519533e+00 1.213824654831671568e+00 1.564965409318821443e+00 1.394490900785925858e+00 1.490285306580247715e+00
9.676417316224706910e-01 9.316423336979254843e-01 1.111263396496328548e+00 1.241835555082458020e+00 1.238712679818720686e+00 7.491944629095315111e-01 -2.056422996565646955e+01 1.474460964632076321e+00 1.375391204991160077e+00 1.288540365706511537e+00 1.468763252241184425e+00 1.087560389864598909e+00 2.214265371596838006e-01 1.012834442207203978e+00 1.003348729672220552e+00 9.990952730083442201e-01 9.262854018639622433e-01 1.225813569798397840e+00 1.079138510966810793e+00 1.161281163916884074e+00
6.167192427344754257e-01 5.907551313531747006e-01 7.220647987317855288e-01 8.201619217771525250e-01 8.177910057244330844e-01 4.620625911020028731e-01 6.402109646320762737e-01 -1.305449772469227376e+01 9.226484805361923058e-01 8.557614176050531984e-01 9.955217050660193356e-01 7.044897890060860535e-01 1.219702854140700815e-01 6.495683807929327758e-01 6.426503130061822500e-01 6.395521882080718035e-01 5.869071040072354473e-01 8.080105019648990972e-01 6.982629052393366509e-01 7.593889977910944777e-01
6.749305231842394059e-01 6.471313799347628848e-01 7.873595434815557903e-01 8.915718081009147422e-01 8.890581975687297245e-01 5.087657717786699951e-01 7.000512049911602475e-01 1.081558480536192635e+00 -1.431506508526174493e+01 9.292847796068124389e-01 1.076842798674885415e+00 7.686414712219192813e-01 1.370514637421203497e-01 7.100493771243759911e-01 7.026580301436966547e-01 6.993471458881476144e-01 6.430082315469778376e-01 8.786864533002882727e-01 7.620059883412221291e-01 8.270624360950747933e-01
7.314918492153936747e-01 7.019793355680465918e-01 8.504999609608889788e-01 9.603483540647482775e-01 9.577036807072480951e-01 5.545189838299756646e-01 7.581303657065118218e-01 1.159601417605053086e+00 1.074214779606811776e+00 -1.553362920528461544e+01 1.154670214751333246e+00 8.307239139749886814e-01 1.522468206584741413e-01 7.687247813184117096e-01 7.608930767935190298e-01 7.573841525795467211e-01 6.975989830801831992e-01 9.467886604566508879e-01 8.237099045887520399e-01 8.923999698180768991e-01
6.199006802463863375e-01 5.938343292567429543e-01 7.256419193206690155e-01 8.240819330785914554e-01 8.217030021641837934e-01 4.646046849908287979e-01 6.434832522411843003e-01 1.004491705066005602e+00 9.269027986748850090e-01 8.598002147513332805e-01 -1.312357050721151097e+01 7.080029484053732558e-01 1.227798699203544175e-01 6.528764281509632506e-01 6.459319459892685078e-01 6.428219491540566599e-01 5.899709829025379104e-01 8.118892965502783055e-01 7.017532112741817762e-01 7.630993550736859810e-01
8.867660442134944754e-01 8.528744474144039911e-01 1.022440386404364965e+00 1.146382716224757958e+00 1.143412192210003786e+00 6.818919706815569359e-01 9.172703898645986342e-01 1.368449789006085826e+00 1.273691471221919391e+00 1.190843913974988677e+00 1.362992948405373106e+00 -1.885080271301359645e+01 1.966934890349722465e-01 9.293799553130803748e-01 9.204294190182240598e-01 9.164169832888451328e-01 8.478353207648520184e-01 1.131145516063428058e+00 9.920312799427624117e-01 1.069854479965883121e+00
2.680119707595813860e+00 2.617683772345702486e+00 2.919400722831611894e+00 3.125262649347369415e+00 3.120452955840519849e+00 2.282732621976943932e+00 2.735350537159683793e+00 3.470144285414069607e+00 3.326315463742119949e+00 3.196580820658474043e+00 3.461983869920354007e+00 2.880907489034972180e+00 -5.562423093182360390e+01 2.757033535663374391e+00 2.741020022228882969e+00 2.733817345454010894e+00 2.608300164418248634e+00 3.100530325705729950e+00 2.867140843160771446e+00 2.999453799324953263e+00
9.551948364926191593e-01 9.195125819920576538e-01 1.097623795319236040e+00 1.227204670194319114e+00 1.224104536511785302e+00 7.387958214607396323e-01 9.872744422072023962e-01 1.458258380792933018e+00 1.359829377124375904e+00 1.273574781318411731e+00 1.452596428150963126e+00 1.074109955313080844e+00 2.175495356633742883e-01 -2.030111244997610243e+01 9.905946728988989092e-01 9.863774256289349340e-01 9.142034972903446688e-01 1.211299849378231208e+00 1.065755998716641395e+00 1.147251863521950188e+00
9.643734036303972523e-01 9.284570316679597868e-01 1.107682930702057034e+00 1.237995790553936049e+00 1.234878862720620640e+00 7.464625599289936853e-01 9.966587296722116962e-01 1.470210313006182323e+00 1.371308030143696399e+00 1.284613076793519104e+00 1.464521945989268437e+00 1.084029419018224027e+00 2.204060222288833082e-01 1.009464672898900739e+00 -2.049515994399071772e+01 9.957560208260859413e-01 9.231126268966429738e-01 1.222004447036022734e+00 1.075625312824468827e+00 1.157598747452645016e+00
9.685272692823425622e-01 9.325054064378569540e-01 1.112233378758809010e+00 1.242875671752048161e+00 1.239751187999971860e+00 7.499348311025197944e-01 1.000905273008312335e+00 1.475612188208071940e+00 1.376497145888147644e+00 1.289604152579546970e+00 1.469911949154056652e+00 1.088516983288845053e+00 2.217033454540107973e-01 1.013747425628937604e+00 1.004256020826085116e+00 -2.058294173337296940e+01 9.271450849446976061e-01 1.226845399293910788e+00 1.080090296587859378e+00 1.162278723176937589e+00
1.043518537717348815e+00 1.005640565611006787e+00 1.194183015549328264e+00 1.330582154123377103e+00 1.327325867761630196e+00 8.128946548316713372e-01 1.077525401863962617e+00 1.572397104007235535e+00 1.469588231546977708e+00 1.379248983080183288e+00 1.566490982902537743e+00 1.169365320764852223e+00 2.456161644182491555e-01 1.091003497290344848e+00 1.081042626896643322e+00 1.076575084944696670e+00 -2.216390826226555433e+01 1.313872700728841769e+00 1.160542987834114692e+00 1.246494380392549894e+00
7.759934592889239369e-01 7.451787420295618025e-01 8.999797511949706452e-01 1.014065332479661796e+00 1.011322412440237128e+00 5.907654093188213773e-01 8.037835697983978234e-01 1.220230501964898906e+00 1.131996453300288197e+00 1.055168660456651031e+00 1.215139296550278303e+00 8.794055160634276502e-01 1.645763257057302198e-01 8.148298493782312191e-01 8.066644470360226915e-01 8.030053992939109042e-01 7.406027007288418229e-01 -1.648834806171016965e+01 8.721057104068918875e-01 9.435345242744254124e-01
8.941505711493171749e-01 8.600618207994826792e-01 1.030570304765482836e+00 1.155136926992281321e+00 1.152152031602073690e+00 6.880109007859257497e-01 9.248285109668100690e-01 1.378202905239336751e+00 1.283035988341221900e+00 1.199809904588752252e+00 1.372723211274181621e+00 1.008011279942764293e+00 1.989068431607713128e-01 9.370059987166409199e-01 9.280053128244697414e-01 9.239702965878590080e-01 8.549929878341150369e-01 1.139825710406891845e+00 -1.900763080833294794e+01 1.078229302354566599e+00
8.253652472761480174e-01 7.931509434151212679e-01 9.546810005129447996e-01 1.073276838859896554e+00 1.070429608377386099e+00 6.312253065802476693e-01 8.543911639168842997e-01 1.286748997791094418e+00 1.195512436095074849e+00 1.115919969818076618e+00 1.281489355073685887e+00 9.332544799658829549e-01 1.786397993249533023e-01 8.659218635219506632e-01 8.573987474526448826e-01 8.535787231769375039e-01 7.883643803925498572e-01 1.058674524274425766e+00 9.256493023545671051e-01 -1.754367268818047165e+01
