-2.893104123272820960e+00 1.277510059710918466e-01 1.302639830741124079e-03 1.689287386367100297e-04 3.255999129242026361e-10 7.391589652923857834e-01 2.608319702224851824e-09 9.349750468442180650e-04 1.798412317018368092e-04 8.578620353299853908e-04 1.039640833357428559e-02 9.879744282685700568e-03 1.080079985490382637e-02 6.519246159674259517e-05 3.506215376387660838e-05 1.486353803795911421e+00 4.098787170242508271e-01 9.534017427380471477e-02 8.284311162728388821e-12 3.394139634410598055e-12
3.413021005971092148e+00 -1.390556236240160537e+01 2.192284343095167107e-02 3.177697367554997883e-03 7.558727011568932217e-09 2.901816628398133702e+00 5.968538653875810401e-08 1.609500403680571429e-02 3.374177597273635837e-03 1.484927319900546973e-02 1.417049268460592593e-01 1.356240519313711423e-01 1.464229089930174088e-01 1.270315598400917302e-03 6.965139144361132606e-04 4.205261735883994767e+00 2.084026606104887325e+00 8.162986056076769747e-01 1.961480581363970353e-10 8.068295252555965582e-11
8.821902639830740966e+00 5.557252843430951827e+00 -5.494721477934803744e+01 2.612389622693073177e-01 1.429144247004692031e-06 8.245934790845099727e+00 1.085911043069602631e-05 8.250672875286318986e-01 2.736142384573408415e-01 7.835478311389453276e-01 2.632689813220455033e+00 2.582560319040229757e+00 2.670500787485618144e+00 1.251175734004228157e-01 7.532654934166209404e-02 9.674118778633852500e+00 7.245859084718493826e+00 5.172470936599830260e+00 3.896850439587815628e-08 1.618327697854965394e-08
1.109246892873863644e+01 7.810207697367554935e+00 2.532938962269306593e+00 -8.130795278838490958e+01 1.191922695750627626e-05 1.051575212220934041e+01 8.829546256607093070e-05 2.233142538887809891e+00 1.034804651548624888e+00 2.158149269897628120e+00 4.708027317782597088e+00 4.650001469630320017e+00 4.751590533124780080e+00 5.679174436863231312e-01 3.760835637552719102e-01 1.194528752786417058e+01 9.513068320030692249e+00 7.418411751935166443e+00 3.350439841572535333e-07 1.399231668657656053e-07
2.506690000032559951e+01 2.178163000755872503e+01 1.624630142914424624e+01 1.397461191922695711e+01 -3.017179725160136741e+02 2.449006700056635566e+01 2.450839527346432067e+00 1.587330202759251740e+01 1.404343118132876533e+01 1.577679221945255961e+01 1.863822014994373788e+01 1.857802015873323143e+01 1.868335014367425018e+01 1.293273126727311961e+01 1.225845816749649941e+01 2.591981000014348169e+01 2.348696500148104249e+01 2.138854001099654312e+01 8.610580914373949790e-02 4.189649458578020846e-02
1.315991965292385713e+00 1.933796283981334962e-01 2.167790845100574324e-03 2.851222093411354759e-04 5.663553583056387048e-10 -4.172410806755761925e+00 4.526831518167630664e-09 1.560301850288538846e-03 3.034368964877010499e-04 1.432599513325825101e-03 1.687012559391059749e-02 1.604521577880178504e-02 1.751513646039179126e-02 1.105509159278808665e-04 5.961317914430705467e-05 1.879683700405372360e+00 5.809267952166121685e-01 1.460788190869699021e-01 1.445471640441145717e-11 5.925938572830741135e-12
2.289550000260831553e+01 1.961023005968538868e+01 1.407491085911042994e+01 1.180328829546256664e+01 2.794395273464333473e-01 2.231866700452683361e+01 -2.646989363841088334e+02 1.370191535047146125e+01 1.187210290388395428e+01 1.360540678671550019e+01 1.646682116187848166e+01 1.640662122946060819e+01 1.651195111365231227e+01 1.076152819217070267e+01 1.008741980891437606e+01 2.374841000115300460e+01 2.131556501178866370e+01 1.921714008665445661e+01 1.510635933542816244e-02 6.912629289914994785e-03
9.194534975046844139e+00 5.924425004036804943e+00 1.198067287528631564e+00 3.344425388878101146e-01 2.027592519213311634e-06 8.618327301850287725e+00 1.535047146095206254e-05 -5.887736493872605337e+01 3.496716076007222451e-01 9.525210612101153718e-01 2.950762371025061004e+00 2.898604930593078777e+00 2.990057381299839001e+00 1.640300842869420184e-01 1.000037873109758391e-01 1.004694540176657291e+01 7.617425412727174105e+00 5.537528336876119006e+00 5.553334895832387509e-08 2.308174933016012909e-08
1.102365984123170151e+01 7.741584177597274241e+00 2.476494238457341179e+00 9.659846515486275598e-01 1.118132876731034086e-05 1.044695043689648806e+01 8.290388395519071748e-05 2.179551607600723084e+00 -8.042628439084995762e+01 2.105362160018842577e+00 4.641700866184741869e+00 4.583789557214346111e+00 4.685181231135842062e+00 5.453945724138418161e-01 3.599048953331450695e-01 1.187647257276514345e+01 9.444292979970025925e+00 7.349866072199349176e+00 3.139718592643566191e-07 1.310979439346400086e-07
9.290967862035330427e+00 6.019689273199005264e+00 1.253057831138945089e+00 3.559592698976286052e-01 2.219452560962972654e-06 8.714709599513325244e+00 1.678671549981896412e-05 1.049031061210116356e+00 3.719921600188419997e-01 -5.992000982507445173e+01 3.034991849657755036e+00 2.982364861014853652e+00 3.074629873505144051e+00 1.757139131156768286e-01 1.074971425547223969e-01 1.014341914138109857e+01 7.713632582023440598e+00 5.632334312478952221e+00 6.086018884980836724e-08 2.530137030919456246e-08
6.439076408333574086e+00 3.285114926846058658e+00 2.407698132204544039e-01 4.440731778259698892e-02 1.499437398578972189e-07 5.868717125593909678e+00 1.161878481276402965e-06 1.858423710250610428e-01 4.690086618474104824e-02 1.735618496577547576e-01 -3.341895235524033581e+01 9.702019850937045886e-01 1.022734720647202833e+00 1.904876940768738744e-02 1.083489592769600399e-02 7.286603843824721594e+00 4.887050721678603438e+00 2.938085422556830029e+00 3.988783665587152281e-09 1.648736916687382528e-09
6.498759744282685880e+00 3.339234051931370573e+00 2.508403190402291316e-01 4.658146963032041427e-02 1.587332320000370483e-07 5.928092215778801410e+00 1.229460610088966718e-06 1.938849305930788469e-01 4.918955721434463413e-02 1.811348610148535154e-01 1.030401985093704953e+00 -3.388559205656082440e+01 1.053589363167493742e+00 2.002141476627705696e-02 1.139980909769778943e-02 7.346549754354994022e+00 4.945443711895588734e+00 2.990467474534091341e+00 4.224924355705463041e-09 1.746529642738097917e-09
6.394350799854904288e+00 3.244702908993017054e+00 2.334507874856179832e-01 4.284053312478042219e-02 1.436742519081893652e-07 5.824232136460391729e+00 1.113652313708214778e-06 1.800073812998392586e-01 4.525123113584168105e-02 1.680698735051442405e-01 9.776047206472032736e-01 9.482593631674937074e-01 -3.307156428129172809e+01 1.834952984709183055e-02 1.042926770976913310e-02 7.241672958423917450e+00 4.843330553786631576e+00 2.899010973124050761e+00 3.820435669679027492e-09 1.579026203461937707e-09
1.213426519246159607e+01 8.850200315598399925e+00 3.438717573400422278e+00 1.609817443686323069e+00 3.126727312076056311e-05 1.155747755091592666e+01 2.281921707018406563e-04 3.104630084286942093e+00 1.656114572413840635e+00 3.019803913115676419e+00 5.724568769407687441e+00 5.665341414766277062e+00 5.768999529847090635e+00 -9.522997164893456556e+01 7.004559832642336392e-01 1.298713973605179106e+01 1.055454028355731388e+01 8.457638558091106873e+00 8.940855173005537839e-07 3.745405924137137556e-07
1.280853506215376392e+01 9.523926513914435787e+00 4.063226549341662164e+00 2.092283563755272358e+00 5.816749649999213489e-05 1.223172661317914489e+01 4.198089143764564715e-04 3.714903787310976480e+00 2.144924895333144121e+00 3.625887142554722775e+00 6.390654895927696089e+00 6.331019809097697681e+00 6.435379267709769202e+00 1.374755983264234205e+00 -1.047589739700234901e+02 1.366142593753142087e+01 1.122871421971618133e+01 9.131129361655567322e+00 1.684124316613117819e-06 7.070426191504185275e-07
6.334438037959114753e-01 6.708173588399427012e-02 6.087786338526067183e-04 7.752786417112290354e-05 1.434833007207986688e-10 4.499407004053724290e-01 1.153004815605867503e-09 4.354017665724773983e-04 8.257276514179818160e-05 3.991413810988870322e-04 5.013843824721479943e-03 4.759754354994419866e-03 5.212958423917527992e-03 2.973605179201358750e-05 1.593753142166762357e-05 -1.450545583083048928e+00 2.341245161424669319e-01 4.931917295600894702e-02 3.634817496741323417e-12 1.487885751861112358e-12
1.989813717024250694e+00 3.786916061048871129e-01 5.194084718494006332e-03 7.033200306935763783e-04 1.481042783939279401e-09 1.584028795216612107e+00 1.178866403255118100e-08 3.760412727175049211e-03 7.479799700252515995e-04 3.457582023441655144e-03 3.830572167860400029e-02 3.649871189558916845e-02 3.971555378663151753e-02 2.752835573151402992e-04 1.492197161821158318e-04 2.666969516142466912e+00 -7.041661388093926277e+00 2.933498701782289442e-01 3.801716898387475604e-11 1.560383826081507357e-11
3.773700174273804553e+00 1.209388605607677025e+00 3.023093659982947420e-02 4.471751935167660695e-03 1.099654466436803996e-08 3.247605819086969881e+00 8.665445517523446633e-08 2.228833687611932526e-02 4.746072199348584132e-03 2.058431247895242677e-02 1.877654225568305413e-01 1.799474745340917115e-01 1.938209731240506106e-01 1.798558091109327562e-03 9.893616555653628620e-04 4.580589172956009314e+00 2.391774870178229317e+00 -1.584970194020866252e+01 2.861403004882596405e-10 1.177640460438148638e-10
2.887980000000828440e+01 2.559453000019614777e+01 2.005920003896850545e+01 1.778750033504398331e+01 3.899005809143742507e+00 2.830296700001445842e+01 5.999406359335429428e+00 1.968620005553334806e+01 1.785632031397186026e+01 1.958969006086018894e+01 2.245112000398878749e+01 2.239092000422492390e+01 2.249625000382043538e+01 1.674560089408551988e+01 1.607130168412431814e+01 2.973271000000363529e+01 2.729986500003801808e+01 2.520144000028614073e+01 -3.706520533599053238e+02 6.082257962575574606e-01
2.980360000000339582e+01 2.651833000008068097e+01 2.098300001618327926e+01 1.871130013992316776e+01 4.778596494585782395e+00 2.922676700000592831e+01 6.915012629289916113e+00 2.061000002308174928e+01 1.878012013109794154e+01 2.051349002530136900e+01 2.337492000164873929e+01 2.331472000174653303e+01 2.342005000157902472e+01 1.766940037454059720e+01 1.699510070704262077e+01 3.065651000000148940e+01 2.822366500001560397e+01 2.612524000011776693e+01 1.532025796257557193e+00 -3.881518483425031150e+02
