-1.318424190803906271e+01 7.032087512036451216e-01 5.213280207280510670e-01 8.389386006631058823e-01 5.149138480353382397e-01 5.149825471125364373e-01 7.421581270457736634e-01 8.331830051304952578e-01 1.160865214810138379e+00 1.280795495351402691e+00 1.379001185745416524e+00 9.624539964613216814e-01 1.847265179389009915e-02 9.734403840057458401e-01 7.802658605610381937e-01 7.444267217377753543e-01 4.729686967199590586e-01 4.884717105240790058e-01 9.699849871130433732e-02 1.573685916980457344e-01
1.370447751203645037e+00 -1.879057368243546122e+01 7.626403346736432276e-01 1.171682208245494072e+00 7.540927402808258462e-01 7.541843594682952068e-01 1.049697975554755969e+00 1.164484640309190189e+00 1.564422449607431043e+00 1.706485638955272277e+00 1.821373768137740212e+00 1.324548027245837867e+00 3.191488479989571664e-02 1.338004919651271551e+00 1.097977817170966874e+00 1.052581494548085361e+00 6.978625549448297383e-01 7.187139950547190015e-01 1.585217680534895535e-01 2.509363545300681841e-01
1.708065020728050776e+00 1.282138334673643243e+00 -2.404834952053277419e+01 1.481440978023008226e+00 9.896752797307122318e-01 9.897860137551351967e-01 1.340205078082109758e+00 1.473155801272656884e+00 1.925606436405531641e+00 2.082969053802163018e+00 2.209152453387662973e+00 1.656088137179364317e+00 4.837001623013439250e-02 1.671347845104902641e+00 1.396316893866061060e+00 1.343564470470525851e+00 9.214353505229853081e-01 9.468060105390287973e-01 2.284274531818863418e-01 3.537988935772143351e-01
1.180463600663105517e+00 8.459682082454942353e-01 6.362289780230081515e-01 -1.589352257642851995e+01 6.287529322187938030e-01 6.288330356303099000e-01 8.903689138203488840e-01 9.935066158122314306e-01 1.358543330475926680e+00 1.490074199099836960e+00 1.597073651308410502e+00 1.138600429391041668e+00 2.447892429199085770e-02 1.150862469781865460e+00 9.336516074511828078e-01 8.929499034593367801e-01 5.797158895654948019e-01 5.978704357429881489e-01 1.250853480827438802e-01 2.004941033644091486e-01
1.722371848035338271e+00 1.294311740280825962e+00 1.010396279730709113e+00 1.494685932218793978e+00 -2.427416257686143553e+01 1.000111504144013175e+00 1.352705126431239746e+00 1.486358914137921872e+00 1.940796639306786808e+00 2.098725335655378554e+00 2.225322863130409168e+00 1.670164945813589652e+00 4.916907381375433539e-02 1.685492984416650408e+00 1.409121079192710235e+00 1.356083041134630740e+00 9.312743822702568286e-01 9.568282339861852170e-01 2.317015317974680799e-01 3.585411213647692330e-01
1.722217547112536495e+00 1.294180359468295016e+00 1.010284013755139876e+00 1.494543035630309991e+00 9.998885041443095201e-01 -2.427172587270942117e+01 1.352570234445503505e+00 1.486216467071364233e+00 1.940632856898444114e+00 2.098555480249347571e+00 2.225148566345815038e+00 1.670013114611820004e+00 4.916040867841427880e-02 1.685340419507992626e+00 1.408982918576885845e+00 1.355947950068117747e+00 9.311681142366544650e-01 9.567199939486802363e-01 2.316660809117299935e-01 3.584898070480593835e-01
1.311595127045773967e+00 9.518959755547562462e-01 7.229050780821095756e-01 1.118280913820349554e+00 7.146841264312400188e-01 7.147722344455036403e-01 -1.788829637216565160e+01 1.111293934610869005e+00 1.500869874433611972e+00 1.639836636192232744e+00 1.752415006963520705e+00 1.266894075540640818e+00 2.948175207698823172e-02 1.279995936424787484e+00 1.046779442958132744e+00 1.002792594698646900e+00 6.606505115969177888e-01 6.806776100270404140e-01 1.477267517430364274e-01 2.347487895194969865e-01
1.187723005130495446e+00 8.517856403091903505e-01 6.409588012726570305e-01 1.006521615812228765e+00 6.334409141379219177e-01 6.335214670713642526e-01 8.963969346108687786e-01 -1.600338360221650902e+01 1.366449890601997952e+00 1.498412926968695880e+00 1.605737860110471260e+00 1.145696440082576428e+00 2.474130882146742885e-02 1.158006806489492835e+00 9.398788763449085204e-01 8.989899704966100025e-01 5.841236835688519147e-01 6.023831391522053158e-01 1.262887314241457337e-01 2.023255898103574757e-01
8.547302148101382224e-01 5.910484496074307481e-01 4.327344364055315529e-01 7.108833304759266669e-01 4.272036393067868976e-01 4.272628568984442876e-01 6.252978744336120664e-01 7.057748906019978286e-01 -1.103429382132143743e+01 1.109244791730398250e+00 1.199253219747784760e+00 8.210474654591245480e-01 1.431410810481308082e-02 8.308942985029139638e-01 6.589169540297263872e-01 6.272962506156417595e-01 3.911301594923267122e-01 4.044435836951920105e-01 7.686200591217386136e-02 1.259552914914720267e-01
7.635904953514027760e-01 5.220416389552721137e-01 3.790270538021627278e-01 6.313441990998370779e-01 3.740623356553783863e-01 3.741154802493476539e-01 5.531946361922326361e-01 6.266679269686958875e-01 8.981747917303981588e-01 -9.699884937328764778e+00 1.084261421748318410e+00 7.325287652708916131e-01 1.198942958807232284e-02 7.416035342167797140e-01 5.838425027079178209e-01 5.550145310191108017e-01 3.417377441028359164e-01 3.536559832908439671e-01 6.531127460661710626e-02 1.077211927726496460e-01
6.977561857454164240e-01 4.728897681377402518e-01 3.411704533876629419e-01 5.743036513084104344e-01 3.366198631304089806e-01 3.366685663458151012e-01 5.017330069635207446e-01 5.699528601104713044e-01 8.241432197477845945e-01 9.202214217483190017e-01 -8.743028595002693137e+00 6.686909003279573049e-01 1.043915395096104738e-02 6.771781658303247520e-01 5.301571013719095227e-01 5.034195241354090244e-01 3.070308764818839298e-01 3.179324558983429028e-01 5.747322730238813016e-02 9.524819307796765500e-02
1.038509996461322915e+00 7.333650272458378527e-01 5.454071371793642875e-01 8.731314293910417135e-01 5.387629458135896332e-01 5.388341146118200697e-01 7.735130755406406378e-01 8.672124400825763635e-01 1.203238465459124606e+00 1.325789765270891651e+00 1.425991900327957307e+00 -1.375884544378687302e+01 1.967342799880652388e-02 1.011271029793699316e+00 8.127615675212864765e-01 7.758504551446387953e-01 4.952846770636972207e-01 5.113602634515774792e-01 1.027013273245616087e-01 1.661863981044374439e-01
5.761057651793890066e+00 5.107260884799895706e+00 4.604218016230133159e+00 5.425538924291990028e+00 4.584296073813753480e+00 4.584510408678413640e+00 5.202629752076987302e+00 5.412786308821467607e+00 6.063034108104812248e+00 6.271779429588072219e+00 6.434269153950960884e+00 5.686202427998805931e+00 -9.561153792408445895e+01 5.708298277143312838e+00 5.292643767912826647e+00 5.208076394782149343e+00 4.449308811865887670e+00 4.500191126534281771e+00 2.382668355000537641e+00 2.932768050696293205e+00
1.027038384005745986e+00 7.243639196512714484e-01 5.382088451049025224e-01 8.629354697818655273e-01 5.316329844166503005e-01 5.317034195079927139e-01 7.641569364247874363e-01 8.570648064894929030e-01 1.190627298502914044e+00 1.312406534216779663e+00 1.412021165830324776e+00 9.888130297937000046e-01 1.931127714331280776e-02 -1.358747609277529023e+01 8.030677191577054730e-01 7.664739483383989915e-01 4.886103325481983006e-01 5.045157231382323415e-01 1.009862792511772717e-01 1.635380194718379088e-01
1.257558860561037939e+00 9.080318171709670372e-01 6.868728938660610961e-01 1.069419607451183252e+00 6.789560791927103933e-01 6.790409185768855327e-01 9.546354429581317413e-01 1.062631876344908077e+00 1.442344954029726178e+00 1.578340502707917814e+00 1.688695101371909590e+00 1.213998567521286542e+00 2.735176791282700748e-02 1.226762719157705517e+00 -1.706366917325217258e+01 9.573423658692211680e-01 6.269646458565053537e-01 6.462259647322178280e-01 1.381633466264883814e-01 2.203317413444833561e-01
1.308283721737775185e+00 9.491994945480857204e-01 7.206844704705258620e-01 1.115281903459336199e+00 7.124820411346306503e-01 7.125699500681178522e-01 9.972125946986521994e-01 1.108306970496610422e+00 1.497288250615641747e+00 1.636076531019110769e+00 1.748521524135408844e+00 1.263651455144638502e+00 2.934839478215031661e-02 1.276732948338399121e+00 1.043906365869222475e+00 -1.783765701898030898e+01 6.585728817031292204e-01 6.785532945164568508e-01 1.471311659578849740e-01 2.338530602845307893e-01
1.821178696719959245e+00 1.378833554944829620e+00 1.082908350522985286e+00 1.586400889565494854e+00 1.072026382270256928e+00 1.072143114236654426e+00 1.439423511596917837e+00 1.577793683568851968e+00 2.045475159492326611e+00 2.207152744102836017e+00 2.336485876481884105e+00 1.767438677063697172e+00 5.493381186588763843e-02 1.783222332548198397e+00 1.497881645856505628e+00 1.442925881703129409e+00 -2.584021707028178483e+01 1.026799713154739280e+00 2.550335218449449881e-01 3.921595227416879159e-01
1.783552710524079155e+00 1.346555995054719235e+00 1.055150010539028127e+00 1.551426435742988108e+00 1.044451233986184668e+00 1.044565993948680216e+00 1.406321610027040370e+00 1.542924139152205498e+00 2.005659583695191817e+00 2.165941983290843975e+00 2.294258455898342763e+00 1.730385263451577504e+00 5.268712653428223730e-02 1.745998723138232567e+00 1.464013964732218120e+00 1.409777294516456836e+00 9.736707131547411853e-01 -2.524251889301043761e+01 2.459992937113698597e-01 3.791783619122521820e-01
3.752473498711303979e+00 3.146757768053489279e+00 2.697165453181886274e+00 3.439035348082743582e+00 2.679718531797467662e+00 2.679906080911729660e+00 3.233764751743036125e+00 3.427223731424145381e+00 4.038472005912173479e+00 4.237991274606616621e+00 4.394193227302388038e+00 3.682120327324561515e+00 2.955583550005377313e-01 3.702863279251177087e+00 3.316345346626488055e+00 3.238749165957884646e+00 2.562298521844944776e+00 2.606393293711369186e+00 -5.849529320003109945e+01 1.364263238587158034e+00
3.155763591698045989e+00 2.582092354530068246e+00 2.165456893577214270e+00 2.857364103364409047e+00 2.149478121364769123e+00 2.149649807048059635e+00 2.663706789519496798e+00 2.846180589810357819e+00 3.430485291491471855e+00 3.623321192772649635e+00 3.774888193077967635e+00 3.088525398104437603e+00 1.885780506962932979e-01 3.108335019471838212e+00 2.741433741344483366e+00 2.668391060284530436e+00 2.042344522741688095e+00 2.082492361912252399e+00 7.071832385871583693e-01 -4.802567032139718606e+01
