-4.172410806755762	1.3159919652923857	0.001432599513325825	0.1460788190869699	0.0015603018502885388	0.01751513646039179	0.000059613179144307055	0.5809267952166123	1.8796837004053724	0.19337962839813352	0.016870125593910597	0.00030343689648770105	0.0002851222093411355	0.00011055091592788087	0.002167790845100574	0.016045215778801785	1.4454716404411457e-11	5.92593857283074e-12	5.663553583056387e-10	4.526831518167631e-9
0.7391589652923858	-2.8931041232728214	0.0008578620353299854	0.0953401742738047	0.0009349750468442181	0.010800799854903825	0.00003506215376387661	0.4098787170242508	1.4863538037959114	0.12775100597109185	0.010396408333574284	0.0001798412317018368	0.00016892873863671003	0.0000651924615967426	0.0013026398307411243	0.0098797442826857	8.284311162728389e-12	3.394139634410598e-12	3.2559991292420264e-10	2.608319702224852e-9
8.714709599513325	9.29096786203533	-59.92000982507446	5.632334312478951	1.0490310612101164	3.0746298735051445	0.1074971425547224	7.71363258202344	10.143419141381099	6.019689273199006	3.034991849657755	0.371992160018842	0.35595926989762855	0.17571391311567683	1.253057831138945	2.982364861014854	6.086018884980837e-8	2.5301370309194562e-8	2.2194525609629727e-6	0.000016786715499818964
3.2476058190869694	3.773700174273805	0.020584312478952427	-15.84970194020866	0.022288336876119325	0.1938209731240506	0.0009893616555653629	2.3917748701782293	4.580589172956008	1.209388605607677	0.18776542255683054	0.004746072199348584	0.004471751935167661	0.0017985580911093276	0.030230936599829474	0.1799474745340917	2.8614030048825964e-10	1.1776404604381486e-10	1.0996544664368038e-8	8.665445517523448e-8
8.618327301850288	9.194534975046844	0.9525210612101154	5.537528336876118	-58.877364938726046	2.990057381299839	0.10000378731097584	7.617425412727175	10.046945401766571	5.924425004036805	2.950762371025061	0.34967160760072225	0.33444253888781006	0.16403008428694202	1.1980672875286316	2.8986049305930788	5.5533348958323875e-8	2.308174933016013e-8	2.0275925192133116e-6	0.000015350471460952063
5.824232136460392	6.394350799854904	0.16806987350514424	2.8990109731240503	0.18000738129983926	-33.07156428129173	0.010429267709769133	4.843330553786632	7.241672958423918	3.2447029089930175	0.9776047206472033	0.04525123113584169	0.04284053312478042	0.018349529847091834	0.23345078748561798	0.9482593631674938	3.8204356696790275e-9	1.5790262034619377e-9	1.4367425190818937e-7	1.1136523137082148e-6
12.231726613179145	12.808535062153764	3.6258871425547228	9.131129361655567	3.714903787310976	6.435379267709769	-104.7589739700235	11.228714219716181	13.661425937531423	9.523926513914436	6.390654895927695	2.144924895333144	2.0922835637552724	1.3747559832642342	4.063226549341662	6.331019809097698	1.6841243166131178e-6	7.070426191504185e-7	0.00005816749649999213	0.0004198089143764565
1.584028795216612	1.9898137170242507	0.003457582023441655	0.29334987017822894	0.0037604127271750496	0.03971555378663152	0.00014921971618211583	-7.0416613880939245	2.666969516142467	0.3786916061048871	0.03830572167860401	0.0007479799700252516	0.0007033200306935764	0.0002752835573151403	0.005194084718494006	0.03649871189558917	3.8017168983874756e-11	1.5603838260815074e-11	1.4810427839392796e-9	1.1788664032551183e-8
0.4499407004053725	0.6334438037959115	0.00039914138109888703	0.04931917295600895	0.0004354017665724774	0.005212958423917527	0.000015937531421667627	0.23412451614246696	-1.450545583083049	0.06708173588399428	0.00501384382472148	0.00008257276514179818	0.0000775278641711229	0.000029736051792013587	0.0006087786338526067	0.00475975435499442	3.634817496741323e-12	1.4878857518611124e-12	1.4348330072079864e-10	1.1530048156058675e-9
2.9018166283981333	3.413021005971092	0.014849273199005468	0.816298605607677	0.016095004036805714	0.1464229089930174	0.0006965139144361132	2.084026606104887	4.205261735883995	-13.905562362401605	0.14170492684605926	0.003374177597273636	0.003177697367554998	0.0012703155984009173	0.02192284343095167	0.13562405193137117	1.9614805813639706e-10	8.068295252555966e-11	7.55872701156893e-9	5.96853865387581e-8
5.868717125593911	6.439076408333574	0.17356184965775476	2.93808542255683	0.18584237102506104	1.0227347206472028	0.010834895927696004	4.8870507216786025	7.286603843824722	3.285114926846059	-33.418952355240336	0.04690086618474105	0.044407317782596996	0.019048769407687387	0.2407698132204544	0.9702019850937046	3.988783665587152e-9	1.6487369166873827e-9	1.4994373985789722e-7	1.1618784812764028e-6
10.446950436896488	11.023659841231702	2.1053621600188426	7.34986607219935	2.179551607600723	4.685181231135843	0.35990489533314507	9.444292979970026	11.876472572765143	7.741584177597275	4.641700866184743	-80.42628439084997	0.9659846515486276	0.5453945724138418	2.476494238457341	4.583789557214346	3.139718592643566e-7	1.3109794393464e-7	0.000011181328767310341	0.00008290388395519072
10.51575212220934	11.092468928738636	2.1581492698976277	7.418411751935166	2.23314253888781	4.75159053312478	0.3760835637552719	9.513068320030692	11.945287527864172	7.810207697367554	4.708027317782596	1.0348046515486249	-81.30795278838491	0.5679174436863232	2.532938962269306	4.65000146963032	3.3504398415725353e-7	1.3992316686576558e-7	0.000011919226957506276	0.00008829546256607093
11.557477550915927	12.134265192461594	3.019803913115676	8.457638558091109	3.104630084286942	5.768999529847091	0.7004559832642336	10.554540283557314	12.987139736051793	8.8502003155984	5.724568769407687	1.6561145724138404	1.609817443686323	-95.22997164893455	3.4387175734004227	5.665341414766277	8.940855173005538e-7	3.7454059241371376e-7	0.00003126727312076056	0.00022819217070184066
8.245934790845102	8.821902639830743	0.7835478311389454	5.172470936599829	0.8250672875286319	2.6705007874856177	0.0753265493416621	7.245859084718494	9.674118778633853	5.557252843430952	2.632689813220455	0.27361423845734084	0.2612389622693073	0.12511757340042282	-54.947214779348045	2.5825603190402298	3.896850439587815e-8	1.6183276978549654e-8	1.429144247004692e-6	0.000010859110430696026
5.9280922157788005	6.498759744282686	0.18113486101485352	2.990467474534091	0.19388493059307887	1.0535893631674937	0.01139980909769779	4.945443711895589	7.346549754354993	3.33923405193137	1.030401985093705	0.04918955721434464	0.046581469630320414	0.020021414766277057	0.25084031904022913	-33.885592056560824	4.224924355705463e-9	1.746529642738098e-9	1.5873323200003705e-7	1.2294606100889667e-6
28.30296700001446	28.879800000008284	19.589690060860192	25.201440000286144	19.68620005553335	22.496250003820435	16.071301684124318	27.29986500003802	29.73271000000364	25.594530000196148	22.451120003988787	17.85632031397186	17.787500335043987	16.74560089408552	20.059200038968505	22.390920004224927	-370.6520533599053	0.6082257962575575	3.899005809143742	5.999406359335429
29.22676700000593	29.803600000003396	20.513490025301373	26.125240000117767	20.61000002308175	23.42005000157903	16.99510070704262	28.223665000015604	30.656510000001493	26.518330000080685	23.37492000164874	18.78012013109794	18.711300139923168	17.669400374540597	20.98300001618328	23.314720001746533	1.5320257962575572	-388.1518483425032	4.778596494585782	6.915012629289917
24.490067000566356	25.0669000003256	15.776792219452561	21.388540010996543	15.873302027592517	18.68335014367425	12.2584581674965	23.486965001481042	25.919810000143485	21.78163000755873	18.638220149943734	14.043431181328764	13.974611919226957	12.93273126727312	16.246301429144246	18.578020158733228	0.0861058091437395	0.04189649458578021	-301.7179725160136	2.4508395273464316
22.318667004526837	22.89550000260832	13.605406786715498	19.217140086654457	13.701915350471461	16.511951113652312	10.087419808914378	21.315565011788664	23.748410001153008	19.61023005968539	16.466821161878478	11.872102903883954	11.803288295462568	10.761528192170704	14.07491085911043	16.406621229460608	0.015106359335428164	0.006912629289914994	0.27943952734643335	-264.6989363841089