-28.37610700866272	1.3944945957210648	1.7630364503406286	1.3081016809828296	1.4632857377225812	2.4553223647472495	1.4471559311346827	1.7015361681685932	1.3468998932598175	1.2040916261049315	1.6397172930993384	1.5167061171437657	1.8854110815001364	1.6671018210835498	1.2508615117460293	1.3074181263739448	1.224487231878458	1.2836455785437517	1.3079125407508558	1.208921258360513
0.6880085957210644	-20.300575841847838	1.3056340712408758	0.9302339788822205	1.056086917510877	1.9092151276694727	1.0428943024811568	1.2537829493962926	0.9614709108586491	0.8472767586733192	1.2019926487260792	1.0999581879481375	1.4097444485542892	1.2248933570758873	0.8844365889377884	0.9296850382812969	0.8634523787884882	0.9106244999573625	0.9300820816040251	0.8511029995405562
0.49716445034062895	0.7462480712408757	-15.053168603291246	0.6896096839036417	0.7921443030082351	1.5237465934308199	0.7813202599843484	0.9563438878189956	0.7149057945021728	0.6229421947845946	0.9129773015243524	0.8282624770105221	1.0883504651940752	0.9321233937670597	0.6527116506101706	0.6891660716679998	0.6358818679382053	0.6737828689089395	0.6894869287957595	0.6260003388598504
0.7445516809828296	1.0731699788822204	1.3919316839036415	-21.804851842476822	1.13187610491166	2.014728383667798	1.1180765163111577	1.3380409803499616	1.032781565340137	0.9127714001356401	1.2841409997597522	1.1777266285310544	1.4999290719697627	1.3079836887533645	0.9518756600974062	0.999423610784129	0.9297997595388724	0.979403378421789	0.9998405084797897	0.9168002416558566
0.646647737722581	0.9459349175108773	1.241378303008235	0.8787881049116596	-19.186777874167024	1.829776009888907	0.9872764251689136	1.1911198965046554	0.9088376770368033	0.7991041730823458	1.140973368007622	1.0423396898799275	1.3424435159106796	1.1631405865943694	0.8347757690632802	0.8782602464594437	0.814627499256019	0.8599364233784003	0.8786420405186867	0.8027754902636208
0.2784123647472494	0.4387911276694726	0.6127085934308195	0.4013683836677981	0.4695040098889075	-8.60476055733081	0.462230021136388	0.5820922112842724	0.4180160009501124	0.35801951704723417	0.5519569490735218	0.4939114705598999	0.6755052733134156	0.5652269431714824	0.3772809695295493	0.40107740390950414	0.3663726251899954	0.39100782226388237	0.401287861233741	0.35999100926356464
0.6560739311346828	0.9582983024811564	1.2561102599843486	0.890544516311158	1.0128324251689087	1.8480580211363882	-19.441658006237443	1.2054809302081442	0.9208691555032722	0.8101030669205133	1.154951875033827	1.0555277134210146	1.35788541942256	1.1772897500465629	0.8461189337515838	0.8900117752724647	0.8257772579655898	0.8715173601767392	0.8903971010280455	0.8138102112704839
0.5242851681685933	0.7830179493962929	1.044964887818995	0.7243399803499615	0.8305068965046554	1.5817512112842722	0.8193119302081446	-15.816938205592644	0.7505573954494097	0.6551606489494696	0.9552937471512676	0.8678423428402349	1.1358475640716152	0.9750362512826986	0.6860670732207643	0.7238800590276803	0.6685976205794127	0.7079280081667073	0.7242127127685475	0.65833675835392
0.7184878932598173	1.0395449108586503	1.3523657945021728	0.9679195653401368	1.0970636770368039	1.966514000950112	1.0835391555032725	1.2993963954494097	-21.1139899188507	0.8826316531386214	1.2464500423676486	1.1420176278864278	1.4586091152715785	1.269866850198791	0.9208521307709002	0.9673556386437211	0.8992723560417106	0.9477712075102164	0.967763521829444	0.8865683822912648
0.8203866261049314	1.1700577586733192	1.5051091947845945	1.0926164001356409	1.232037173082346	2.151224517047234	1.2174800669205132	1.4487066489494695	1.1273386531386216	-23.79177669484992	1.3922011402732175	1.2803535347931376	1.6178742394443677	1.4172081323850994	1.0415607842123835	1.0920054875672283	1.0181064796687997	1.0707773972698926	1.092447357126241	1.0042851032728777
0.5532522930993385	0.8220136487260795	1.0923843015243524	0.761225999759752	0.8711463680076222	1.6424019490735218	0.8595688750338272	1.046079747151267	0.7883970423676485	0.6894411402732176	-16.625567861283592	0.909735945942387	1.1858529195278815	1.020354252128347	0.7215279517555804	0.7607491873507509	0.7033946082235873	0.7442077744857425	0.7610940587085492	0.6927397981441403
0.616551117143766	0.9062891879481375	1.1939794770105219	0.8411216285310543	0.9588226898799288	1.7706664705598998	0.9464547134210137	1.144938342840235	0.8702746278864276	0.7639035347931377	1.0960459459423868	-18.368693889520234	1.2927115638575537	1.1176538121793342	0.7984550699081545	0.8406096790139812	0.7789361547959762	0.8228415710099807	0.8409799657643499	0.7674583370343935
0.44775408150013657	0.6785734485542894	0.9165654651940753	0.6258220719697626	0.7214245159106798	1.4147582733134154	0.7113104194225601	0.8754415640716156	0.6493641152715784	0.5639222394443676	0.8346609195278814	0.7552095638575537	-13.643901390288114	0.8526565184091358	0.5915363029766856	0.6254094846233006	0.5759197069686796	0.6111078412997972	0.6257079010619413	0.5667569569106589
0.5402008210835498	0.8044783570758876	1.0710943937670594	0.7446326887533647	0.8528775865943694	1.6152359431714822	0.8414707500465632	1.0253862512826977	0.7713778501987911	0.6740121323850996	0.9799182521283467	0.8909078121793342	1.1634125184091362	-16.262118968333137	0.7055713503821667	0.7441634209774236	0.6877347178288995	0.7278852815266913	0.7445028351665597	0.6772560053757167
0.7851555117460292	1.1252165889377885	1.4528776506101704	1.0497196600974061	1.18570776906328	2.088484969529549	1.1714949337515839	1.3976120732207642	1.0835581307709006	0.9595597842123833	1.3422869517555804	1.2329040699081546	1.5634873029766856	1.3667663503821665	-22.872860224161027	1.0491244744190502	0.9771743577807925	1.0284467276914266	1.0495549681895413	0.9637279491177739
0.7450211263739447	1.0737740382812972	1.392641071668	1.0005766107840708	1.1325012464594437	2.015590403909504	1.1186967752724644	1.3387340590276806	1.033370638643721	0.9133134875672277	1.284817187350751	1.1783676790139814	1.5006694846233006	1.3086674209774236	0.9524334744190501	-21.8172564958847	0.9303487463568542	0.9799720185709715	1.0004170579629514	0.9173439686220645
0.8047852318784583	1.1502363787884886	1.4820518679382053	1.0736477595388725	1.2115634992560194	2.1235806251899954	1.1971572579655898	1.426146620579413	1.1079823560417104	0.982109479668797	1.3701576082235873	1.2593891547959761	1.5938747069686796	1.3949337178288994	1.0231783577807954	1.073043746356855	-23.385719349731346	1.0520571148042275	1.0734806253539813	0.9863432407727944
0.7615755785437519	1.0950404999573626	1.4175848689089396	1.0208833784217917	1.1545044233784	2.0458478222638825	1.1405293601767392	1.3631090081667077	1.0541132075102162	0.9324123972698933	1.3086027744857422	1.2009265710099806	1.5266948412997976	1.3327162815266913	0.9720827276914242	1.0202990185709693	0.9496891148042279	-22.253833816258847	1.0207216816735667	0.9365002605987592
0.7446815407508561	1.0733370816040242	1.3921279287957593	1.0001595084800907	1.132049040518687	2.014966861233741	1.1182481010280447	1.3382327127685478	1.032944521829444	0.912921357126241	1.284328058708549	1.1779039657643497	1.5001339010619412	1.30817283516656	0.9520299681895418	0.9995830579630807	0.9299516253539805	0.9795606816735681	-21.80828340026616	0.9169506522491566
0.8166582583605133	1.1653259995405567	1.4996093388598504	1.0880872416558565	1.2271504902636212	2.1446380092635646	1.2126292112704842	1.4433247583539202	1.1227173822912648	0.9957271032728743	1.3869417981441405	1.2753503370343937	1.6121509569106587	1.4118940053757167	1.0371709491177734	1.0874779686220646	1.0137822407727957	1.06630726059876	1.0879186522491564	-23.694861961957965