-2.682403928033057738e+01 9.780086093212985165e-01 4.837057657521956489e-01 7.696916534401440080e-01 1.683904486517254773e-01 4.365502969304700387e-01 1.716444977518983839e-01 3.509636703616469067e+00 1.759620576731163011e+00 4.037041660615185990e+00 4.234270227325998448e+00 9.699570219801730842e-01 2.551856769859833562e+00 1.636346592354954499e+00 1.435374898892307183e+00 4.277490631561025602e-01 8.203277188161802735e-01 2.429644048238838394e+00 2.740911662821757071e-04 3.948635729356609649e-03
1.022318609321299254e+00 -2.726262621950771958e+01 4.968384843863746236e-01 7.883262052845558809e-01 1.737903351337494462e-01 4.486557116033894621e-01 1.771365720474369632e-01 3.550130643184358448e+00 1.790760409258121744e+00 4.078777432832136896e+00 4.276363862315688991e+00 9.918273859081127020e-01 2.588557038151030998e+00 1.666334635016746057e+00 1.463276240472199952e+00 4.396584119427875414e-01 8.398233111175916754e-01 2.465662193260617752e+00 2.853072657402364542e-04 4.103431005780772828e-03
1.794975765752195418e+00 1.763798484386374321e+00 -4.158000620064011343e+01 1.458289976522019193e+00 4.066318928366173258e-01 9.186199763610940483e-01 4.135291963334608023e-01 4.745824760349892202e+00 2.784926259183608810e+00 5.298576775528413663e+00 5.502973020540362192e+00 1.752336814440035528e+00 3.706585532348668721e+00 2.633369231921857789e+00 2.379832629038984848e+00 9.032051072932547608e-01 1.534385276201127413e+00 3.569126911916333800e+00 8.908726526678766846e-04 1.212771703314483376e-02
1.272221653440144484e+00 1.246546205284555731e+00 6.495499765220191790e-01 -3.204846036127761977e+01 2.392226932245140048e-01 5.900907794295783271e-01 2.436457797109166101e-01 3.974982218952866297e+00 2.128417946389697502e+00 4.514683828472628058e+00 4.715427281584542385e+00 1.237130128877614643e+00 2.978820723372067381e+00 1.992830758388495882e+00 1.769324757678144566e+00 5.789311712660699660e-01 1.060518667472312382e+00 2.849589520811763421e+00 4.314905622394192780e-04 6.094779837447424596e-03
3.072280448651725671e+00 3.033370335133749318e+00 1.999251892836617417e+00 2.640582693224513999e+00 -6.392519720456353838e+01 1.876392552562732075e+00 1.013485076153166187e+00 6.307035036826258434e+00 4.230589603440550128e+00 6.871158626152521265e+00 7.078652576865267498e+00 3.019016253875673517e+00 5.227403905696858644e+00 4.060827053859205726e+00 3.771698361219819606e+00 1.852738129713037862e+00 2.740541898568924939e+00 5.081781420268789873e+00 3.627124614118794246e-03 4.476421490000384584e-02
1.915250296930470331e+00 1.883045711603389627e+00 1.086049976361094460e+00 1.566260779429578642e+00 4.512025525627322842e-01 -4.371838005785724590e+01 4.587016445360939110e-01 4.907861909482735818e+00 2.928868299426508504e+00 5.462523228002920561e+00 5.667446036621337058e+00 1.871201008374743235e+00 3.862066268964125637e+00 2.774619262713094336e+00 2.515920592111034360e+00 9.836698705179733881e-01 1.645382774432059936e+00 3.723316903164792802e+00 1.034194647506011047e-03 1.395874797505139604e-02
3.048684497751898981e+00 3.009866572047437128e+00 1.979299196333461408e+00 2.618155779710916953e+00 9.866350761531669233e-01 1.857041644536093994e+00 -6.351509042170808073e+01 6.280451293824487635e+00 4.205121426184005529e+00 6.844475347261971265e+00 7.051942663315982074e+00 2.995547108519148960e+00 5.201191075646207196e+00 4.035548370448118760e+00 3.746799577881175569e+00 1.833508603874717702e+00 2.717813947675681518e+00 5.055646309346946587e+00 3.543372514559251039e-03 4.381855868211534388e-02
1.181267036164689310e-01 1.143106431843585041e-01 4.304476034989283134e-02 8.094221895286639323e-02 1.163503682625837213e-02 3.765190948273519633e-02 1.190129382448781512e-02 -5.206070507799306135e+00 2.871617279652947108e-01 1.311086220762617716e+00 1.438468426521101629e+00 1.129277194407319607e-01 5.498688540430356486e-01 2.545534901029010144e-01 2.058356868993425071e-01 3.667203000787914308e-02 8.859668099196611746e-02 5.030824695321359785e-01 1.218812112680873521e-05 1.924471741048965653e-04
4.986285767311631201e-01 4.854584092581216703e-01 2.126642591836087615e-01 3.648959463896973010e-01 6.570760344054976665e-02 1.891762994265083764e-01 6.708942618400479119e-02 2.417679727965294401e+00 -1.613032067585775309e+01 2.893749409195656597e+00 3.075693012353712064e+00 4.806571147667179078e-01 1.604309496999458684e+00 9.129199467936649492e-01 7.754823380217309436e-01 1.848466502599044325e-01 3.934873399083146928e-01 1.506483028491313325e+00 8.694392102132846945e-05 1.305146567306329818e-03
7.695166061518600442e-02 7.437743283213663070e-02 2.721677552841421724e-02 5.206382847262819302e-02 7.178626152520831485e-03 2.373322800292064147e-02 7.345347261970716288e-03 7.425062207626179633e-01 1.946514091956568215e-01 -3.517932342144053592e+00 1.107960966791633028e+00 7.344562363781614867e-02 3.883916392999337552e-01 1.714506242401645786e-01 1.372001889675776853e-01 2.310190488605709178e-02 5.714975994463222103e-02 3.530852744132019216e-01 7.183807395835038515e-06 1.146473315897789791e-04
6.551022732599906528e-02 6.329386231568852328e-02 2.294302054036338051e-02 4.413728158454201245e-02 6.002576865268235452e-03 1.998603662133683484e-02 6.142663315982392624e-03 6.612184265211016321e-01 1.679250123537123218e-01 8.992909667916325622e-01 -3.000335403608246576e+00 6.249189673079786483e-02 3.398158479964645262e-01 1.475921831001413553e-01 1.176958701035492327e-01 1.945059571717899782e-02 4.849445586588518181e-02 3.082438244697996432e-01 5.914631414515837041e-06 9.474075738826726024e-05
1.030657021980173171e+00 1.008217385908107389e+00 5.017668144400359020e-01 7.953001288776149202e-01 1.758262538756735771e-01 4.532010083747429197e-01 1.792071085191489499e-01 3.565137719440731878e+00 1.802349114766717886e+00 4.094235623637816346e+00 4.291951896730797245e+00 -2.742594306113214486e+01 2.602181683710937943e+00 1.677500325284824401e+00 1.473674482285149079e+00 4.441305649394090005e-01 8.471165155412857528e-01 2.479037664415831177e+00 2.895700377870661269e-04 4.162178365363622054e-03
2.572227698598336110e-01 2.496130381510311691e-01 1.006815323486691116e-01 1.816567233720672303e-01 2.887990569685892905e-02 8.873226896412553244e-02 2.951707564620640808e-02 1.646744854043035833e+00 5.706674969994587343e-01 2.053847639299933636e+00 2.213941847996464318e+00 2.468476837109378763e-01 -9.818173562923533382e+00 5.131563041901030520e-01 4.248911192764546207e-01 8.654718224992782871e-02 1.974860243399386706e-01 9.271878458351984209e-01 3.363107246122489712e-05 5.186198708244759000e-04
5.548835923549546578e-01 5.405616350167457007e-01 2.406362319218582069e-01 4.088377583884960087e-01 7.547405385920580301e-02 2.144562627130941479e-01 7.704537044811850255e-02 2.564600490102900920e+00 1.092448946793665554e+00 3.050077624240164376e+00 3.234889183100141175e+00 5.353373252848244723e-01 1.726327304190103051e+00 -1.744488464428444985e+01 8.533768190969408529e-01 2.096226453155595471e-01 4.401823266089728293e-01 1.624494556193594619e+00 1.024616654119970080e-04 1.530056989697257215e-03
6.630618988923077106e-01 6.466532404721999638e-01 2.962496290389851628e-01 4.944817576781449509e-01 9.549536121981999637e-02 2.649075921110344289e-01 9.744657788117568054e-02 2.825032686899342504e+00 1.264161338021731584e+00 3.324977188967577657e+00 3.514142870103549310e+00 6.406614822851494084e-01 1.947212119276454878e+00 1.162526819096941111e+00 -1.986802592144097090e+01 2.591040953817011494e-01 5.309091562653849294e-01 1.838856349609879759e+00 1.358735670382716211e-04 2.009884672548398459e-03
1.939289063156103055e+00 1.906888411942787576e+00 1.103475107293255375e+00 1.587941171266070262e+00 4.603881297130382189e-01 1.016509870517974479e+00 4.680086038747177657e-01 4.939722030007879461e+00 2.957378650259904873e+00 5.494731904886057450e+00 5.699750595717180346e+00 1.894970564939409297e+00 3.892721182249927914e+00 2.802625645315560021e+00 2.542957095381701560e+00 -4.414414946665753092e+01 1.667645357724919730e+00 3.753733287613856717e+00 1.064860341098852010e-03 1.434793445608932572e-02
1.204167718816180344e+00 1.179353311117591563e+00 6.069552762011278801e-01 9.418286674723120866e-01 2.204918985689247879e-01 5.505227744320598804e-01 2.246139476756808806e-01 3.863946680991965810e+00 2.038319339908314820e+00 4.401079759944632741e+00 4.601094455865885280e+00 1.170256515541285625e+00 2.875960024339938581e+00 1.905485326608973073e+00 1.687062156265384694e+00 5.399453577249196945e-01 -3.076522040661012625e+01 2.748246274850401960e+00 3.877202266955133620e-04 5.503200057853653050e-03
2.843500482388385264e-01 2.760581932606175348e-01 1.125629119163343295e-01 2.017655208117633825e-01 3.259742026878970772e-02 9.932290316479251702e-02 3.331230934694631718e-02 1.749298469532135858e+00 6.221810284913131817e-01 2.167881274413201886e+00 2.331709824469799575e+00 2.730436644158310000e-01 1.076527845835198338e+00 5.606635561935945367e-01 4.658753496098794744e-01 9.689928761385635525e-02 2.191122748504020779e-01 -1.060379350695534839e+01 3.859429104695777135e-05 5.930302310060086256e-04
1.055933409116628319e+01 1.051503530726574098e+01 9.248680872652670359e+00 1.005696149056223909e+01 7.658797124614119767e+00 9.081394194647506524e+00 7.685563372514559788e+00 1.395058218812112827e+01 1.182013894392102138e+01 1.451915718380739762e+01 1.472782591463141522e+01 1.049864957003778976e+01 1.285372763107246286e+01 1.164062546166541345e+01 1.133150887356704040e+01 9.048584860341099656e+00 1.017560772022669546e+01 1.270439259429104695e+01 -2.012351914753973858e+02 3.158624080291744018e+00
7.561388635729356267e+00 7.517233431005781341e+00 6.258297717033145524e+00 7.061004779837446677e+00 4.698314214900003449e+00 6.092698747975051177e+00 4.724218558682115265e+00 1.094914244717410412e+01 8.819737146567305786e+00 1.151764464733158988e+01 1.172629474075738898e+01 7.500902178365363326e+00 9.852592619870824464e+00 8.640433056989696325e+00 8.331762884672547997e+00 6.060247934456088892e+00 7.179103200057854295e+00 9.703327030231005068e+00 1.570040802917432587e-01 -1.443513480519284542e+02
