-2.167997673548758542e+01 1.121190252597315862e+00 2.269444881389923729e+00 8.793702404085741442e-01 9.806617857304220642e-01 9.550285464484953302e-01 7.720023448120749698e-01 1.277824726275044842e+00 1.089366746509629724e+00 1.544329496537262481e+00 1.812493709464388925e+00 1.769259509777318273e+00 9.833563739792420266e-01 8.816303209788690642e-01 1.120520632893620361e+00 8.994328824904883612e-01 6.581003265169447225e-01 9.037722292881937847e-01 8.745111596301780033e-01 8.876805697595993028e-01
8.878742525973154498e-01 -1.930019074267085344e+01 2.088785944978463593e+00 7.769698315598617677e-01 8.700463287467201656e-01 8.464431912126986202e-01 6.789009187876657858e-01 1.145875087175665996e+00 9.704915852061988257e-01 1.396276835220340962e+00 1.650669595150909830e+00 1.609506357625546391e+00 8.725293842564171287e-01 7.790408732096274491e-01 9.993786287539921931e-01 7.953637294826866322e-01 5.755888283806883665e-01 7.993448991917283530e-01 7.725180877432301640e-01 7.845863833910965424e-01
3.245288813899236402e-01 3.771859449784638052e-01 -6.931670422106299689e+00 2.747435275638634988e-01 3.163701691415167216e-01 3.056597590614260618e-01 2.326742041290485730e-01 4.490980879500807710e-01 3.631047873187525643e-01 5.812248333286262891e-01 7.262493556763001123e-01 7.020666806807669413e-01 3.175029581649733701e-01 2.756519189284560301e-01 3.768878011103302672e-01 2.828399783854861349e-01 1.903987043995767625e-01 2.846008420092344116e-01 2.727936942327913727e-01 2.780882936566828056e-01
1.131187240408573880e+00 1.262102831559861915e+00 2.471476527563863268e+00 -2.444314845114758228e+01 1.110217925314302523e+00 1.082387338799931209e+00 8.824158019719151591e-01 1.430139624634066298e+00 1.227805881386362818e+00 1.713425990890482975e+00 1.995672814188634403e+00 1.950336784475546148e+00 1.113141152412880919e+00 1.002466524585936325e+00 1.261381735830933382e+00 1.021883334741067184e+00 7.567303129509626025e-01 1.026612974957571867e+00 9.946959110763784473e-01 1.009067743398309069e+00
1.019590785730420501e+00 1.142291328746720014e+00 2.300215169141516913e+00 8.973299253143030008e-01 -2.209397115128077616e+01 9.740268377943804845e-01 7.883919521260581709e-01 1.300706074350955754e+00 1.110083002772276783e+00 1.569850117195529471e+00 1.840247275071912769e+00 1.796678726599248543e+00 1.002729979750856426e+00 8.996218171754101212e-01 1.141613695437304399e+00 9.176732359269541561e-01 6.726891800101811869e-01 9.220727821205939589e-01 8.924022838631343602e-01 9.057569821530202514e-01
1.046361546448496105e+00 1.171092191212698808e+00 2.341908759061426260e+00 9.219033387999320261e-01 1.026430837794379825e+00 -2.265889148717160495e+01 8.108454391831203534e-01 1.331894392188903486e+00 1.138367008063657648e+00 1.604566724820480905e+00 1.877938381931539613e+00 1.833925078936255781e+00 1.029208456426249363e+00 9.242381337590140911e-01 1.170403797571707649e+00 9.426251136233104733e-01 6.927054334898560262e-01 9.471058154732444612e-01 9.168832247195781715e-01 9.304878136677574574e-01
1.268996344812075128e+00 1.409210918787666023e+00 2.674584204129048626e+00 1.127592801971915248e+00 1.246456952126058226e+00 1.216506439183120181e+00 -2.732526539190404691e+01 1.588014727670215898e+00 1.372559079495987877e+00 1.886883020707807779e+00 2.181961194631261147e+00 2.134724396659793744e+00 1.249600446438917212e+00 1.130260324463224997e+00 1.408440884468245002e+00 1.151247105151526728e+00 8.626176531232569999e-01 1.156355883034666743e+00 1.121855277224116376e+00 1.137397737825139865e+00
7.656977262750447322e-01 8.670640871756660761e-01 1.881887087950080861e+00 6.661956246340662302e-01 7.496500743509557640e-01 7.284343921889036011e-01 5.788937276702160739e-01 -1.668419184731140703e+01 8.403158399505238352e-01 1.230685541881839429e+00 1.467868130306923424e+00 1.429314271974785555e+00 7.518839956147544967e-01 6.680464146692250971e-01 8.665003260226935566e-01 6.826433575256821706e-01 4.876831323794035278e-01 6.862062487804637678e-01 6.622182883656174690e-01 6.730035795945608079e-01
9.156597465096294464e-01 1.030100585206199959e+00 2.134313787318752542e+00 8.022818813863629162e-01 8.974470027722762921e-01 8.733270080636573729e-01 7.018580794959879965e-01 1.178735839950523667e+00 -1.989164498301088457e+01 1.433293608837105104e+00 1.691264989544254860e+00 1.649562129896844587e+00 8.999839408607208657e-01 8.044008983371316868e-01 1.029466866379786794e+00 8.210994232166187734e-01 5.958763313340287304e-01 8.251715647946937793e-01 7.977267753247591076e-01 8.100745237815533129e-01
6.016344965372624198e-01 6.868978352203410909e-01 1.583445833328626318e+00 5.189139908904829568e-01 5.882261171955291967e-01 5.705387248204806250e-01 4.471940207078079488e-01 8.001175418818392560e-01 6.643056088371049883e-01 -1.312428487881811279e+01 1.209507862115874133e+00 1.175199035870840625e+00 5.900911217319834146e-01 5.204433606677187907e-01 6.864209958372925469e-01 5.325178985472164284e-01 3.731919347797593711e-01 5.354684849729446361e-01 5.156286076875896685e-01 5.245414071874165973e-01
4.764977094643888522e-01 5.479895951509100582e-01 1.335169355676300018e+00 4.078598141886342066e-01 4.653222750719126499e-01 4.506093819315392657e-01 3.489711946312608615e-01 6.439991303069234618e-01 5.289759895442547322e-01 8.162068621158740100e-01 -1.036203012392572909e+01 9.696895698356535753e-01 4.668755672791292666e-01 4.091220258030425216e-01 5.475877755782032619e-01 4.190965133712193924e-01 2.888662471777245222e-01 4.215363894166982428e-01 4.051492288676872278e-01 4.125054985143749020e-01
4.945095097773184456e-01 5.680723576255465312e-01 1.372232680680766759e+00 4.237697844755463628e-01 4.829997265992484468e-01 4.678420789362556786e-01 3.629803966597938691e-01 6.666912719747853933e-01 5.485191298968447038e-01 8.431440358708408578e-01 1.030935569835655707e+00 -1.076262820575841772e+01 4.845996685406971372e-01 4.250717176722154100e-01 5.676592152593744611e-01 4.353586504257606626e-01 3.008326257494339795e-01 4.378745649751016322e-01 4.209737571770161835e-01 4.285614636262155552e-01
1.016830373979240365e+00 1.139319384256416878e+00 2.295892958164973408e+00 8.947981524128812980e-01 9.972749797508484448e-01 9.713494564262485920e-01 7.860804464389171686e-01 1.297484995614754499e+00 1.107164940860720481e+00 1.566260121731983590e+00 1.836345567279129343e+00 1.792823668540697080e+00 -2.203566831225354150e+01 8.970855832984979683e-01 1.138642872904777281e+00 9.151021067188147562e-01 6.706305253139442923e-01 9.194932122894829973e-01 8.898801256428272577e-01 9.032088406283874660e-01
1.128518320978868505e+00 1.259244873209627302e+00 2.467455918928455727e+00 9.975375245859440243e-01 1.107580817175409793e+00 1.079793133759013868e+00 8.801543244632247243e-01 1.427061414669224870e+00 1.224995898337131406e+00 1.710026360667718626e+00 1.992006025803042313e+00 1.946709717672215234e+00 1.110499583298497184e+00 -2.438713577311420622e+01 1.258524775201862678e+00 1.019385165402079352e+00 7.547021796776958169e-01 1.024107159053750049e+00 9.922421656799994549e-01 1.006590414550443624e+00
8.884476328936204981e-01 1.000621628754067904e+00 2.089730801110329939e+00 7.774917358309332283e-01 8.706116954373042116e-01 8.469977975717072338e-01 6.793738844682447597e-01 1.146554326022693582e+00 9.711008663797855434e-01 1.397042995837292301e+00 1.651510775578203027e+00 1.610336215259374315e+00 8.730958729047771927e-01 7.795637752018627076e-01 -1.931240814567210151e+01 7.958944450699360074e-01 5.760063977614574560e-01 7.998775071797651348e-01 7.730378425317634417e-01 7.851119498789864704e-01
1.107797882490487718e+00 1.237044729482686289e+00 2.436120978385485802e+00 9.784313347410655837e-01 1.087109235926953632e+00 1.059657113623309943e+00 8.626181051515260378e-01 1.403135357525681748e+00 1.203171423216618630e+00 1.683577898547216289e+00 1.963457513371219321e+00 1.918473650425760457e+00 1.089993106718814220e+00 9.808621654020829306e-01 1.236332445069936226e+00 -2.395200398894125371e+01 7.389864861613699709e-01 1.004662222997900534e+00 9.732041996418483443e-01 9.873681400612918102e-01
1.443724326516944823e+00 1.594528828380688212e+00 2.920938704399576480e+00 1.290537312950962301e+00 1.419384180010181185e+00 1.386996433489856129e+00 1.151247653123256720e+00 1.785434132379403405e+00 1.555207331334028664e+00 2.101510934779759143e+00 2.410486247177724639e+00 2.361206625749434185e+00 1.422780525313944278e+00 1.293438179677695921e+00 1.593703397761457641e+00 1.316245486161370382e+00 -3.095465782196891880e+01 1.321793352109051023e+00 1.284296392396949260e+00 1.301197778256635962e+00
1.102827229288193545e+00 1.231715899191728303e+00 2.428571842009234594e+00 9.738509749575718910e-01 1.082198782120593838e+00 1.054827815473245556e+00 8.584168830346671220e-01 1.397388248780463638e+00 1.197933564794694039e+00 1.677218484972944568e+00 1.956587389416698519e+00 1.911679564975101719e+00 1.085074212289482531e+00 9.762741590537482583e-01 1.231005507179765202e+00 9.953522229978890579e-01 7.352243521090511269e-01 -2.384754718630367876e+01 9.686403246877117734e-01 9.827597289708894790e-01
1.136955159630177681e+00 1.268278087743230031e+00 2.480153694232791306e+00 1.005322911076371728e+00 1.115917283863133713e+00 1.087994224719577963e+00 8.873052772241162289e-01 1.436789288365617256e+00 1.233877775324759396e+00 1.720767607687589740e+00 2.003589228867687311e+00 1.958167757177015966e+00 1.118850125642826487e+00 1.007798165680004798e+00 1.267554842531763537e+00 1.027283199641850331e+00 7.611163923969493927e-01 1.032029324687710581e+00 -2.456417302465515817e+01 1.014422678161986058e+00
1.121416569759599247e+00 1.251638383391096454e+00 2.456740293656682894e+00 9.909867433983060581e-01 1.100563982153019760e+00 1.072890813667756849e+00 8.741397378251400951e-01 1.418866579594560529e+00 1.217517523781553423e+00 1.700972407187416602e+00 1.982237498514374918e+00 1.937047463626215382e+00 1.103470840628386851e+00 9.934384145504464581e-01 1.250920949878986832e+00 1.012739140061295506e+00 7.493097782566360276e-01 1.017440728970891550e+00 9.857146781619863241e-01 -2.423805252706435098e+01
