-2.021286345363147774e+01 7.688651735332131532e-01 9.363237505757493473e-01 1.025167658575379503e+00 1.142048703375961871e+00 6.557635902658882632e-01 8.838553478050148460e-01 9.736996910587275567e-01 1.396986280464464381e+00 1.258066662053553664e+00 1.153210451320965335e+00 9.267436733872577159e-01 9.912606082771818761e-01 1.050874527899352096e+00 1.442880030643436395e+00 1.410400832238582591e+00 1.177223615740257801e+00 6.838320124084075191e-01 1.224617091751418307e+00 1.111043752256662298e+00
1.273378173533213253e+00 -2.581979081176423563e+01 1.198818667706799124e+00 1.302702543234517618e+00 1.437881007457400884e+00 8.631710594399626402e-01 1.136968750694132613e+00 1.242647489857960919e+00 1.727624426935539192e+00 1.570547579391350812e+00 1.450707495926181201e+00 1.187554241892274209e+00 1.263176529097949308e+00 1.332573583226629443e+00 1.779125837101816821e+00 1.742697310938086996e+00 1.478255567088030631e+00 8.973387522157088014e-01 1.532443595681475035e+00 1.402178200345204129e+00
1.066499750575750305e+00 8.244816677067986488e-01 -2.158061923304276064e+01 1.092749420782543224e+00 1.214417267644479770e+00 7.053568969984520542e-01 9.451086533342293317e-01 1.039048395516877443e+00 1.478569538903262481e+00 1.334824839352393822e+00 1.226016472895679499e+00 9.899841639234358004e-01 1.057380203213597936e+00 1.119542253035981982e+00 1.525961533475240772e+00 1.492426760885600334e+00 1.250959614447707757e+00 7.349674533272056998e-01 1.300144770461283183e+00 1.182179576562242040e+00
9.752476585753805383e-01 7.482695432345176645e-01 9.126534207825429679e-01 -1.970304568171944126e+01 1.115039198939197895e+00 6.374522440121946909e-01 8.611115097069400592e-01 9.493887554544823137e-01 1.366410336163374817e+00 1.229361659862506340e+00 1.126032257283388738e+00 9.032401077271939860e-01 9.666540964642608147e-01 1.025289660008325665e+00 1.411721573997940071e+00 1.379652856885424717e+00 1.149686604756505748e+00 6.649369177229519368e-01 1.196388001750038566e+00 1.084509278392274068e+00
8.702487033759619406e-01 6.615680074574006309e-01 8.124412676444796588e-01 8.931591989391981512e-01 -1.753570617226645467e+01 5.607004189135139649e-01 7.649847499239272874e-01 8.463446112916497288e-01 1.235354110645104031e+00 1.106731531478286845e+00 1.010239713767324243e+00 8.037642165161346108e-01 8.623012738867418259e-01 9.165961063696410616e-01 1.278031105563530057e+00 1.247819209072197566e+00 1.032290244345857033e+00 5.856495686667361200e-01 1.075892873044767883e+00 9.715892613640013664e-01
1.447682590265888081e+00 1.150577059439962246e+00 1.367099896998452246e+00 1.479291244012194584e+00 1.624419418913513935e+00 -2.937586105329838659e+01 1.300008307047077594e+00 1.414507399197062920e+00 1.932620038849592436e+00 1.765990971267509924e+00 1.638142669337839141e+00 1.354897782394153927e+00 1.436675255650563310e+00 1.511441741643291925e+00 1.987037977428777635e+00 1.948557065609117789e+00 1.667590251488062725e+00 1.037731437499590292e+00 1.725411584856016756e+00 1.586178361399719350e+00
1.125899347805014550e+00 8.744997506941326604e-01 1.056976653334229965e+00 1.153075509706940283e+00 1.278828749923927477e+00 7.501333070470774800e-01 -2.280011573477707643e+01 1.097461161327879076e+00 1.550784024945690787e+00 1.402963547962255086e+00 1.290800223828871829e+00 1.046586197296367260e+00 1.116454019997790370e+00 1.180797093782840035e+00 1.599437059264406269e+00 1.565014057250532664e+00 1.316534154692123648e+00 7.810893253634727529e-01 1.367240512209179526e+00 1.245541038344344820e+00
1.026769691058726952e+00 7.912044898579607688e-01 9.619423955168786566e-01 1.052378755454482118e+00 1.171214611291649721e+00 6.756583991970629421e-01 9.084871613278788782e-01 -2.076378765618617095e+01 1.429924669123698422e+00 1.289028113674719922e+00 1.182555172125332899e+00 9.521847770299055602e-01 1.017875255417567626e+00 1.078528813227295213e+00 1.476432984422422656e+00 1.443520765001435446e+00 1.206948562129110725e+00 7.043521876940849191e-01 1.255074931231708657e+00 1.139705921404252864e+00
6.864562804644644967e-01 5.125814269355390973e-01 6.378635389032624170e-01 7.058003361633748973e-01 7.966241106451037446e-01 4.301710388495925685e-01 5.982100249456907548e-01 6.663246691236982544e-01 -1.372075349513725939e+01 8.883152206553583952e-01 8.053802809808688901e-01 6.305968977426059663e-01 6.797572304392583975e-01 7.256379242574552135e-01 1.037328214125596393e+00 1.010889240525366217e+00 8.242658027494588202e-01 4.504478172618186504e-01 8.617274783103703317e-01 7.723759620583757757e-01
7.798966620535533467e-01 5.878645793913509499e-01 7.264788393523937682e-01 8.011116598625063201e-01 9.003615314782861256e-01 4.959019712675101221e-01 6.827495479622553987e-01 7.577881136747199875e-01 1.120675220655358295e+00 -1.566397027692393173e+01 9.099001005913842643e-01 7.184748047502144130e-01 7.725431706979771773e-01 8.228393845892014724e-01 1.160851443270739747e+00 1.132403096055441649e+00 9.304559031338149877e-01 5.185917492728743250e-01 9.711626421555009658e-01 8.739198567088484193e-01
8.610004513209655874e-01 6.539844959261810198e-01 8.036304728956792376e-01 8.837422572833889545e-01 9.898297137673218726e-01 5.540136693378394650e-01 7.565462238288718222e-01 8.372751721253330892e-01 1.223700280980868804e+00 1.095860100591384168e+00 -1.734442016271207976e+01 7.950205853626476360e-01 8.531121510615327086e-01 9.070092705163694813e-01 1.266131778781743655e+00 1.236092972545665747e+00 1.021902610040058335e+00 5.787348660364725061e-01 1.065218997101339937e+00 9.616140932084129567e-01
1.077018673387258429e+00 8.333162418922742676e-01 1.010083163923428007e+00 1.103435107727193554e+00 1.225839216516134922e+00 7.132537823941539346e-01 9.548171972963659382e-01 1.049389777029905879e+00 1.491401897742606231e+00 1.346919804750214222e+00 1.237505585362647764e+00 -2.179672480539462498e+01 1.067840505171935517e+00 1.130395187402913892e+00 1.539022349138184476e+00 1.505326644797252200e+00 1.262591439953493877e+00 7.431047964745280954e-01 1.312051283776986654e+00 1.193412150657146453e+00
1.008790608277174927e+00 7.761935290979493640e-01 9.447342032135983558e-01 1.034104096464261824e+00 1.151631273886741802e+00 6.622862556505629827e-01 8.919400199977901567e-01 9.823352554175678319e-01 1.407817230439258660e+00 1.268243170697977096e+00 1.162852151061533057e+00 9.350955051719355149e-01 -2.039382566843286781e+01 1.059957410363422614e+00 1.453914532997363507e+00 1.421291906748576750e+00 1.186991061344539578e+00 6.905607167821278258e-01 1.234626969745162395e+00 1.120459771075329236e+00
9.507945278993523708e-01 7.279805832266292853e-01 8.892862530359817441e-01 9.751296600083267929e-01 1.088316106369640268e+00 6.194427416432920497e-01 8.386730937828400512e-01 9.253788132272958711e-01 1.336087924257455262e+00 1.200929384589201732e+00 1.099139270516369393e+00 8.800401874029134541e-01 9.423474103634229548e-01 -1.919899006379056772e+01 1.380809788013706241e+00 1.349156431490413643e+00 1.122432123637538304e+00 6.463455072583054184e-01 1.168435834257513406e+00 1.058264422810367700e+00
6.586000306434361962e-01 4.903328371018166321e-01 6.115055334752405036e-01 6.773615739979401695e-01 7.655511055635301210e-01 4.108389774287777851e-01 5.731130592644063659e-01 6.390829844224227285e-01 9.635782141255979649e-01 8.547414432707397536e-01 7.740617787817435369e-01 6.044673491381846731e-01 6.521045329973637061e-01 6.966097880137063214e-01 -1.313980748561611378e+01 9.742007566815193975e-01 7.924226984764919379e-01 4.303812261220730795e-01 8.288631778602504330e-01 7.419904182508706425e-01
6.781708322385824328e-01 5.059543109380869597e-01 6.300207608856002173e-01 6.973428568854246334e-01 7.873892090721973380e-01 4.244080656091178683e-01 5.907400572505325798e-01 6.582207650014355593e-01 9.891892405253721599e-01 8.783430960554420297e-01 7.960729725456655581e-01 6.228216447972521053e-01 6.715319067485767679e-01 7.170064314904135427e-01 1.026250756681520659e+00 -1.354804208744002736e+01 8.148037937160679256e-01 4.444670999250237009e-01 8.519644265042737308e-01 7.633438605694402579e-01
8.415236157402579131e-01 6.380425670880306432e-01 7.850836144477078005e-01 8.639066047565060469e-01 9.683902443458571874e-01 5.399712514880627978e-01 7.387901546921236129e-01 8.181785621291105537e-01 1.199095802749458928e+00 1.072925903133814529e+00 9.784126100400603043e-01 7.766164399534936091e-01 8.337610613445396446e-01 8.868121236375384742e-01 1.241002698476491917e+00 1.211333793716067753e+00 -1.694135335143873178e+01 5.642099150621706638e-01 1.042706154510880889e+00 9.405902341265585109e-01
1.401214012408407372e+00 1.110207752215708554e+00 1.322173453327205594e+00 1.432238917722952198e+00 1.574831568666736237e+00 9.631944374995907721e-01 1.256427325363472791e+00 1.368664187694084600e+00 1.878359817261818554e+00 1.714143749272874384e+00 1.588326866036472440e+00 1.310211796474527901e+00 1.390412716782127855e+00 1.463807507258305662e+00 1.932043226122073243e+00 1.894079099925023657e+00 1.617291915062170959e+00 -2.842905606102895533e+01 1.674191473618052317e+00 1.537236238317349235e+00
8.046870917514181709e-01 6.080005956814749091e-01 7.500387704612830886e-01 8.263780017500388375e-01 9.277628730447675665e-01 5.135625848560170237e-01 7.052665122091794636e-01 7.820749312317087920e-01 1.152327478310370079e+00 1.029402642155499148e+00 9.374989971013392154e-01 7.418462837769866924e-01 7.971669697451626568e-01 8.485858342575135493e-01 1.193213177860249941e+00 1.164264426504273420e+00 9.584761545108810843e-01 5.368794736180524385e-01 -1.617819951187797045e+01 9.007667130517564846e-01
8.966137522566622886e-01 6.832352003452040190e-01 8.375735765622422946e-01 9.199992783922741335e-01 1.028959261364002842e+00 5.798293613997193008e-01 7.890670383443451064e-01 8.722059214042527930e-01 1.268475962058375872e+00 1.137659856708848283e+00 1.039394093208413139e+00 8.287071506571466184e-01 8.884997710753290701e-01 9.439144228103677481e-01 1.311840418250870499e+00 1.281143860569440296e+00 1.061860234126558611e+00 6.054242383173493725e-01 1.106266713051756057e+00 -1.808067011090316001e+01
