-2.710110979470715264e+01 9.543030142909681990e-01 1.689696503839260178e+00 1.763875537645916314e+00 1.131026309059360191e+00 3.647350986528275829e+00 1.948498932386424798e+00 6.627901972985879020e-01 1.989405711659248732e+00 1.790603701565786743e+00 1.170206685917636324e+00 1.939318430927032155e+00 2.835426435280878343e-01 1.820018451692938966e+00 1.083301982834852240e+00 8.597731552290495127e-01 5.654518526897747144e-01 5.475661232442532445e-01 2.139850374040660252e+00 1.114529200329040570e+00
1.047133014290967834e+00 -2.818260230699634050e+01 1.753914974552214678e+00 1.829510560648997419e+00 1.182036936725742837e+00 3.733078618679130933e+00 2.017375548516859407e+00 6.981580444850516987e-01 2.058949192836843967e+00 1.856732546562595454e+00 1.222311637889891500e+00 2.008042922033444366e+00 3.015575995617403304e-01 1.886680885552684428e+00 1.132940007118648396e+00 9.023513860484467797e-01 5.968532398004939843e-01 5.782062426567690094e-01 2.211698599824759803e+00 1.165070349211056788e+00
5.296965038392600356e-01 5.010849745522145682e-01 -1.569327954529702218e+01 1.054490149592933079e+00 6.136101256401116366e-01 2.624162837015345584e+00 1.193056256191232345e+00 3.270526193670884596e-01 1.224307264726674394e+00 1.074293402192934233e+00 6.392284462951598467e-01 1.186069549378159227e+00 1.254900894114311105e-01 1.096189326257709595e+00 5.827289859782460724e-01 4.430111692662056511e-01 2.724335390309420291e-01 2.626011384287082473e-01 1.340878362304698257e+00 6.028948058279673949e-01
4.968055376459162842e-01 4.696105606489978102e-01 9.474201495929344130e-01 -1.483619491822086722e+01 5.767282013996279932e-01 2.535361128489248106e+00 1.133998033859291432e+00 3.048828595928014806e-01 1.164273256627331499e+00 1.019125393776028066e+00 6.011743322905049869e-01 1.127232137810049162e+00 1.159493643058149837e-01 1.040281764508823370e+00 5.472882566538695981e-01 4.145051968082119065e-01 2.534601917862708831e-01 2.442191883570157540e-01 1.277369944772977162e+00 5.665094192951539709e-01
8.795063090593601141e-01 8.376869367257429033e-01 1.522090125640111369e+00 1.592278201399627502e+00 -2.429529737341393769e+01 3.417480101602632381e+00 1.767716369319452197e+00 5.737037631250935243e-01 1.806724284763129074e+00 1.617611844812815391e+00 1.036191342053053077e+00 1.758968586687172042e+00 2.392684586089475762e-01 1.645517874498233502e+00 9.560144525271951910e-01 7.515359984723692932e-01 4.867691122950005278e-01 4.708694272456023233e-01 1.950581206786178967e+00 9.847829777922181282e-01
1.056409865282757349e-01 9.853861867913107919e-02 2.424528370153455070e-01 2.607211284892477221e-01 1.272901016026324050e-01 -3.311471944489112307e+00 3.094276264401198406e-01 5.846946999993332672e-02 3.208590099716671640e-01 2.674841517960938053e-01 1.341409873301739053e-01 3.068944214612022714e-01 1.927482255821629312e-02 2.750386727165878842e-01 1.191816311269602163e-01 8.456446535931545772e-02 4.704082987842118230e-02 4.504430446815543138e-02 3.649498846068930380e-01 1.244579944607406147e-01
4.244289323864248176e-01 4.004755485168595697e-01 8.289862561912324512e-01 8.769980338592917590e-01 4.951663693194522375e-01 2.327067626440119774e+00 -1.290945604995626717e+01 2.567923557289833458e-01 1.027912975318472366e+00 8.944981944325753886e-01 5.169000765123905605e-01 9.937679999745254733e-01 9.568078043292864432e-02 9.138788476801102956e-01 4.690522422001797143e-01 3.521311023256692430e-01 2.124963817516446751e-01 2.045679433545221082e-01 1.132559813925644754e+00 4.860945696052365039e-01
1.435830197298587851e+00 1.378368044485051680e+00 2.260092619367088496e+00 2.344992859592801349e+00 1.598263763125093773e+00 4.373219469999933828e+00 2.553902355728983053e+00 -3.683797961478588689e+01 2.599762395045444485e+00 2.375443046032907457e+00 1.646213733603819618e+00 2.543589862490513553e+00 4.648688828746971868e-01 2.408870549224118918e+00 1.539481597310049521e+00 1.258031916795412819e+00 8.682082683430457637e-01 8.436357069268688447e-01 2.767212552065121400e+00 1.577991794476337084e+00
4.100197116592488311e-01 3.867331928368439864e-01 8.049212647266743570e-01 8.519572566273314607e-01 4.788582847631292494e-01 2.283183009971667232e+00 9.725969753184702249e-01 2.473363950454438298e-01 -1.251843075047835185e+01 8.691094658268767592e-01 5.000286607020070218e-01 9.664801084472981474e-01 9.176639612658707423e-02 8.881094782108478469e-01 4.534332756589761204e-01 3.397740289530445934e-01 2.044743826354905314e-01 1.968090194129281378e-01 1.102815500422654971e+00 4.700243431328302579e-01
4.855237015657865030e-01 4.588225465625956345e-01 9.292134021929341348e-01 9.811153937760296317e-01 5.640518448128153395e-01 2.504114151796093424e+00 1.113488194432574963e+00 2.973230460329073233e-01 1.143415465826876254e+00 -1.453968593080366922e+01 5.880874905549240417e-01 1.106800997892660954e+00 1.127239852831602857e-01 1.020893516713857307e+00 5.351160301384771945e-01 4.047500199153730716e-01 2.470028787223398914e-01 2.379654760401798963e-01 1.255270967376091562e+00 5.540068211679919363e-01
8.471566859176357100e-01 8.064316378898913618e-01 1.476178446295159929e+00 1.545194332290504624e+00 9.646613420530535388e-01 3.352800987330173843e+00 1.717920076512390315e+00 5.501237336038192760e-01 1.756364660702006919e+00 1.570117490554923778e+00 -2.353082770861497508e+01 1.709300541802617701e+00 2.278201132336819812e-01 1.597578891375792454e+00 9.217395953901178496e-01 7.226341991486482375e-01 4.660464420289017196e-01 4.506894886455851124e-01 1.898260153649097948e+00 9.498088901909728099e-01
4.277384309270323981e-01 4.036329220334445300e-01 8.344895493781596674e-01 8.827221378100493787e-01 4.989085866871721953e-01 2.337024421461202373e+00 1.006257999974534023e+00 2.589698624905137359e-01 1.034286108447298069e+00 9.003009978926618251e-01 5.207705418026178368e-01 -1.299889490739498221e+01 9.658555023107910642e-02 9.197677212215346065e-01 4.726374973256352585e-01 3.549721968153937146e-01 2.143452432991722056e-01 2.063564624042466822e-01 1.139346058083885893e+00 4.897826191093483383e-01
2.433102643528088027e+00 2.358287599561740944e+00 3.435050089411431085e+00 3.532579364305814984e+00 2.640348458608948068e+00 5.710544822558216715e+00 3.769310780432928443e+00 1.841388882874697375e+00 3.820712396126587862e+00 3.567363985283160677e+00 2.700430113233682317e+00 3.757725550231079126e+00 -5.782000735446489159e+01 3.605435795713999969e+00 2.566034854536229037e+00 2.198759735267000082e+00 1.649012265366551322e+00 1.612268549112876315e+00 4.006847431046436370e+00 2.614804037265419545e+00
4.734384516929385223e-01 4.472708855526843497e-01 9.096093262577088501e-01 9.607717645088224012e-01 5.504578744982332461e-01 2.470168672716587466e+00 1.091368847680110665e+00 2.892505492241186360e-01 1.120915478210847915e+00 9.793935167138561049e-01 5.740488913757921807e-01 1.084767721221534753e+00 1.092957957139994857e-01 -1.422056239188281523e+01 5.220677955821426686e-01 3.943132095818760452e-01 2.401148426548297410e-01 2.312959555381210175e-01 1.231411822756856234e+00 5.406009904017557988e-01
9.210819828348524307e-01 8.778900071186486187e-01 1.580508985978246184e+00 1.652138256653869597e+00 1.045314452527196236e+00 3.498671631126960335e+00 1.830902242200179719e+00 6.042215973100496518e-01 1.870599275658976213e+00 1.677976030138477403e+00 1.082569595390118655e+00 1.821997497325635207e+00 2.542548545362288137e-01 1.706427795582142970e+00 -2.527054547498075365e+01 7.887801504761291493e-01 5.136545092966141590e-01 4.970631671440707833e-01 2.016851221507218295e+00 1.029642222175142674e+00
1.154703155229049649e+00 1.104451386048446837e+00 1.897941169266205597e+00 1.976505196808211684e+00 1.297985998472369396e+00 3.921204465359315439e+00 2.171131102325669193e+00 7.799219167954127840e-01 2.214090028953044964e+00 2.004760019915373448e+00 1.340614199148648433e+00 2.161482196815393664e+00 3.441297352669998588e-01 2.035823209581876458e+00 1.245930150476129317e+00 -3.062150930059545573e+01 6.697827668672416968e-01 6.494321984337444453e-01 2.371612178798016668e+00 1.280008226034304419e+00
1.614781852689773922e+00 1.553353239800493668e+00 2.481763539030941601e+00 2.569860191786270232e+00 1.787619112295000035e+00 4.638080829878420630e+00 2.785896381751644224e+00 1.144498268343045133e+00 2.833190382635490501e+00 2.601412878722339617e+00 1.838426442028901375e+00 2.775255243299171504e+00 5.487822653665506145e-01 2.636024842654829392e+00 1.725204509296613731e+00 1.424182766867241101e+00 -4.070287511047321516e+01 9.729189639030431103e-01 3.005512569216827412e+00 1.766110830906621576e+00
1.651556123244252827e+00 1.589366242656768957e+00 2.526591138428707861e+00 2.615279188357015006e+00 1.826379427245602205e+00 4.690744304468155157e+00 2.832627943354521616e+00 1.174585706926868811e+00 2.880185019412928149e+00 2.647035476040179969e+00 1.877729488645585088e+00 2.821926462404245939e+00 5.666985491128756491e-01 2.681865955538120794e+00 1.763273167144070452e+00 1.458492198433744225e+00 1.027578963903042819e+00 -4.148994969128532517e+01 3.053398384158031220e+00 1.804635951810618533e+00
3.614313740406599473e-01 3.404495998247595301e-01 7.224593623046982049e-01 7.660209447729765531e-01 4.236822067861791274e-01 2.128240884606892980e+00 8.782108139256447066e-01 2.157535520651208127e-01 9.037825004226546222e-01 7.819319673760913858e-01 4.428911536490982015e-01 8.725070580838854006e-01 7.886843104643566360e-02 7.995728227568561497e-01 4.006522215072181869e-01 2.982631787980164484e-01 1.777635692168275938e-01 1.709893841580310825e-01 -1.117914650971672863e+01 4.156754843746822692e-01
8.935992003290400554e-01 8.513103492110574155e-01 1.541964805827967577e+00 1.612649419295153930e+00 1.015372977792216469e+00 3.445237994460740527e+00 1.789234569605236302e+00 5.840217944763372859e-01 1.828480343132830255e+00 1.638156821167992216e+00 1.051928890190972909e+00 1.780432619109348025e+00 2.443140372654194759e-01 1.666250990401755949e+00 9.709322221751437443e-01 7.641482260343046562e-01 4.958508309066222419e-01 4.797159518106188236e-01 1.973164484374682281e+00 -2.462676652756744033e+01
