-17.998352086424937	0.9393826297410773	0.954394109395686	0.8306191419280181	0.8916138973578028	0.004625484134843423	1.6465982124193381	0.7508243817832967	0.9128221673806444	0.9120350230331626	1.1403817451115743	1.448288037696866	0.7445781401041581	1.0014817311202135	0.8442304305146748	1.0637980986218862	0.8995771404949117	0.8744390568935209	0.9068501541019658	1.2318125045912964
1.0631706297410775	-19.186458535178236	1.015653838136029	0.8863744360273341	0.9501417070049154	0.0051475668434043526	1.731371730637851	0.8027651776855911	0.9722863439417665	0.971464695135477	1.20907156578576	1.527396562550806	0.7962109451585242	1.064713438536652	0.9006148716770207	1.1295428530220601	0.9584581739204099	0.9321982617487268	0.9660520705247234	1.3038236671001027
1.0470361093956853	0.9845078381360244	-18.88302356555299	0.8721075323535392	0.9351757928416138	0.0050110352455536925	1.7098319660677057	0.7894614186654003	0.9570845483492881	0.9562715898464857	1.1915510242652296	1.5072690357914467	0.7829850249824044	1.0485635610628536	0.8861892700993997	1.1127614703860278	0.9434032670329358	0.9174260420073352	0.9509163312289255	1.2854707077951335
1.190977141928018	1.1229444360273335	1.1398235323535395	-21.58971492177784	1.069090916088206	0.006309864052718491	1.8994578495009613	0.9090237505270374	1.0930276850592782	1.0921400495120879	1.3473144502831498	1.6850681468341067	0.9018725193377394	1.1926359938212199	1.0154507648872069	1.2622293247982805	1.0780837700856445	1.0496742261545777	1.0862917623519304	1.4482987381748027
1.116832897357803	1.0515727070049163	1.0677527928416142	0.9339519160882059	-20.195578548566395	0.005617820625444245	1.8024808444934164	0.8471932867570092	1.0229133784173514	1.0220634159893651	1.2672308310791847	1.5939709897937895	0.8403841888160649	1.1184256202144336	0.9487105280819706	1.185305872012297	1.0086065501207921	0.9814249546783729	1.016463873152554	1.3646760810418124
7.379506484134843	7.256240566843403	7.2872500352455525	7.020832864052717	7.155279820625443	-139.6690295071868	8.473313822732322	6.834105158872715	7.200545993945716	7.198878797006444	7.647285738442303	8.17007946036001	6.81890466834235	7.382456647418536	7.051412476157311	7.5040248818535185	7.17236140217667	7.1180804876359725	7.187872587629046	7.810597613711913
0.5499392124193384	0.5109247306378508	0.5205309660677058	0.44244084950096096	0.480602844493416	0.0017738227323218464	-9.518764208384368	0.3934838624123906	0.49401850895133814	0.49351925227750865	0.6425196004643929	0.8557892878723987	0.3896989218420261	0.5509002848875661	0.4509021454747604	0.5916340477208333	0.48563136080685737	0.46979363224667164	0.4902332461553949	0.7044276314206357
1.299011381783297	1.2271641776855908	1.2450064186654004	1.096852750527038	1.1701612867570093	0.007411158872715925	2.0383298624123904	-23.62096593989289	1.1955124360950746	1.1945727710085376	1.4634693581280402	1.8160977185769167	0.9923705023242617	1.3007610308899353	1.1132645133371948	1.3740720910047817	1.1796882767796406	1.149579845260652	1.1883808779570262	1.5692594818273877
1.0925591673806443	1.0282353439417662	1.0441795483492884	0.9124066850592781	0.977431378417353	0.005401993945717544	1.7704145089513381	0.8270624360950747	-19.739124831260796	0.9991627338020228	1.2409441242513166	1.5639255941634476	0.8203678627177345	1.094129530844683	0.9269327258137788	1.1600914143697432	0.985907824867213	0.9591396518762481	0.9936470107375707	1.337185295676579
1.0934470230331625	1.0290886951354756	1.045041589846485	0.9131940495120872	0.9782564159893652	0.005409797006443631	1.7715902522775087	0.8277977710085378	1.000837733802059	-19.755820838321828	1.2419062200992346	1.565026548069731	0.8210989865871169	1.0950182106535207	0.9277286497367018	1.1610139540112507	0.9867376534209165	0.9599542576677487	0.9944811899262352	1.3381918405382467
0.871640745111574	0.8165425657857602	0.8301680242652302	0.7182154502831497	0.7732708310791845	0.0036637384423044814	1.4704376004643926	0.6465413581280401	0.7924661242513167	0.7917532200992349	-15.583239898354694	1.2848594195731422	0.6409482330136562	0.8729901211019913	0.7304816955869545	0.9298473645562285	0.7804751427080876	0.757745649220821	0.7870582711438022	1.0841343435398225
0.6554070376968664	0.6107275625508058	0.6217460357914466	0.5318291468341065	0.5758709897937895	0.00231746036000937	1.1595672878723986	0.47502971857691706	0.5913075941634475	0.5907335480697311	0.7607194195731424	-11.509608655480715	0.47062375225931014	0.6565053276530499	0.541611232605478	0.7029554035136215	0.5816597527010126	0.5634162709154354	0.5869544892135371	0.8306266253366078
1.3080631401041585	1.2359079451585244	1.2538280249824043	1.1049995193377395	1.1786501888160652	0.007508668342351319	2.049842921842026	1.007668502324265	1.2041158627177346	1.2031719865871169	1.4731742330136561	1.8269897522593102	-23.79115706554386	1.3098201110142202	1.1214893207715386	1.3834305909757343	1.188220441048906	1.1579743564187837	1.1969522799898729	1.5793492198394519
0.998519731120195	0.9379634385366521	0.9529595610628535	0.82931599382122	0.8902446202144333	0.0046136474185362	1.644597284887566	0.7496120308899354	0.9114305308446825	0.910644210653521	1.138769121101991	1.44642432765305	0.7433731110142201	-17.97050840084735	0.84291228612815	1.0622561558577097	0.8981994302761201	0.8730881235478196	0.9054647813424419	1.2301200144762536
1.1738444305146747	1.1064408716770202	1.1231612700993996	0.9847067648872051	1.0531055280819714	0.006145476157311661	1.87717514547476	0.8946915133371942	1.0768097258137788	1.0759306497367023	1.3288366955869546	1.664106232605478	0.8876183207715386	1.1754882861281502	-21.267578633862406	1.2444667626242263	1.0620105793861458	1.0338801893406038	1.0701388819495954	1.4290213096896935
0.9388050986218869	0.8807618530220602	0.8951264703860277	0.7768783247982806	0.8350938720122975	0.004150881853518855	1.5633000477208334	0.7008920910047818	0.8553614143697434	0.8546089540112508	1.073595364556229	1.3708434035136214	0.6949525909757341	0.9402251558577093	0.7898597626242263	-16.847144267715493	0.8427023710553816	0.8186904228452314	0.8496529896249009	1.1616431988617768
1.107632140494912	1.042725173920409	1.0588162670329362	0.9257807700856451	0.9914425501207944	0.005535402176670882	1.7903453608068574	0.8395562767796407	1.0142258248672147	1.0133806534209202	1.2572711427080876	1.5825957527010124	0.8327904410489059	1.1092164302761203	0.9404515793861455	1.1757503710553818	-20.02256602030208	0.9729744356393198	1.0078127409368138	1.35426270684429
1.1370410568935208	1.0710122617487279	1.087386042007336	0.9519182261545772	1.018807954678376	0.00580148763597413	1.8290546322466719	0.8639948452606517	1.0420046518762476	1.0411442576677488	1.2890886492208211	1.6188992709154355	0.8570913564187836	1.1386521235478198	0.9668681893406034	1.2062854228452315	1.0275214356393194	-20.57556661443964	1.0354758411898	1.3875189091519968
1.0993201541019657	1.0347340705247243	1.0507443312289255	0.9184037623519311	0.9837148731525532	0.005461587629047293	1.7793622461553946	0.8326638779570262	1.0063800107375724	1.005539189926232	1.2482692711438022	1.572305489213537	0.8259372799898729	1.1008967813424415	0.9329948819495961	1.1671159896249006	0.9922277409368132	0.965343841189801	-19.86626351515422	1.3448481359980833
0.7992725045912964	0.7474956671001025	0.7602887077951339	0.6554007381748025	0.7069170810418122	0.003176613711914347	1.3685466314206358	0.5885324818273876	0.7249082956765789	0.7242398405382469	0.9203353435398224	1.1909676253366077	0.5833242198394518	0.8005420144762538	0.666867309689694	0.8540961988617767	0.71366770684429	0.6923769091519967	0.7198381359980834	-14.220794025615886