-2.148001536291612013e+01 1.463894901343847144e+00 1.734976746345076593e-01 4.311227497181344126e-01 2.013831407201458035e+00 5.812143441882425821e-01 1.440921149970240345e+00 1.823307961593601867e+00 1.152179444034685307e+00 1.692177378725098214e+00 1.588988365197897989e+00 8.462687860642282844e-01 1.007332353151958459e-01 6.708665323635181199e-01 1.091490648721348711e+00 8.889935738220974271e-01 7.819526306102015933e-01 1.665101952299480770e+00 1.039917399789658248e+00 2.033555227322674241e+00
6.462949013438468171e-01 -1.418418002688618529e+01 9.525465784568312722e-02 2.534450760699264449e-01 1.449345085687596457e+00 3.519379863819714349e-01 9.818906536844521638e-01 1.290415573241278979e+00 7.594261606576288015e-01 1.182967633240235683e+00 1.099596836714650916e+00 5.351858717085966610e-01 5.372001815669409652e-02 4.126624593564783838e-01 7.139499392746762041e-01 5.657301866218449327e-01 4.897115441457150498e-01 1.160989163308520311e+00 6.756769731477639818e-01 1.465979306298622165e+00
3.035447674634507376e+00 3.774804657845682865e+00 -6.093948885717072983e+01 1.831767491972283723e+00 4.525704680417463877e+00 2.202701983205190839e+00 3.741015464800428347e+00 4.276439924707989171e+00 3.293073841865044482e+00 4.098745914608298513e+00 3.954821874050029606e+00 2.754847273213092862e+00 6.739841334099073711e-01 2.401448762331733544e+00 3.192429935651774464e+00 2.835200379999748499e+00 2.629966095565392958e+00 4.061351773463171000e+00 3.104762475320783643e+00 4.550974520108203691e+00
1.930010749718134466e+00 2.569933076069926603e+00 4.687054919722838386e-01 -3.973295545397314044e+01 3.256122036235095774e+00 1.268787943275071495e+00 2.539818891183836858e+00 3.025054845380276358e+00 2.148154882589804249e+00 2.862213236831649965e+00 2.731585014033603542e+00 1.699197199142718384e+00 2.918148654259072883e-01 1.419800454703322279e+00 2.062266802092948659e+00 1.764525655487747313e+00 1.598954115489050309e+00 2.828160626325490590e+00 1.988144042626590391e+00 3.279705525389678300e+00
4.016714072014582193e-01 6.547850856875967462e-01 5.159468041746386596e-02 1.450740362350958768e-01 -8.880662034976881003e+00 2.065229739097507733e-01 6.413951294429850458e-01 8.751885794114607764e-01 4.806168492604124265e-01 7.924397279895514234e-01 7.291918671890724735e-01 3.261667280777534317e-01 2.844029290170426577e-02 2.454490202869815119e-01 4.486419015999060789e-01 3.467135146711553539e-01 2.958835365255422234e-01 7.756831517424962463e-01 4.219807806856825660e-01 1.013222771740812433e+00
1.583466344188242392e+00 2.171789986381971627e+00 3.430039832051912096e-01 7.721519432750714174e-01 2.820934973909750454e+00 -3.302199577259349184e+01 2.143688253267160615e+00 2.600615873029698211e+00 1.781792696816283827e+00 2.446345281712520414e+00 2.323247415137049021e+00 1.376535038187577831e+00 2.081748581510964591e-01 1.130597230216396021e+00 1.703407592266700465e+00 1.434779441295176206e+00 1.287689718457841304e+00 2.414197526512662062e+00 1.636069796627559914e+00 2.843507819955543248e+00
6.597611499702402682e-01 1.018330653684453857e+00 9.790546480042812416e-02 2.597708911838370605e-01 1.472395129442984896e+00 3.602762532671606177e-01 -1.446864472832558413e+01 1.311953273327169711e+00 7.745810231400001022e-01 1.203390023301683875e+00 1.119097666930306545e+00 5.468522910803708115e-01 5.527956785995422756e-02 4.221585380019928779e-01 7.284424047915537548e-01 5.779063596997645602e-01 5.005966708271372134e-01 1.181173527625826836e+00 6.895950601909387467e-01 1.489178779199778813e+00
4.721079615936019658e-01 7.568155732412789050e-01 6.328992470798920633e-02 1.749668453802766255e-01 1.136148579411460524e+00 2.471638730296985276e-01 7.419132733271698310e-01 -1.043800609063695894e+01 5.616387430052292018e-01 9.091404699273148982e-01 8.393442887181945533e-01 3.857487300210968306e-01 3.513093031993617943e-02 2.925144497716334335e-01 5.254643642341387810e-01 4.093256485632376651e-01 3.508882666275244810e-01 8.906794692295727511e-01 4.952111802371847449e-01 1.150513519290420783e+00
8.618494440346853303e-01 1.286696160657628818e+00 1.407938418650446222e-01 3.589368825898041071e-01 1.802446849260412431e+00 4.892106968162842073e-01 1.265411023140000202e+00 1.622508743005229181e+00 -1.866887293916392210e+01 1.499404550033414996e+00 1.402991976038242106e+00 7.236743003876658920e-01 8.084889250800132710e-02 5.679327341742166357e-01 9.447515277312077409e-01 7.619273426838192309e-01 6.663171660275237773e-01 1.474066740009617904e+00 8.979609673261662595e-01 1.821143100874957010e+00
5.285573787250980038e-01 8.369476332402352448e-01 7.317591460829812877e-02 1.997052368316501458e-01 1.240979727989551140e+00 2.804732817125202837e-01 8.209300233016838533e-01 1.096720469927314312e+00 6.261145500334147629e-01 -1.166687939844558386e+01 9.254357538172290898e-01 4.338657168619171611e-01 4.083521566156981392e-02 3.308866158857473039e-01 5.867673517298952479e-01 4.597794120052404176e-01 3.954591331151002809e-01 9.803010728639275362e-01 5.537883662847244981e-01 1.256156543850468266e+00
5.783983651978977791e-01 9.066068367146505880e-01 8.228187405002998500e-02 2.221070140336037224e-01 1.330761867189072190e+00 3.104054151370492232e-01 8.896676669303063001e-01 1.179954288718194633e+00 6.827319760382417613e-01 1.078465753817229755e+00 -1.273949700538917185e+01 4.766037800831172122e-01 4.612596781520372086e-02 3.652248147635837605e-01 6.407135784942021850e-01 5.045166326191158346e-01 4.351524366352357287e-01 1.057755833709966842e+00 6.054319176163606153e-01 1.346590985826109144e+00
1.171308786064228169e+00 1.677825871708596761e+00 2.179372732130932522e-01 5.253491991427186036e-01 2.263366728077753187e+00 6.993230381875776835e-01 1.653052291080370884e+00 2.061988730021096838e+00 1.339044300387665754e+00 1.922525716861917200e+00 1.812233780083117196e+00 -2.491517465948981780e+01 1.282294216484487770e-01 8.018696323571364859e-01 1.272355760680001779e+00 1.047813576100193433e+00 9.277058346769394559e-01 1.893634895675350371e+00 1.215473764316377547e+00 2.284136059207235725e+00
3.705953235315195826e+00 4.476540018156693890e+00 1.417254133409907801e+00 2.398146865425907492e+00 5.245820292901704818e+00 2.811142858151096657e+00 4.441659567859954194e+00 4.991550930319935908e+00 3.976398892508001381e+00 4.809675215661569858e+00 4.661935967815203696e+00 3.408409421648448845e+00 -7.383434888110883776e+01 3.028214814394044385e+00 3.871027916081657416e+00 3.493967109962902384e+00 3.274821954471917262e+00 4.771328540823610354e+00 3.778954060125192527e+00 5.271547086075891286e+00
1.422390532363517979e+00 1.981786459356478236e+00 2.910227623317338530e-01 6.724364547033224726e-01 2.609133020286981353e+00 8.798692302163956258e-01 1.954842538001992924e+00 2.395238449771633249e+00 1.609786734174216472e+00 2.246030615885747483e+00 2.127338814763583663e+00 1.228353632357136682e+00 1.745188143940441527e-01 -2.987474089405903044e+01 1.535565121912406461e+00 1.282803921269767944e+00 1.145559871664197704e+00 2.215001045937647017e+00 1.471965642194566160e+00 2.631097232473658565e+00
9.137706487213487216e-01 1.353829939274676430e+00 1.527599356517749807e-01 3.856588020929489491e-01 1.883081901599906072e+00 5.234355922667004446e-01 1.331882404791553842e+00 1.698944364234138638e+00 1.057361527731207840e+00 1.572667351729895246e+00 1.473583578494202406e+00 7.695957606800016837e-01 8.808791608165782161e-02 6.063211219124066131e-01 -1.973030262720693884e+01 8.095699471227641997e-01 7.095658560778851376e-01 1.546643940440768583e+00 9.513552975789179023e-01 1.902186740724181924e+00
1.119883573822097800e+00 1.614220186621845077e+00 2.041403799997488500e-01 4.965276554877472437e-01 2.189763514671155153e+00 6.634174412951759914e-01 1.589956359699764787e+00 1.991415648563237717e+00 1.283147342683819359e+00 1.854289412005240667e+00 1.745996632619115863e+00 9.536635761001938105e-01 1.196371099629023049e-01 7.621699212697680137e-01 1.218179947122763895e+00 -2.388907572474742480e+01 8.836916915952042206e-01 1.825908919148550469e+00 1.162824578327493086e+00 2.210241833751607654e+00
1.255242630610201582e+00 1.780601544145715254e+00 2.413060955653932860e-01 5.733561154890501887e-01 2.381333536525541916e+00 7.587277184578410383e-01 1.755046670827137056e+00 2.175378266627524315e+00 1.429937166027523743e+00 2.032369133115100368e+00 1.919032436635235817e+00 1.075955834676939338e+00 1.428919544719170487e-01 8.673258716641973898e-01 1.360575856077885115e+00 1.126091691595204614e+00 -2.658173291758375001e+01 2.002702027245551797e+00 1.301317175176818219e+00 2.402541192648970814e+00
5.411419522994806997e-01 8.546291633085205675e-01 7.544177346317137989e-02 2.053126263254903827e-01 1.263883151742496214e+00 2.879855265126618491e-01 8.383735276258269531e-01 1.117919469229572416e+00 6.404367400096175889e-01 1.019961072863929230e+00 9.443858337099663158e-01 4.446348956753501946e-01 4.214854082360951909e-02 3.395170459376467553e-01 6.004039404407683911e-01 4.710589191485501925e-01 4.054520272455519048e-01 -1.193875085165548988e+01 5.668346199080686043e-01 1.279230025385210023e+00
9.611173997896592658e-01 1.414476973147763994e+00 1.640124753207842789e-01 4.104560426265903006e-01 1.955340780685682400e+00 5.550177966275596786e-01 1.391955060190938953e+00 1.767611180237184998e+00 1.109490967326166144e+00 1.638608366284724394e+00 1.537221917616360845e+00 8.116337643163776816e-01 9.493406012519214898e-02 6.416416421945664306e-01 1.050275297578917799e+00 8.531345783274931760e-01 7.492271751768182497e-01 1.611994619908068804e+00 -2.069294424298978541e+01 1.974794145508933063e+00
3.950652273226742950e-01 6.450893062986221560e-01 5.053452010820431994e-02 1.423275253896784387e-01 9.868927717408122469e-01 2.027658199555436302e-01 6.318487791997787761e-01 8.632235192904202936e-01 4.729831008749568189e-01 7.812865438504681403e-01 7.186909858261090189e-01 3.206060592072357274e-01 2.783708607589083228e-02 2.410832324736583154e-01 4.414167407241818553e-01 3.408618337516076680e-01 2.907611926489709342e-01 7.647000253852098695e-01 4.151041455089330423e-01 -8.733078415632956393e+00
