-3.226964364774399741e+01 1.215711894793479741e+00 2.595863897527257436e-01 3.971080282878809986e-01 3.599643606338974955e+00 4.002991908740091143e-01 1.447054009781886252e+00 3.302227261157638871e+00 1.421335493659696914e+00 2.489956315562192213e+00 2.654555012765489330e+00 1.261996652842208411e+00 1.253286043483160528e-01 1.097118936670813172e+00 1.284407812996049669e+00 7.367255100773855148e-01 1.390952546400098688e+00 2.607340835934098155e+00 2.517527839732803141e+00 4.060767705768251190e+00
8.114518947934801218e-01 -2.767052561451149018e+01 1.965355927604138242e-01 3.059981224873897232e-01 3.233349481198445119e+00 3.085697712754570943e-01 1.205757895242673516e+00 2.944937492113685717e+00 1.182716801545973695e+00 2.168106930734215343e+00 2.323998831514186403e+00 1.040887514140365733e+00 9.269922319665056809e-02 8.959174643647690450e-01 1.060736986552146766e+00 5.863550604254219589e-01 1.155548831040989155e+00 2.279192451979016099e+00 2.194157849395675264e+00 3.683607419750533296e+00
2.540686389752726093e+00 2.881895592760414182e+00 -6.508219832728947551e+01 1.360442321764671059e+00 5.788976360188249792e+00 1.368169638692341650e+00 3.221252507134915621e+00 5.467214243352758629e+00 3.184655638020096990e+00 4.550982201123818349e+00 4.742315524838662810e+00 2.951744258288937495e+00 5.718134176791500600e-01 2.697748807107538394e+00 2.985189962148720788e+00 2.078650276033820798e+00 3.141082797233238466e+00 4.687786219405564836e+00 4.583279204196606393e+00 6.278312967567236669e+00
2.027418028287880869e+00 2.340568122487389324e+00 7.096523217646704129e-01 -5.466220717611530944e+01 5.150920618029624087e+00 1.006368461972085848e+00 2.657224224508354826e+00 4.832845133616427091e+00 2.622852534675099712e+00 3.933388092718464346e+00 4.120258803582860452e+00 2.405349829269399109e+00 3.845868559925392782e-01 2.170852726986900016e+00 2.436444719993241304e+00 1.613531621001512706e+00 2.581996110427324354e+00 4.066940782377076680e+00 3.964889194584336973e+00 5.636118993840126379e+00
1.098106063389752557e-01 1.477764811984448590e-01 1.804336018824894208e-02 3.077761802962421592e-02 -5.638883727153560343e+00 3.109631088913748787e-02 1.946766764406283878e-01 8.452349166831385485e-01 1.891348817147456285e-01 4.957835472919279729e-01 5.580497663763200888e-01 1.566360403913152066e-01 7.574717730455933495e-03 1.262359958337702648e-01 1.610186802565493902e-01 7.056629430189710617e-02 1.826952608646333354e-01 5.397532625181105104e-01 5.059175474537355166e-01 1.268101762651901776e+00
2.017899190874009374e+00 2.330429771275457362e+00 7.046696386923416711e-01 9.936584619720830736e-01 5.138529310889137669e+00 -5.446615448001598025e+01 2.646574971435511348e+00 4.820544289969059371e+00 2.612253768788678876e+00 3.921492636277926991e+00 4.108256386816274031e+00 2.395098223884667643e+00 3.814984956415651274e-01 2.161034588748754981e+00 2.426140420854372870e+00 1.605047920763969627e+00 2.571458854248561909e+00 4.054967456025504013e+00 3.952974704527276284e+00 5.623625388330829367e+00
6.561340097818867401e-01 8.190978952426734017e-01 1.492325071349155929e-01 2.359942245083553047e-01 2.893589676440628367e+00 2.380549714355113533e-01 -2.365405186878811605e+01 2.615691011632360397e+00 9.795956950492497040e-01 1.878732858746970047e+00 2.025031497558297477e+00 8.548043245571741444e-01 6.897402666089499923e-02 7.287829998349734106e-01 8.721831454742972056e-01 4.656508133707653041e-01 9.555827611291881629e-01 1.982890404109724392e+00 1.903117165754149021e+00 3.330911880366097755e+00
1.397532611576387251e-01 1.867234921136856074e-01 2.364024335275825145e-02 4.006113361642781034e-02 1.172593916683138504e+00 4.047028996905900622e-02 2.441370116323599293e-01 -6.983589004937067024e+00 2.373846262624165759e-01 6.014847835241808882e-01 6.735460998091832296e-01 1.976174629210036560e-01 1.000691782650271235e-02 1.601338580402917322e-01 2.029977970085259376e-01 9.063595574834050483e-02 2.295280494001493143e-01 6.524250266164823842e-01 6.132487577491037012e-01 1.467200321505818250e+00
6.715054936596971391e-01 8.371468015459733181e-01 1.537256380200963946e-01 2.427125346750997892e-01 2.929137881714745539e+00 2.448237687886785363e-01 1.020685695049248665e+00 2.650028626262416420e+00 -2.406296326743876790e+01 1.908554998990796836e+00 2.055929820760463045e+00 8.733999589566987520e-01 7.119755803163636820e-02 7.453864895243349498e-01 8.910400292238516151e-01 4.774594050201770856e-01 9.756508927615686888e-01 2.013489110278633198e+00 1.933125825843885259e+00 3.367962738330768424e+00
2.706083155621920033e-01 3.530189307342151417e-01 5.053420112381781792e-02 8.373009271846459933e-02 1.766268547291927948e+00 8.454463627792653535e-02 4.503048587469698494e-01 1.544610783524180686e+00 4.390369989907967896e-01 -1.205355041378006042e+01 1.102636911715220602e+00 3.717483659550993580e-01 2.200732450761073988e-02 3.067149850624066310e-01 3.809495451320577541e-01 1.810108155547761055e-01 4.258710071373725814e-01 1.072776123457788833e+00 1.016904695862160368e+00 2.130273274425074970e+00
2.365090127654897179e-01 3.102128315141862158e-01 4.316952483866156459e-02 7.190280358285995599e-02 1.629836766376320023e+00 7.261038681627463021e-02 3.979054975582972942e-01 1.417974099809183430e+00 3.877138207604634013e-01 9.039389117152204500e-01 -1.082657346844962554e+01 3.270406805675284412e-01 1.867632859581517396e-02 2.687303190391074348e-01 3.353175416268080467e-01 1.570858460829632763e-01 3.758165157355221053e-01 9.720091385166281794e-01 9.197313372945106202e-01 1.980392105253786506e+00
7.770466528422083075e-01 9.601975141403641389e-01 1.856942582889370974e-01 2.900898292693992464e-01 3.161519040391315372e+00 2.925482238846673355e-01 1.160774324557173998e+00 2.875141462921003921e+00 1.138279958956698756e+00 2.106146365955099409e+00 2.260136680567528256e+00 -2.680126362643159865e+01 8.720155722216109406e-02 8.590112230024964379e-01 1.019333005007243109e+00 5.593584400342701546e-01 1.111767076357023543e+00 2.215857611790832848e+00 2.131866211432313474e+00 3.609294189810863696e+00
3.436638604348316139e+00 3.808269223196650177e+00 1.602023417679149242e+00 2.065586855992539217e+00 6.808717717730455199e+00 2.075208495641564621e+00 4.171204026660894293e+00 6.483790917826502742e+00 4.132337558031636604e+00 5.552665324507611189e+00 5.748032328595814811e+00 3.883461557222160909e+00 -8.288072456406166566e+01 3.608651056508000554e+00 3.919370750884543231e+00 2.919137490950081570e+00 4.085981726492163624e+00 5.692412973209755478e+00 5.585685259954219717e+00 7.301549278629606121e+00
9.087889366708128414e-01 1.111847464364769111e+00 2.283188071075376302e-01 3.522127269869000377e-01 3.427738995833770286e+00 3.551045887487548347e-01 1.331372999834973037e+00 3.134277858040291687e+00 1.306886489524335060e+00 2.337732985062406676e+00 2.498446319039107077e+00 1.155631223002496544e+00 1.090110565080008864e-01 -3.007674257117260197e+01 1.176856862793869807e+00 6.634855003064389356e-01 1.277984332280427182e+00 2.452305248259467607e+00 2.364624972199858899e+00 3.884115204608384442e+00
7.610378129960497784e-01 9.416269865521462723e-01 1.807199621487202146e-01 2.827647199932417088e-01 3.127481680256549712e+00 2.851704208543728303e-01 1.139733145474296938e+00 2.842101797008525832e+00 1.117500029223852165e+00 2.076927545132058128e+00 2.229993541626808184e+00 9.809130050072433216e-01 8.469075088454335043e-02 8.418168627938698023e-01 -2.639311728360859632e+01 5.468458343544990718e-01 1.091300007501055935e+00 2.185970968516341983e+00 2.102486593070574727e+00 3.574035620213848130e+00
1.319575510077385161e+00 1.573465060425421669e+00 3.804002760338203171e-01 5.660716210015126482e-01 4.143249294301896590e+00 5.702979207639687909e-01 1.839420813370764574e+00 3.835959955748339922e+00 1.810139405020176895e+00 2.983208815554775573e+00 3.157981846082963173e+00 1.627158440034269793e+00 1.906774909500814352e-01 1.434665500306438579e+00 1.653065834354498609e+00 -3.959737593525955646e+01 1.775460026507341693e+00 3.107968616361465486e+00 3.012567718935537986e+00 4.616041789428897424e+00
6.902225464000982802e-01 8.590788310409892548e-01 1.592527972332377362e-01 2.509561104273245746e-01 2.971798260864633612e+00 2.531288542485613524e-01 1.045772761129187600e+00 2.691272049400149413e+00 1.024750892761567611e+00 1.944489007137372605e+00 2.093132515735522059e+00 8.959870763570232377e-01 7.394172649216394777e-02 7.655843322804271045e-01 9.139400075010560842e-01 4.918800265073419165e-01 -2.455718409106546218e+01 2.050338793180479069e+00 1.969279859466474214e+00 3.412377642901850638e+00
2.458088359340982187e-01 3.219204519790158092e-01 4.515421940556398062e-02 7.509878237707692805e-02 1.668054262518110509e+00 7.583545602550406661e-02 4.122784041097242724e-01 1.453367026616482205e+00 4.017871102786335635e-01 9.305921234577886336e-01 1.028523138516627577e+00 3.392756117908328761e-01 1.957097320975609289e-02 2.791032482594674735e-01 3.478089685163417988e-01 1.635866163614658197e-01 3.895367931804791239e-01 -1.116651096207816352e+01 9.467004675403900560e-01 2.022508472000802193e+00
2.645588397328030306e-01 3.454488493956750506e-01 4.921020419660579459e-02 8.161019458433700635e-02 1.742781547453735369e+00 8.240570452727571937e-02 4.410681657541487555e-01 1.522753757749103709e+00 4.299868258438853674e-01 9.832836958621600232e-01 1.084808337294510316e+00 3.638472114323132445e-01 2.140625995421917283e-02 2.999859721998592854e-01 3.728875930705747299e-01 1.767487189355378963e-01 4.170408594664742896e-01 1.055263467540390687e+00 -1.183965827485586253e+01 2.104562069862252471e+00
7.547770576825074684e-02 1.025774197505331942e-01 1.192296756723668430e-02 2.051899384012665847e-02 7.726447626519017398e-01 2.073538833082898269e-02 1.365418803660977676e-01 6.443843215058181473e-01 1.325027383307684770e-01 3.643312744250752355e-01 4.131481052537864795e-01 1.089541898108633972e-01 4.949278629606661609e-03 8.715520460838466210e-02 1.121156202138482300e-01 4.790178942889803532e-02 1.278176429018509086e-01 3.987504720008019365e-01 3.722410698622526382e-01 -3.954670825246930477e+00
