-26.692656718353128	1.263767590551392	1.2825232478733137	1.3125122888016965	1.3898189226135476	0.2632580615105163	2.7542154585159975	1.1742960414472845	1.2499724546346216	1.4452779671226548	1.3453183926382817	2.059545759024707	1.150435192684382	1.5764508504015813	1.0877791427701085	1.6697251319960058	1.1950187037848448	1.3768797639872583	1.439268591257521	1.6565931567374084
0.775766590551392	-21.245062194816676	1.0161631551584436	1.0420637408599684	1.1091457962272806	0.1880348513149798	2.351432410022199	0.923281748461521	0.9881293457930103	1.1575410105940405	1.0704761502961133	1.7068719763082618	0.9029326025237765	1.2728660298313035	0.8497272381557004	1.3555705853353281	0.9409928434209917	1.0978869126400657	1.152286356469718	1.3438928508525798
0.7623682478733138	0.9840091551584401	-20.912207752707417	1.0256282642550327	1.092026147956729	0.1838173243242725	2.3257703109729597	0.9081343964516108	0.9722662263600828	1.1399460519687834	1.053747223206666	1.6848027374680192	0.8880163052622218	1.2541967573948885	0.8354301819336402	1.3361786007549814	0.925646929408056	1.0808800081946572	1.134742284976365	1.3246005987866938
0.7415312888016965	0.9590837408599677	0.9748022642550327	-20.392697353097283	1.065315435842059	0.17732077964341372	2.285444205498883	0.8845410012648289	0.9475426240644749	1.1124826608422818	1.0276548230074043	1.6502264262075284	0.8647874813938004	1.225030079936544	0.8131777877181782	1.3058644762275256	0.9017401275052694	1.054347750387311	1.1073595028792385	1.2944448967618467
0.6909329226135474	0.898260796227281	0.9132951479567293	0.9374104358420582	-19.121332462743794	0.16186283223971618	2.18528693977554	0.8270589251546624	0.8872264520882479	1.0452681140576177	0.963897212456489	1.5649128178947143	0.8082181606681487	1.1535066996893604	0.759049637704849	1.2314295402261228	0.8434728325007758	0.9894821357325196	1.0403484882699896	1.220412371645424
2.5235420615105157	2.93631985131498	2.9642563243242726	3.008585779643413	3.1210328322397163	-60.31442763530431	4.836393847251468	2.8006687386073716	2.915665107230087	3.200182943751524	3.056617463016958	4.0118383898896735	2.7637872160850607	3.382835154798062	2.665410581131404	3.509207793243635	2.8324513314278525	3.1023885181321944	3.191664718017473	3.491578983688651
0.21804945851599744	0.30326741002219876	0.30975931097296006	0.32025920549888276	0.34800693977554015	0.03994384725146793	-6.26813035596753	0.2730905326662327	0.2985292586409551	0.3685184819311921	0.33191440705340675	0.6297495634205827	0.26526352431129985	0.4190523292757384	0.24515207991173993	0.4567174349013179	0.27996347910857144	0.3432942351575138	0.36627143500317794	0.451327422548754
0.8438680414472842	1.0808547484615205	1.0978613964516113	1.1250940012648292	1.1955169251546625	0.20995673860737155	2.478828532666233	-22.923151153173077	1.0683585213224285	1.2462283667586296	1.154940344227207	1.8171713728957597	0.978515598873293	1.3667742624295003	0.9222630762721465	1.4529798063803436	1.018685958037229	1.18370805986242	1.240725921509787	1.4408194805508197
0.7858074546346216	1.011965345793007	1.0282562263600845	1.0543586240644753	1.1219474520882475	0.19121610723008706	2.3705302586409553	0.9346215213224284	-21.4939071765206	1.1706945200359946	1.0829884395406881	1.7233289508125798	0.9141009182859556	1.2868141653974214	0.860435833530571	1.3700527755282241	0.9524799286122934	1.1106050829900997	1.1654022045386254	1.3583013671142417
0.6571819671226548	0.8574460105940406	0.8720050519687833	0.8953676608422811	0.9560581140576176	0.1518029437515241	2.116588481931192	0.7885603667586297	0.8467635200359945	-18.265093786639923	0.9210413065652417	1.5068743940539153	0.770351044608604	1.1052199961999836	0.722868425415908	1.1810955617737267	0.804430590226573	0.945854002869138	0.9952226320633614	1.1703617158007529
0.7195283926382817	0.9326871502961135	0.948112223206667	0.9728458230074021	1.0369932124564898	0.1705434630169579	2.242290407053407	0.8595783442272071	0.9213634395406884	1.0833473065652417	-19.841590232221858	1.6133685277233765	0.8402168741688422	1.194051806405857	0.789656325960568	1.2736424606708399	0.8764402989614749	1.0262182018728956	1.0783112683818656	1.262394706067681
0.3865397590247071	0.5218669763082617	0.5319517374680194	0.5482014262075283	0.5907928178947143	0.07854838988967365	1.492909563420583	0.4745933728957596	0.5144879508125799	0.6219643940539151	0.5661525277233763	-11.104335757169396	0.4622212524852374	0.6977076636193958	0.4302102924483706	0.7532586777556396	0.485419001947549	0.5835940088049589	0.6185620455050056	0.7453538989041214
0.863288192684382	1.1037866025237766	1.1210243052622213	1.1486214813938007	1.219957160668149	0.21635621608506114	2.5142825243113	1.02179659887329	1.0911189182859562	1.2713000446086042	1.1788598741688423	1.8480802524852373	-23.39767147698872	1.393265113449873	0.9429081590951978	1.480419108258451	1.0407504301513633	1.2079981961007735	1.265730101027194	1.4681281975552483
0.5848148504015813	0.7692310298313038	0.7827157573948885	0.804375079936544	0.8607566996893609	0.130915154798062	1.9635823292757384	0.7055662624295	0.7593431653974215	0.9016799961999833	0.828205806405857	1.379077663619396	0.6887761134498729	-16.405082189729683	0.6450739266321898	1.0711723445065648	0.7202131353301334	0.8512655622695859	0.8972267943783131	1.0610905177833898
0.9170751427701087	1.1670242381557003	1.1848811819336402	1.2134547877181783	1.2872316377048492	0.23442258113140393	2.61061407991174	1.0819870762721466	1.153896833530571	1.3402604254159083	1.244742325960568	1.9325122924483706	1.0593511590951985	1.4660059266321896	-24.703224170562102	1.555679726800534	1.1016606009129382	1.2748715711241636	1.334510379371153	1.5430422036727423
0.5389691319960054	0.712815585335328	0.7255776007549815	0.7460894762275253	0.799559540226123	0.11816779324363569	1.862127434901318	0.6526518063803433	0.7034617755282241	0.8384355617737269	0.76867646067084	1.2955086777556397	0.6368101082584509	0.9320523445065657	0.595627726800534	-15.208130722124146	0.6664799973442302	0.790551047461678	0.8342025157445656	0.9903661372144297
0.827448703784845	1.0614238434209926	1.0782319294080556	1.10515112750527	1.174788832500776	0.20459733142785294	2.4485594791085714	0.9815439580372277	1.0490749286122942	1.224956590226573	1.134660298961475	1.790855001947549	0.9603274301513642	1.3442791353301333	0.9047946009129386	1.4296659973442305	-22.52059906054327	1.163109148789464	1.2195122807723442	1.4176184423013096
0.699103763987258	0.9081119126400662	0.9232590081946571	0.947552750387311	1.010592135732521	0.16432851813219443	2.2016842351575137	0.8363600598624199	0.8969940829900998	1.0561740028691389	0.9742322018728949	1.5788240088049588	0.8173691961007735	1.165125562269586	0.7677995711241635	1.2435310474616779	0.8529031487894638	-19.32761307306101	1.0512207371402449	1.2324471295440653
0.6607425912575208	0.8617613564697183	0.8763712849763655	0.8998145028792381	0.9607084882699903	0.15285471801747336	2.123911435003178	0.7926279215097868	0.8510412045386259	1.004792632063346	0.925575268381865	1.5130420455050058	0.7743511010271941	1.110336794378313	0.7266883793711529	1.1864325157445657	0.8085562807723441	0.9504707371402432	-18.35574744523719	1.1756681879312623
0.5451671567374086	0.7204678508525798	0.7333295987866938	0.7539998967618468	0.807872371645424	0.1198689836886508	1.876067422548754	0.6598214805508197	0.7110403671142415	0.847031715800753	0.776758706067681	1.3069338989041215	0.6438491975552478	0.9413005177833894	0.6023202036727422	1.0096961372144253	0.6737624423013098	0.798797129544065	0.8427681879312623	-15.370853265461417