-1.813772976990989250e+01 5.135038706397951902e-01 9.804244256580815220e-01 1.129466520349906355e+00 1.208919563230211658e+00 3.205001233119364468e+00 1.139950952927639705e+00 2.484581206227548800e-01 8.978819541489400091e-01 1.034277927680328224e+00 1.061839426189142621e+00 1.165092434236426389e+00 1.012994685805283235e-01 1.092221639532573008e+00 9.812042562305495208e-01 1.002376880207618060e+00 4.545586386522493250e-01 2.019112985098341639e-01 5.389582785635380624e-01 1.180382880830412429e+00
1.725543870639795863e+00 -3.111481169342080477e+01 1.698360445871219149e+00 1.902121277392964105e+00 2.007960818881723064e+00 4.326576031398411182e+00 1.916191843824828211e+00 5.380204178865063414e-01 1.582201558652207574e+00 1.772825386818201787e+00 1.810558182626792467e+00 1.949801609588604823e+00 2.417922693580135118e-01 1.851869405227342336e+00 1.699445930964001095e+00 1.728835391728674065e+00 9.028224967952089841e-01 4.485562871781533234e-01 1.041175069689196375e+00 1.970153398898960573e+00
1.019834425658083576e+00 5.257304458712187545e-01 -1.849293960920777380e+01 1.150929857272902312e+00 1.231315236737517971e+00 3.240162701614985430e+00 1.161540146652498606e+00 2.551898461711054611e-01 9.163274307467832447e-01 1.054557469963524285e+00 1.082469509827825638e+00 1.186979888819396756e+00 1.043352317106727989e-01 1.113230722298392594e+00 1.000790208033309314e+00 1.022242503518422829e+00 4.656650399785573491e-01 2.075366455903689955e-01 5.516529814162567380e-01 1.202449317325950728e+00
8.808265203499058282e-01 4.414412773929635714e-01 8.628798572729026173e-01 -1.599988089904972632e+01 1.073528301405426211e+00 2.985782991241098916e+00 1.009686072815231261e+00 2.094176946248858251e-01 7.874273517207586170e-01 9.122990756286869507e-01 9.376474098159984782e-01 1.032933793764981845e+00 8.393883461771488308e-02 9.656329518244703980e-01 8.635944195998886963e-01 8.830069538633543713e-01 3.892983819499951648e-01 1.694097906184733882e-01 4.640425976277481879e-01 1.047086622915241128e+00
8.166595632302118268e-01 4.036608188817228382e-01 7.996452367375181947e-01 9.299083014054263518e-01 -1.484540338383039604e+01 2.861371882850519910e+00 9.391324164713260592e-01 1.893977731547191179e-01 7.282340980167073541e-01 8.465230423922851521e-01 8.705989570902455954e-01 9.612829450077318150e-01 7.520455505493368886e-02 8.972035678182294083e-01 8.003224692341591728e-01 8.187274598591122166e-01 3.552278869290389496e-01 1.528282618409235460e-01 4.246984259629988379e-01 9.747757218925843237e-01
1.512112331193649073e-01 6.074603139841069227e-02 1.469627016149854803e-01 1.806329912410988836e-01 1.998418828505199585e-01 -2.397494676591354956e+00 1.831171363846041122e-01 2.450902840548420392e-02 1.296192381828305817e-01 1.587765917115655234e-01 1.649763880596955556e-01 1.891366128418836556e-01 8.605112918649413314e-03 1.719319389644923535e-01 1.471309528723346305e-01 1.517306465698795293e-01 5.188778855031981468e-02 1.912684474166007412e-02 6.471075173909070222e-02 1.928408044244846464e-01
8.720009529276392390e-01 4.362018438248279062e-01 8.541801466524986397e-01 9.903760728152289916e-01 1.063442416471325869e+00 2.968957136384604123e+00 -1.584125780945134032e+01 2.066225342469225346e-01 7.792738973950374959e-01 9.032564415825823367e-01 9.284332532500793045e-01 1.023100179070667748e+00 8.271234278203681844e-02 9.562327736685890534e-01 8.548896686222672292e-01 8.741661991406437515e-01 3.845673532113765281e-01 1.670911070030045575e-01 4.585892003680537288e-01 1.037164290033953495e+00
2.594228120622755096e+00 1.671750417886506357e+00 2.561549846171105926e+00 2.803827694624886124e+00 2.927427773154719137e+00 5.424069028405484438e+00 2.820342534246922828e+00 -4.684276089492023232e+01 2.420553684935353722e+00 2.650795954394936871e+00 2.695700522006407418e+00 2.859685980454433452e+00 5.013413331736733536e-01 2.744628928005504065e+00 2.562856979855722805e+00 2.598177164225287772e+00 1.537775271235104046e+00 8.570297074654508185e-01 1.727580765554620701e+00 2.883439188501365269e+00
1.109581954148940452e+00 5.818615586522071226e-01 1.088617430746783077e+00 1.247767351720758366e+00 1.332194098016707295e+00 3.395109238182830058e+00 1.258923897395037184e+00 2.864836849353535331e-01 -2.009872398747855726e+01 1.146246095878495685e+00 1.175684846380886439e+00 1.285657297229098717e+00 1.186048428213663380e-01 1.208094775108045527e+00 1.089452963015886677e+00 1.112126171689804544e+00 5.167734062535337403e-01 2.337646113952418225e-01 6.098773302136657470e-01 1.301902433693913563e+00
9.664879276803298724e-01 4.929953868182019305e-01 9.473574699635234353e-01 1.093149075628687461e+00 1.170993042392285410e+00 3.144776591711565761e+00 1.103416441582582452e+00 2.372359543949370542e-01 8.667560958784956693e-01 -1.753723021757702938e+01 1.026957974806624208e+00 1.128043330130876543e+00 9.626592561766779410e-02 1.056687279862847051e+00 9.481194592360862039e-01 9.688111482006777075e-01 4.359507722681769115e-01 1.925470634046520246e-01 5.176544217388536762e-01 1.143024856259958977e+00
9.406094261891435604e-01 4.772881826267924565e-01 9.218295098278252997e-01 1.065057409815999501e+00 1.141628957090246033e+00 3.097536388059695334e+00 1.075153253250080265e+00 2.287005220064074751e-01 8.427548463808867130e-01 9.735179748066240535e-01 -1.707318638388973397e+01 1.099373358809678125e+00 9.246059043495638563e-02 1.029214062499327120e+00 9.225774518154278292e-01 9.428903769499091814e-01 4.217179370363397517e-01 1.854362928347295658e-01 5.013292669251538936e-01 1.114110576530509045e+00
8.512924342364270869e-01 4.239616095886045710e-01 8.337698888193971758e-01 9.677737937649812938e-01 1.039742945007732455e+00 2.929126612841884025e+00 9.772501790706697999e-01 2.001159804544334064e-01 7.601572972290991936e-01 8.820333301308763696e-01 9.068033588096781061e-01 -1.546886370925777676e+01 7.986608996030539198e-02 9.341615504640999879e-01 8.344674673985997826e-01 8.534216837812917955e-01 3.735224241152542701e-01 1.616981615693161289e-01 4.458455147853861988e-01 1.013853387229738612e+00
3.699049468580528188e+00 2.627502269358013010e+00 3.662675231710672552e+00 3.930328834617714762e+00 4.065214555054933676e+00 6.660145112918648636e+00 3.948412342782036788e+00 1.753321333173672780e+00 3.504654842821365968e+00 3.761805925617667246e+00 3.811440590434956199e+00 3.991416089960305058e+00 -6.737320716879951021e+01 3.865345920761431131e+00 3.664131942669156761e+00 3.703439078076994573e+00 2.461600475197673887e+00 1.549728487635967156e+00 2.695666810003403580e+00 4.017327857424367821e+00
9.131216395325737478e-01 4.607294052273421259e-01 8.947207222983929453e-01 1.035172951824470111e+00 1.110363567818229980e+00 3.046621938964492848e+00 1.045082773668589038e+00 2.197589280055043948e-01 8.172947751080459344e-01 9.453772798628478080e-01 9.713440624993259220e-01 1.068861550464100585e+00 8.849592076143179831e-02 -1.657992954938017149e+01 8.954534798029789577e-01 9.153568777563587666e-01 4.067314040543620335e-01 1.779980783883539086e-01 4.841105894303282531e-01 1.083333603912441934e+00
1.019034256230551660e+00 5.252359309640006746e-01 9.992102080333293834e-01 1.150064419599889032e+00 1.230412469234158923e+00 3.238750952872334388e+00 1.160669668622267281e+00 2.549169798557224809e-01 9.155829630158865973e-01 1.053739459236084919e+00 1.081637451815427697e+00 1.186097467398599337e+00 1.042119426691567041e-01 1.112383479802978581e+00 -1.847861223701461242e+01 1.021441083468010547e+00 4.652156465035103827e-01 2.073085086751267347e-01 5.511396191740826067e-01 1.201559729843494795e+00
9.976268802076315723e-01 5.120453917286740264e-01 9.780825035184256278e-01 1.126896953863354645e+00 1.206237459859112127e+00 3.200770646569879752e+00 1.137366199140643630e+00 2.476571642252879402e-01 8.956761716898042902e-01 1.031851148200678026e+00 1.059370376949910542e+00 1.162471683781291620e+00 1.009390780769948426e-01 1.089706877756358994e+00 9.788610834680110395e-01 -1.809522060966492063e+01 4.532344222660891209e-01 2.012423839998922492e-01 5.374436585351322071e-01 1.177740525827748241e+00
1.867688638652249544e+00 1.103912496795208753e+00 1.839385039978557401e+00 2.051068381949995079e+00 2.160617886929038889e+00 4.518807788550319948e+00 2.065647353211376824e+00 6.051352712351037999e-01 1.718203406253534071e+00 1.916870772268176593e+00 1.956077937036339698e+00 2.100452424115254235e+00 2.769804751976743251e-01 1.998961404054361735e+00 1.840515646503510627e+00 1.871114422266088928e+00 -3.366765037059309407e+01 5.068917283294089859e-01 1.147804180489222725e+00 2.121515116777667131e+00
2.848701298509834778e+00 1.883306287178153404e+00 2.814916645590369804e+00 3.064839790618473891e+00 3.191878261840924047e+00 5.719706844741660134e+00 3.081831107003004888e+00 1.158049707465450551e+00 2.668854611395242493e+00 2.907127063404652212e+00 2.953456292834729879e+00 3.122288161569316323e+00 5.987684876359679054e-01 3.003888078388353922e+00 2.816268508675127347e+00 2.852782383999892701e+00 1.740551728329409409e+00 -5.151647942618413367e+01 1.942564882545158245e+00 3.146699284458423840e+00
1.669748278563538690e+00 9.599250696891962198e-01 1.643032981416257199e+00 1.843472597627748844e+00 1.947748425962999130e+00 4.249290751739090766e+00 1.857329200368054378e+00 5.126007655546209740e-01 1.528967330213666376e+00 1.716234421738853655e+00 1.753349266925154248e+00 1.890435514785386406e+00 2.287068100034042317e-01 1.794000589430328141e+00 1.644099619174083315e+00 1.672983658535132534e+00 8.654641804892235779e-01 4.265648825451582860e-01 -3.011444195309791283e+01 1.910487608336017606e+00
8.390028808304129671e-01 4.167333988989604943e-01 8.216593173259509886e-01 9.543466229152414160e-01 1.025655721892584582e+00 2.905250804424484912e+00 9.637342900339537222e-01 1.962891885013655080e-01 7.488224336939139913e-01 8.694348562599589769e-01 8.939605765305090879e-01 9.862733872297382298e-01 7.819785742436857756e-02 9.210536039124425089e-01 8.223497298434950808e-01 8.411105258277482566e-01 3.670051167776673950e-01 1.585292844584233751e-01 4.383176083360173503e-01 -1.524772720511723634e+01
