-2.534509177667077040e+01 1.322017705365662765e+00 5.737218532688543871e-01 8.270861352180999271e-01 3.221603998398235635e+00 4.585734599406313117e-01 1.418745904806567371e+00 6.514159443620101131e-01 1.803499434944357827e+00 3.691865986531872590e+00 4.079318615359489364e+00 1.217551576093051757e+00 1.720022128086511337e-01 1.298273434366358448e+00 6.709826735106788620e-01 7.023669904993108393e-01 8.757932697333682404e-01 8.967456247911916867e-01 2.280182230254478026e-01 1.235508733646933921e+00
7.350727053656626042e-01 -1.975832361754011046e+01 4.018505311147889114e-01 5.972535341074067805e-01 2.711282158048016644e+00 3.159772393404550739e-01 1.081460561344811611e+00 4.608758488700145373e-01 1.412969185551156803e+00 3.159874062025767927e+00 3.533858180279207950e+00 9.129608470454018132e-01 1.121872482361230411e-01 9.801293831137337653e-01 4.758706529335745561e-01 5.000271555172467464e-01 6.357329948607233217e-01 6.523700026310955691e-01 1.507205152679703120e-01 9.278508118869532861e-01
1.598227853268854526e+00 2.013301531114789267e+00 -3.731348537856792547e+01 1.363673591337661417e+00 4.166177696162642441e+00 8.245022492102243028e-01 2.133520298104621293e+00 1.114475524972118992e+00 2.595933834481983560e+00 4.660654661840506918e+00 5.062600604584983621e+00 1.881322738239900927e+00 3.452478490550921486e-01 1.983507047836056358e+00 1.142861218244127341e+00 1.188041572675141433e+00 1.430718347347061936e+00 1.459313889387975127e+00 4.452275221385927906e-01 1.904177348565587513e+00
1.195482135218099762e+00 1.552594534107406554e+00 7.075635913376608910e-01 -2.932593550092070345e+01 3.554697985707835794e+00 5.717499318142540421e-01 1.658382736934088220e+00 7.980994215330265984e-01 2.073694632040423702e+00 4.035423228680338426e+00 4.429216563878696888e+00 1.437621508673454285e+00 2.226836061474522233e-01 1.526530137932440079e+00 8.207728702374900154e-01 8.570387071194093265e-01 1.055365533856057469e+00 1.079106969389844739e+00 2.924705871715662098e-01 1.457440819141158972e+00
1.491899983982354627e-01 2.258131580480164102e-01 6.925769616264106088e-02 1.138879857078357177e-01 -5.218158460026682377e+00 5.171271462548171494e-02 2.516885310112201846e-01 8.205927401371698737e-02 3.682765633191362742e-01 1.281003336593866671e+00 1.537723186185209867e+00 1.993698377726904059e-01 1.559033948186363053e-02 2.196667727592146457e-01 8.540597549361172991e-02 9.087741505440501133e-02 1.234290351081577392e-01 1.276300135243332579e-01 2.177119382391920488e-02 2.038054329431269185e-01
1.857369459940630962e+00 2.301718239340454719e+00 1.198792249210223426e+00 1.602149931814253803e+00 4.522922714625480900e+00 -4.236524039992099944e+01 2.428972175216913776e+00 1.326901225664643746e+00 2.913642547308233688e+00 5.022996904892901071e+00 5.428194625769681814e+00 2.161319355360381778e+00 4.374643599961712259e-01 2.270088863286572334e+00 1.358494814479009438e+00 1.408647152898415023e+00 1.675451581755637687e+00 1.706627497276345107e+00 5.577995925732627258e-01 2.185687108511796151e+00
6.730769048065671223e-01 9.227365613448106352e-01 3.633452981046206842e-01 5.443177369340880256e-01 2.578433531011219859e+00 2.845071752169140433e-01 -1.840454523561895428e+01 4.177950576242062120e-01 1.316476417952211042e+00 3.019992085557619443e+00 3.389513455034266709e+00 8.404285732888950866e-01 9.963750957524190877e-02 9.039230362868034829e-01 4.316588155614978772e-01 4.540188218202506065e-01 5.801820432047377629e-01 5.957094369029651837e-01 1.343023758569418802e-01 8.544903995351025294e-01
1.455091944362010281e+00 1.851496848870014311e+00 8.936455249721187988e-01 1.233379421533026710e+00 3.958149274013717189e+00 7.317812256646438751e-01 1.967140057624206628e+00 -3.449891280896887480e+01 2.414828153107111408e+00 4.448615081905713531e+00 4.848205865567562611e+00 1.724947587310679209e+00 2.988376326638540470e-01 1.822889843771105634e+00 1.026459327114873421e+00 1.068642141836507520e+00 1.296564139223060685e+00 1.323560750269924924e+00 3.878478341179516509e-01 1.746830155040797417e+00
4.801834349443577232e-01 6.765981855511569165e-01 2.481118344819834842e-01 3.819826320404238196e-01 2.117374563319136538e+00 1.915305473082341836e-01 7.388294179522112426e-01 2.878361531071114143e-01 -1.401863508456862562e+01 2.528787079284023243e+00 2.878704056652905852e+00 6.110283967090130997e-01 6.406796556836720502e-02 6.615433793152467601e-01 2.980298330998694123e-01 3.145360780497187814e-01 4.091045909022384408e-01 4.209034380686627053e-01 8.730745865683665896e-02 6.221760395571287461e-01
1.018919865318724388e-01 1.568450620257679229e-01 4.617466184050696837e-02 7.705322868033873118e-02 7.634433365938665395e-01 3.422690489290164395e-02 1.756870855576198043e-01 5.496508190571326724e-02 2.621290792840232919e-01 -3.638270676145105575e+00 1.221811055079936592e+00 1.377320627407769560e-01 1.008941795852980224e-02 1.523893566996666615e-01 5.727248541738626242e-02 6.105276799991452702e-02 8.373315522841590086e-02 8.668238435211292336e-02 1.416390632171531626e-02 1.409276570340399493e-01
7.434461535948939936e-02 1.158291802792074943e-01 3.312060458498288645e-02 5.584656387869744304e-02 6.051631861852098115e-01 2.442462576968199017e-02 1.302084550342667846e-01 3.955586556756226363e-02 1.970460566529055602e-01 8.068110550799368896e-01 -2.626002975409845064e+00 1.013206733122619385e-01 7.086427002772740548e-03 1.124397368402075548e-01 4.124985888791463107e-02 4.402928081420894729e-02 6.080384958765031045e-02 6.299672418946410113e-02 9.985443459899767671e-03 1.037407729235245990e-01
8.100485760930516976e-01 1.092402847045401248e+00 4.493137382399005619e-01 6.617225086734541684e-01 2.864280837772690269e+00 3.550203553603822337e-01 1.178594573288895164e+00 5.137685873106793144e-01 1.526841396709012866e+00 3.320203062740776812e+00 3.698791673312262329e+00 -2.136857054980117709e+01 1.280940044073331230e-01 1.071336628626511134e+00 5.301000610900044041e-01 5.563752876630794209e-01 7.032477937985376348e-01 7.211739278648150453e-01 1.714235194205281088e-01 1.015831170383858062e+00
3.046118212808650583e+00 3.573248248236122304e+00 2.194857849055091847e+00 2.728403606147451921e+00 5.962120339481862707e+00 1.912784359996171357e+00 3.719422509575241786e+00 2.369277632663853606e+00 4.261499965568366299e+00 6.474179417958529470e+00 6.886176427002772549e+00 3.409713004407332715e+00 -6.529811043885369770e+01 3.536622783636490741e+00 2.411520520988888361e+00 2.477996975042966898e+00 2.820993192787159654e+00 2.860030015425810923e+00 1.214867229291836104e+00 3.438278148779107202e+00
7.513364343663581080e-01 1.020137383113733476e+00 4.120640478360560466e-01 6.111971379324401266e-01 2.745143772759214507e+00 3.243558632865726210e-01 1.102655036286803947e+00 4.722768437711055145e-01 1.437922379315246468e+00 3.195426356699666570e+00 3.570476736840207721e+00 9.319026286265112979e-01 1.155697836364912162e-01 -2.010996674162410969e+01 4.875644898425615659e-01 5.121855714145129301e-01 6.503479759007357863e-01 6.672694359963212696e-01 1.551326861328335971e-01 9.470021778667404577e-01
1.422198673510678857e+00 1.814031652933574490e+00 8.695712182441269755e-01 1.203592870237490509e+00 3.909035975493611925e+00 7.109148144790097268e-01 1.928543815561498009e+00 9.739993271148708054e-01 2.372561833099869233e+00 4.398462485417386603e+00 4.797439858887914355e+00 1.688819061090004681e+00 2.886205209888890733e-01 1.785717489842561623e+00 -3.384888819328043041e+01 1.041467813798120146e+00 1.265846934156621195e+00 1.292457247708513668e+00 3.751438442374530058e-01 1.710462756478239532e+00
1.371762990499310053e+00 1.756368155517246343e+00 8.329315726751405080e-01 1.158038707119409150e+00 3.832687415054404578e+00 6.792471528984148632e-01 1.869083821820250346e+00 9.343621418365068987e-01 2.307248078049718654e+00 4.320422767999914093e+00 4.718399280814209007e+00 1.633274287663079027e+00 2.732769750429668298e-01 1.728518571414512595e+00 9.596478137981194756e-01 -3.284949322243685543e+01 1.218832939141794469e+00 1.244836681932133926e+00 3.560141738001376122e-01 1.654539695359591223e+00
1.135429269733368551e+00 1.482313994860723572e+00 6.658483473470617753e-01 9.466055338560585009e-01 3.455479035108158126e+00 5.362915817556379583e-01 1.585487043204738100e+00 7.525241392230608284e-01 1.992056590902238744e+00 3.933343155228416155e+00 4.325413849587651072e+00 1.370386793798537894e+00 2.065131927871598494e-01 1.456920975900735771e+00 7.742669341566215113e-01 8.090729391417952332e-01 -2.811253505737860792e+01 1.022917439061170608e+00 2.719989684206766123e-01 1.389665273304795612e+00
1.110891624791191967e+00 1.453461002631095456e+00 6.489538893879751580e-01 9.248569693898451849e-01 3.414190013524333267e+00 5.219774972763454590e-01 1.555524436902965491e+00 7.340307502699251474e-01 1.958365438068663034e+00 3.890802384352113119e+00 4.282116724189464207e+00 1.342822927864815163e+00 2.000600154258114771e-01 1.428352435996321557e+00 7.553872477085138426e-01 7.895866819321343266e-01 9.774274390611680241e-01 -2.761448603406969227e+01 2.638058004315830263e-01 1.361872754865428803e+00
2.699364223025447540e+00 3.209011515267970349e+00 1.892067522138592750e+00 2.395420587171566584e+00 5.565531193823919587e+00 1.630349592573263395e+00 3.351317375856942338e+00 2.055517834117952081e+00 3.881969458656836736e+00 6.075483906321715644e+00 6.486305443459900566e+00 3.050272519420528017e+00 8.120972292918366975e-01 3.173415686132833979e+00 2.095273844237453442e+00 2.157964173800138052e+00 2.483708968420676566e+00 2.521005800431583399e+00 -5.861403910810228268e+01 3.077962233953120741e+00
7.965087336469338641e-01 1.075795811886953279e+00 4.406713485655874285e-01 6.500448191411591914e-01 2.837219432943126840e+00 3.478911085117965540e-01 1.161159399535102832e+00 5.041541550407974137e-01 1.506492039557128848e+00 3.291901657034040252e+00 3.669714772923524659e+00 9.843341703838570655e-01 1.251621487791078069e-01 1.054939177866741629e+00 5.202467564782394804e-01 5.461436953595916188e-01 6.910292733047954661e-01 7.087267548654289095e-01 1.676162339531208079e-01 -2.107975148977703483e+01
