-6.733377723786836	0.2851901770031157	0.48383481086249813	0.06692862044788846	0.05889464634586428	0.010806916688376076	0.5857421444487566	0.07157354107476904	0.34337593303384223	0.3628762610666121	0.4532848252793292	0.6770692016182402	0.41170853457204004	0.40991235697710815	0.3257540699856362	0.49944371369851775	0.3459766862374278	0.5029633024027734	0.5297689437855051	0.3082730382585359
2.4260561770031157	-22.703552251598836	1.4717826869825408	0.31298103396690924	0.28070898540301653	0.0618840463253146	1.6841906013323007	0.3312527631924388	1.148079855208475	1.1956381337412139	1.4047891861195458	1.8623621079567407	1.3107679918986115	1.306626941492169	1.1042512836416538	1.5053787582169742	1.1544786227648751	1.512897521269881	1.569502437470943	1.0599231176121182
1.794664810862498	0.6417466869825407	-15.005862219655551	0.17744221028201138	0.1577928238114917	0.03200011974022422	1.1695811610039364	0.18867237218507021	0.7512319551181715	0.7869942984676213	0.9475170674809223	1.3153178373972068	0.8747174510377627	0.8715346606527927	0.7185279531159584	1.0265051146175084	0.7560270775019059	1.0324536604119108	1.07743087081437	0.6857040881716486
4.208058620447888	2.3132450339669095	3.0077422102820113	-48.897059761326545	0.9200748975402238	0.2665645155174841	3.2930199870742807	1.044038063801509	2.5423425351104196	2.613510453393003	2.9147840218576677	3.522866261401252	2.7815564514395965	2.775609438941285	2.475766682018283	3.053785672957333	2.551981503157211	3.064039761629512	3.1406665499975657	2.407407100793111
4.364374646345864	2.445322985403017	3.1524428238114917	1.0844248975402235	-51.45648679914055	0.29746476255097143	3.441414356830634	1.1308366780731456	2.6792484181110727	2.751771895925888	3.0581171242963245	3.6737514103396247	2.9227731931617167	2.916727197915189	2.6113447277913826	3.1991322790848207	2.689074784255128	3.2095274937437024	3.2871781747090583	2.541558949251299
6.393686916688376	4.3038980463253145	5.104050119740224	2.508314515517484	2.3748647625509713	-87.34653313937078	5.418591528316261	2.579947092123302	4.574427655751584	4.657001760549375	5.0000648918014265	5.667731247003165	4.849569318679834	4.842808684579358	4.496582458699965	5.155266599920657	4.585649387072396	5.166647717010236	5.2514179705179975	4.416012466522842
1.5746521444487567	0.5322346013323007	0.8476611610039366	0.1407999870742806	0.12484435683063386	0.024621528316260757	-12.550531333397757	0.1499483627105321	0.6276118460349623	0.6589712739204652	0.8008804211047745	1.132251271863843	0.7362966111820549	0.7334813862950936	0.5990208602006925	0.8713543832100893	0.6318109251595656	0.876677991899897	0.9170015787896366	0.57041064201998
4.125883541074769	2.244696763192439	2.9321523721850697	0.9572180638015084	0.8796666780731458	0.25137709212330206	3.2153483627105315	-47.56620983557835	2.4711134341222656	2.5415259581697445	2.839962306826848	3.4437847029382413	2.7079208431840724	2.702029228336929	2.4052763683047167	2.9778325063577435	2.4806480450379342	2.9880071794743337	3.06405734400369	2.33770904566106
2.2013979330338422	0.8652358552084755	1.2984239551181715	0.2592345351104195	0.23179041811107237	0.04956965575158359	1.4967238460349623	0.2748254341222658	-19.857519892981593	1.043528823713803	1.2362665586326125	1.6643760312554374	1.149369082149281	1.1455511316373534	0.9599887975502749	1.329667040114752	1.0058498626682644	1.33666567425494	1.3894292872925569	0.9196259712215231
2.135068261066612	0.8269641337412141	1.2483562984676213	0.24457245339300274	0.21848389592588807	0.04631376054937512	1.4422532739204652	0.25940795816974416	0.9576988237138032	-19.039436762269947	1.1876967396667266	1.6065893398491007	1.1029951741287431	1.0992765274807115	0.9188470858119403	1.2788685230893817	0.9633816802960493	1.2857054141447555	1.3372724116025534	0.8796850072522582
1.8709838252793294	0.6816221861195458	1.054386067480922	0.19135302185766778	0.17033612429632458	0.03488389180142658	1.2296694211047747	0.20335130682684796	0.7959435586326123	0.8332037396667263	-15.885780657207867	1.379811365694534	0.9244429583393537	0.921136377442149	0.7618354588602426	1.0818264715994792	0.8009417655296803	1.0879825979644817	1.1345023100701843	0.7275682086415836
1.4121992016182403	0.4566261079567407	0.7396178373972068	0.11686626140125217	0.10340141033962438	0.019981247003164736	0.8784712718638431	0.12460470293824134	0.5414840312554374	0.5695273398491004	0.6972423656945339	-10.816884016034669	0.6389586342454766	0.6364239728837715	0.5159765593587539	0.7611288002059604	0.5452351160416912	0.7659665142117069	0.8026616274417535	0.49051101432816885
1.98453053457204	0.7427239918986113	1.1367094510377629	0.21324845143959634	0.1901151931617162	0.03951131867983406	1.3202086111820548	0.22643284318407253	0.8641690821492809	0.9036251741287429	1.0795659583393538	1.4766506342454764	-17.22123696740682	0.9965130623570347	0.8279980376023094	1.165502159336633	0.869465309145192	1.171958167715536	1.2207033980346698	0.7916055891969055
1.989716356977108	0.7455649414921691	1.140508660652793	0.21428343894128518	0.19105119791518918	0.03973268457935764	1.3243753862950938	0.2275232283369289	0.8673331316373536	0.906888527480712	1.0832413774421485	1.4810979728837714	1.0034950623570253	-17.282973118139438	0.8310686709689102	1.1693620003417533	0.872642843803465	1.1758314471343272	1.2246763289065667	0.7945798599934819
2.2648950699856365	0.9025262836416541	1.3468389531159586	0.2737776820182834	0.24500572779138272	0.05284345869996564	1.5492518602006926	0.2901073683047168	1.0411077975502743	1.08579608581194	1.2832774588602427	1.719987559358754	1.1943170376023096	1.1904056709689106	-20.65023459001202	1.378766261269253	1.0471154885016074	1.3859162377987786	1.4397986215365333	0.9584999669951234
1.757723713698518	0.622792758216974	0.9739551146175062	0.1709356729573331	0.1519322790848205	0.03066659992065643	1.140724383210089	0.1818025063577435	0.7299250401147521	0.7649565230893819	0.9224074715994789	1.2842788002059602	0.8509601593366333	0.8478380003417529	0.6979052612692528	-14.58511917101363	0.7346211265715888	1.0058463490492404	1.0500635542442578	0.6657838571276905
2.1923216862374275	0.8599576227648752	1.291542077501906	0.25719650315721126	0.2299397842551279	0.04911438707239628	1.4892459251595653	0.27268304503793384	0.9941728626682707	1.0375346802960475	1.2295877655296805	1.6564501160416913	1.1429883091451924	1.139183843803465	0.9543194885016079	1.3226861265715888	-19.744971691754817	1.3296628487023698	1.382264409243804	0.9141202100646553
1.7495733024027735	0.6186415212698809	0.9682336604119098	0.1695197616295125	0.150657493743702	0.030377717010236234	1.134377991899897	0.18030717947433383	0.72525367425494	0.7601234141447553	0.9168935979644811	1.2774465142117069	0.8457461677155359	0.842637447134327	0.6933852377987787	0.9941763490492483	0.7299278487023699	-14.492746361551985	1.0440483531621236	0.6614191295714698
1.689538943785505	0.5884064374709431	0.9263708708143699	0.15930654999756533	0.1414681747090581	0.028307970517996838	1.0878615787896369	0.16951734400368987	0.691177287292557	0.7248504116025531	0.8765733100701842	1.2273016274417539	0.80765139803467	0.8046423289065668	0.6604276215365334	0.9515535542442587	0.695689409243804	0.9572083531621225	-13.81746177590389	0.6296086042801222
2.331595038258536	0.9423791176121169	1.3981960881716484	0.28959910079311035	0.25940094925129936	0.05645446652284175	1.6048226420199803	0.30672104566106045	1.0849259712215222	1.1308150072522583	1.3331912086415836	1.7787030143281688	1.2421055891969055	1.2380978599934818	1.0426809669951238	1.4308258571276908	1.0910972100646548	1.4381311295714698	1.4931606042801222	-21.492902866963572