-1.463728425386867649e+01 9.660965297012484854e-01 5.994738798447010186e-01 1.640936564339804393e+00 7.901236167190922588e-02 5.774833570304810371e-01 3.499112763021833827e-01 4.433511272761245237e-01 6.772601823194582815e-01 2.157372684488778614e+00 1.840646618828583714e+00 1.028961299607805913e+00 6.813280394322544786e-02 8.264657273831689244e-01 7.671796048933722245e-01 8.278689144349705709e-01 6.247050186596896371e-01 5.512010082256343368e-01 4.244455735748927649e-01 1.867797213426441449e-01
1.034687529701248998e+00 -1.517228248032055227e+01 6.235969675635891774e-01 1.687548871870006462e+00 8.326248974508258793e-02 6.009330702202764218e-01 3.656661808631222477e-01 4.624371129910834211e-01 7.036785394069070554e-01 2.210548897061145990e+00 1.890061338007469338e+00 1.064304415557135286e+00 7.183909806739574577e-02 8.569401645075670482e-01 7.960939022780498808e-01 8.583794929365637927e-01 6.495871535515026496e-01 5.738310734412144232e-01 4.428783061432811641e-01 1.960078764079093705e-01
1.548396879844700758e+00 1.503928967563589181e+00 -2.319935343535135175e+01 2.342665052245104018e+00 1.598433611205386518e-01 9.681539070286059312e-01 6.237533334668513563e-01 7.687606066581050834e-01 1.110971972137315023e+00 2.937899739600972726e+00 2.576494169367493647e+00 1.586143924037749064e+00 1.390731082578585687e-01 1.317349178281267630e+00 1.236288329564047217e+00 1.319253663949794486e+00 1.036274787166308720e+00 9.297997595388725056e-01 7.398674081224665411e-01 3.544352873997052011e-01
5.526635643398043474e-01 5.306848718700065692e-01 3.054690522451042889e-01 -7.778890688070121406e+00 3.354073482275714974e-02 2.927367595581807369e-01 1.668108585688714840e-01 2.171771271515083035e-01 3.512478391143880607e-01 1.398453914000251430e+00 1.150469699793566836e+00 5.715832236764262220e-01 2.869620170416052260e-02 4.421497684677504481e-01 4.055576682598294180e-01 4.430231996053255461e-01 3.201925953059313046e-01 2.776438234144985584e-01 2.068298463162680789e-01 8.395993985549227157e-02
4.004609361671908729e+00 3.940268489745082814e+00 3.136517361120538805e+00 5.047410734822756595e+00 -6.506767028827940180e+01 3.079674606498922440e+00 2.390450074921592005e+00 2.699839807490934884e+00 3.327851013429853566e+00 5.745496239400956995e+00 5.327644733579922409e+00 4.058583244714494498e+00 9.068361153399263630e-01 3.660321726364506034e+00 3.532949560292896418e+00 3.663268963655210708e+00 3.200171368096069280e+00 3.009950507016696530e+00 2.640775105882720020e+00 1.695051274234400385e+00
1.590789357030480966e+00 1.545648070220276615e+00 1.032536907028604789e+00 2.394315759558180989e+00 1.673836064989230599e-01 -2.387180633275637831e+01 6.470612753886211266e-01 7.959187880438270968e-01 1.145802970624347106e+00 2.993931283019016121e+00 2.630073855015751416e+00 1.629092885494297871e+00 1.457336580122762515e-01 1.356019432242578038e+00 1.273512938304685260e+00 1.357956961918883154e+00 1.069580580486521715e+00 9.607936684781008818e-01 7.662902300597512761e-01 3.693641053312534117e-01
2.178728276302183353e+00 2.125892180863122150e+00 1.503647333466851421e+00 3.083900858568871417e+00 2.936700749215920281e-01 1.462572275388620779e+00 -3.337777683396297590e+01 1.199264464312119971e+00 1.644930232357360689e+00 3.728875551768510821e+00 3.339855736096896788e+00 2.223359823473688657e+00 2.581555945955725240e-01 1.900904586232157634e+00 1.801331560076501637e+00 1.903229937523626569e+00 1.550138491233934213e+00 1.412767514358008070e+00 1.160135465429801949e+00 6.064168769935569525e-01
1.897038127276124309e+00 1.847533112991083692e+00 1.273524606658105407e+00 2.759137127151508384e+00 2.279298074909353045e-01 1.236299788043827119e+00 8.241344643121198965e-01 -2.878061996130765010e+01 1.402250483656297897e+00 3.385502443751689849e+00 3.006754497140258664e+00 1.938937400664347610e+00 1.994397241487751715e-01 1.637972852479944175e+00 1.545915777512901990e+00 1.640127933756733158e+00 1.315768224703388833e+00 1.191289536438684404e+00 9.652520412428047258e-01 4.858120118881182892e-01
1.411887182319457867e+00 1.369714539406907017e+00 8.966759721373156466e-01 2.174147839114388248e+00 1.368810134298536485e-01 8.671239706243467626e-01 5.507402323573605818e-01 6.831904836562978645e-01 -2.104506213825414562e+01 2.753913156353644531e+00 2.401193836803221959e+00 1.447734192401481490e+00 1.188313867743765045e-01 1.193474929474523938e+00 1.117287658982117682e+00 1.195267798262462655e+00 9.303925605547266331e-01 8.315941459912872258e-01 6.567053330549523782e-01 3.083059065554240585e-01
3.561896844887783575e-01 3.407748970611458872e-01 1.877937396009731752e-01 6.855439140002513865e-01 1.871623940095726649e-02 1.794422830190159635e-01 9.887555176851087202e-02 1.306324437516898918e-01 2.181031563536443840e-01 -4.757371561222505818e+00 8.022062911053495782e-01 3.695226162654791091e-01 1.594875627821431760e-02 2.795155270683394311e-01 2.546055624030622022e-01 2.801131191070204141e-01 1.974944617758075116e-01 1.695881931239776041e-01 1.240544376355319223e-01 4.825068701475716815e-02
4.651636188285836471e-01 4.459873380074694249e-01 2.520881693674939528e-01 8.632596997935669814e-01 2.656473357992208267e-02 2.412848550157514482e-01 1.355557360968969727e-01 1.775844971402585903e-01 2.910838368032217516e-01 1.227906291105349323e+00 -6.436974321973607083e+00 4.817034949017961476e-01 2.268892662623856263e-02 3.691726459794023585e-01 3.376383902334866849e-01 3.699269309534812256e-01 2.646044618784860192e-01 2.285034692605271422e-01 1.689199215313626767e-01 6.733730487031149015e-02
9.715872996078067647e-01 9.383394155571355144e-01 5.798469240377492895e-01 1.602482223676426232e+00 7.561224471449423667e-02 5.584128854942979059e-01 3.371688234736884837e-01 4.278764006643476225e-01 6.557331924014814239e-01 2.113331616265479163e+00 1.799812494901796178e+00 -1.419958774341169239e+01 6.516996529811806826e-02 8.015691291983121358e-01 7.435808998088282440e-01 8.029422233592116154e-01 6.044502660583846998e-01 5.328073243320251562e-01 4.095075424522177654e-01 1.793568721098932062e-01
4.186229803943224859e+00 4.121345098067395796e+00 3.308247108257858393e+00 5.235066201704160704e+00 1.099336115339926812e+00 3.250524658012276191e+00 2.547435594595572450e+00 2.863849724148774811e+00 3.502301386774376635e+00 5.935228756278213780e+00 5.516268926626238134e+00 4.240640965298117848e+00 -6.838271217621813491e+01 3.838719815849220396e+00 3.709942474320217620e+00 3.841698102515916258e+00 3.372846323923250900e+00 3.179673701753296111e+00 2.803554292056158470e+00 1.829803126753942966e+00
1.196275727383168785e+00 1.158159164507567063e+00 7.382361782812677520e-01 1.900232768467750466e+00 1.045347263645061836e-01 7.125234322425779698e-01 4.418975862321578019e-01 5.540958524799439733e-01 8.286579294745243240e-01 2.450508527068339770e+00 2.114465645979402453e+00 1.228753129198312255e+00 9.043281584922087390e-02 -1.767490132885783183e+01 9.322278285778154983e-01 1.001599351733943655e+00 7.676547413647286655e-01 6.817007856206800387e-01 5.315265559374361404e-01 2.414185820944849126e-01
1.275741604893372294e+00 1.236064902278049882e+00 7.959273295640476586e-01 2.002392668259829200e+00 1.159145602928964153e-01 7.687689383046849567e-01 4.810765600765020134e-01 6.007907775129018857e-01 8.912226589821179434e-01 2.564350562403062028e+00 2.221683390233486488e+00 1.309516899808828017e+00 1.004074743202179182e-01 1.070979828577814930e+00 -1.891262493593730909e+01 1.072653062927281020e+00 8.269667667324472893e-01 7.361766973931340718e-01 5.767635193203016764e-01 2.652267340563354558e-01
1.194481914434970315e+00 1.156401492936563580e+00 7.369436639497943808e-01 1.897909199605325226e+00 1.042849636552107828e-01 7.112639619188830808e-01 4.410259375236265655e-01 5.530539337567331737e-01 8.272537982624627029e-01 2.447909119107020359e+00 2.112022930953481037e+00 1.226929223359211285e+00 9.021410251591681362e-02 9.984023517339107867e-01 9.307040629272803622e-01 -1.764701769659501451e+01 7.663251424040530280e-01 6.804817234940097048e-01 5.305177318091616190e-01 2.408924422474001958e-01
1.501935018659689591e+00 1.458226153551502868e+00 9.645817871663083798e-01 2.285695595305931693e+00 1.518043680960695641e-01 9.335045804865209629e-01 5.985514912339343629e-01 7.393112247033888362e-01 1.072995560554726335e+00 2.875907461775807583e+00 2.517317461878485929e+00 1.539054266058384801e+00 1.319793239232513737e-01 1.275074741364728759e+00 1.195634766732447174e+00 1.276942142404053238e+00 -2.246424759679860372e+01 8.960979991763020625e-01 7.112308918318983597e-01 3.384027618951713223e-01
1.643972008225634163e+00 1.598011073441214513e+00 1.073647759538872481e+00 2.458687823414498652e+00 1.771245070166966029e-01 1.040258668478100557e+00 6.767215143580080916e-01 8.303735364386845008e-01 1.189738145991287244e+00 3.063542193123977686e+00 2.696757469260527174e+00 1.682952324332025018e+00 1.543477017532965123e-01 1.404661785620680226e+00 1.320385697393134050e+00 1.406639723494009786e+00 1.111638999176301601e+00 -2.471779193857430812e+01 7.998312206744925268e-01 3.884997868428729517e-01
1.948452573574892988e+00 1.898294306143281540e+00 1.314951408122466914e+00 2.819109846316268264e+00 2.391851058827204890e-01 1.276991230059751459e+00 8.553254654298019233e-01 1.035572041242803332e+00 1.446085333054952571e+00 3.449244437635532012e+00 3.068409921531362716e+00 1.990888542452217802e+00 2.094642920561587685e-01 1.685723555937436169e+00 1.592208519320301940e+00 1.687911731809161875e+00 1.358007891831898517e+00 1.231067220674492813e+00 -2.961374863869368212e+01 5.068552156181782564e-01
2.944566721342643856e+00 2.885203876407909096e+00 2.163299287399705673e+00 3.930019939855492250e+00 5.272412742344004810e-01 2.113845105331253471e+00 1.535386876993557026e+00 1.789912011888118437e+00 2.331465906555423739e+00 4.607220687014757843e+00 4.200607304870311864e+00 2.994517872109893286e+00 4.694931267539432795e-01 2.629395582094485206e+00 2.514451734056335486e+00 2.632066442247400495e+00 2.218959761895171301e+00 2.053515786842873059e+00 1.740635215618178133e+00 -4.628180451351185098e+01
