-3.3114719444891128	0.10564098652827575	0.2674841517960938	0.045044304468155424	0.05846946999993333	0.019274822558216293	0.11918163112696022	0.04704082987842118	0.08456446535931546	0.09853861867913108	0.1341409873301739	0.3208590099716671	0.2607211284892477	0.2750386727165879	0.24245283701534548	0.30689442146120227	0.36494988460689304	0.12445799446074061	0.1272901016026324	0.3094276264401199
3.647350986528276	-27.101109794707156	1.7906037015657865	0.5475661232442532	0.6627901972985879	0.28354264352808783	1.0833019828348522	0.5654518526897747	0.8597731552290495	0.9543030142909681	1.1702066859176363	1.9894057116592487	1.7638755376459163	1.8200184516929392	1.6896965038392602	1.9393184309270322	2.1398503740406603	1.1145292003290406	1.13102630905936	1.9484989323864248
2.5041141517960934	0.4855237015657865	-14.539685930803671	0.2379654760401799	0.2973230460329073	0.1127239852831603	0.5351160301384772	0.2470028787223399	0.4047500199153731	0.45882254656259563	0.588087490554924	1.1434154658268763	0.9811153937760297	1.0208935167138573	0.9292134021929341	1.106800997892661	1.2552709673760916	0.5540068211679919	0.5640518448128155	1.1134881944325752
4.690744304468155	1.6515561232442526	2.64703547604018	-41.48994969128534	1.1745857069268688	0.5666985491128756	1.7632731671440705	1.0275789639030428	1.4584921984337444	1.5893662426567687	1.877729488645585	2.880185019412928	2.6152791883570154	2.681865955538121	2.5265911384287083	2.8219264624042464	3.053398384158031	1.8046359518106183	1.8263794272456022	2.8326279433545216
4.373219469999934	1.4358301972985879	2.3754430460329075	0.843635706926869	-36.83797961478588	0.4648688828746972	1.5394815973100495	0.8682082683430459	1.2580319167954128	1.378368044485052	1.6462137336038198	2.599762395045444	2.3449928595928013	2.408870549224119	2.2600926193670885	2.5435898624905136	2.7672125520651214	1.577991794476337	1.5982637631250938	2.553902355728983
5.710544822558218	2.433102643528088	3.5673639852831607	1.6122685491128765	1.8413888828746972	-57.82000735446489	2.566034854536229	1.6490122653665515	2.198759735267	2.358287599561741	2.7004301132336823	3.8207123961265874	3.532579364305815	3.6054357957140004	3.435050089411431	3.757725550231079	4.006847431046436	2.6148040372654195	2.6403484586089476	3.7693107804329284
3.49867163112696	0.9210819828348525	1.6779760301384772	0.4970631671440708	0.6042215973100497	0.2542548545362288	-25.270545474980757	0.513654509296614	0.7887801504761291	0.8778900071186485	1.0825695953901187	1.8705992756589764	1.6521382566538694	1.706427795582143	1.5805089859782464	1.8219974973256352	2.0168512215072183	1.0296422221751427	1.0453144525271965	1.8309022422001797
4.638080829878421	1.614781852689774	2.6014128787223396	0.9729189639030431	1.1444982683430451	0.5487822653665506	1.7252045092966137	-40.70287511047322	1.4241827668672409	1.5533532398004937	1.8384264420289014	2.83319038263549	2.5698601917862702	2.6360248426548294	2.4817635390309416	2.7752552432991715	3.0055125692168274	1.7661108309066216	1.7876191122949998	2.7858963817516442
3.921204465359315	1.1547031552290496	2.0047600199153734	0.6494321984337444	0.7799219167954128	0.34412973526699986	1.2459301504761293	0.6697827668672417	-30.621509300595456	1.104451386048447	1.3406141991486484	2.214090028953045	1.9765051968082115	2.0358232095818765	1.8979411692662056	2.1614821968153937	2.3716121787980167	1.2800082260343044	1.2979859984723692	2.171131102325669
3.733078618679131	1.0471330142909676	1.8567325465625957	0.5782062426567691	0.6981580444850517	0.30155759956174033	1.1329400071186484	0.5968532398004939	0.9023513860484468	-28.182602306996337	1.2223116378898915	2.058949192836844	1.8295105606489974	1.8866808855526844	1.7539149745522145	2.0080429220334444	2.21169859982476	1.1650703492110568	1.1820369367257428	2.0173755485168594
3.352800987330174	0.8471566859176357	1.570117490554924	0.45068948864558506	0.5501237336038194	0.227820113233682	0.9217395953901177	0.4660464420289017	0.7226341991486482	0.8064316378898913	-23.53082770861498	1.756364660702007	1.5451943322905046	1.5975788913757922	1.47617844629516	1.7093005418026177	1.8982601536490982	0.9498088901909728	0.9646613420530535	1.7179200765123905
2.2831830099716672	0.4100197116592489	0.8691094658268768	0.19680901941292814	0.24733639504544383	0.09176639612658707	0.4534332756589761	0.20447438263549053	0.3397740289530446	0.386733192836844	0.5000286607020069	-12.518430750478352	0.8519572566273313	0.8881094782108477	0.8049212647266744	0.9664801084472981	1.1028155004226547	0.47002434313283026	0.47885828476312925	0.9725969753184702
2.5353611284892477	0.4968055376459163	1.019125393776028	0.24421918835701573	0.3048828595928015	0.115949364305815	0.5472882566538696	0.2534601917862708	0.4145051968082119	0.46961056064899775	0.601174332290505	1.1642732566273315	-14.836194918220869	1.0402817645088234	0.9474201495929345	1.1272321378100492	1.2773699447729772	0.566509419295154	0.576728201399628	1.1339980338592914
2.4701686727165875	0.47343845169293847	0.9793935167138562	0.23129595553812102	0.2892505492241187	0.10929579571399949	0.5220677955821426	0.24011484265482974	0.39431320958187605	0.4472708855526844	0.5740488913757922	1.120915478210848	0.9607717645088223	-14.220562391882815	0.9096093262577089	1.0847677212215348	1.2314118227568562	0.5406009904017558	0.5504578744982332	1.0913688476801107
2.624162837015345	0.52969650383926	1.074293402192934	0.26260113842870825	0.32705261936708846	0.1254900894114311	0.5827289859782461	0.2724335390309421	0.44301116926620565	0.5010849745522146	0.6392284462951598	1.2243072647266744	1.054490149592933	1.0961893262577096	-15.693279545297022	1.1860695493781594	1.3408783623046983	0.6028948058279674	0.6136101256401116	1.1930562561912323
2.3370244214612024	0.4277384309270324	0.9003009978926619	0.20635646240424668	0.25896986249051374	0.09658555023107909	0.47263749732563526	0.21434524329917218	0.35497219681539377	0.4036329220334446	0.5207705418026178	1.034286108447298	0.8827221378100494	0.9197677212215346	0.8344895493781596	-12.998894907394984	1.139346058083886	0.48978261910934834	0.4989085866871722	1.006257999974534
2.128240884606893	0.3614313740406599	0.7819319673760914	0.17098938415803108	0.2157535520651208	0.07886843104643568	0.4006522215072182	0.1777635692168276	0.29826317879801645	0.3404495998247595	0.44289115364909815	0.9037825004226546	0.7660209447729766	0.7995728227568561	0.7224593623046983	0.8725070580838854	-11.179146509716729	0.4156754843746822	0.4236822067861791	0.8782108139256447
3.4452379944607405	0.8935992003290402	1.6381568211679922	0.4797159518106188	0.5840217944763373	0.24431403726541948	0.9709322221751439	0.49585083090662224	0.7641482260343047	0.8513103492110574	1.0519288901909731	1.8284803431328303	1.612649419295154	1.6662509904017557	1.5419648058279676	1.780432619109348	1.9731644843746823	-24.62676652756744	1.0153729777922165	1.7892345696052363
3.4174801016026324	0.8795063090593601	1.6176118448128154	0.4708694272456023	0.5737037631250936	0.2392684586089476	0.9560144525271951	0.48676911229500053	0.7515359984723693	0.8376869367257429	1.036191342053053	1.806724284763129	1.5922782013996275	1.6455178744982335	1.5220901256401114	1.758968586687172	1.950581206786179	0.9847829777922182	-24.295297373413934	1.7677163693194524
2.3270676264401198	0.42442893238642476	0.8944981944325755	0.2045679433545221	0.25679235572898335	0.09568078043292864	0.46905224220017977	0.2124963817516447	0.3521311023256693	0.4004755485168595	0.5169000765123906	1.0279129753184724	0.8769980338592918	0.9138788476801103	0.8289862561912323	0.9937679999745255	1.1325598139256448	0.4860945696052365	0.49516636931945224	-12.909456049956267