-26.72564874885678	1.4317830241613987	1.6706613418243175	1.2139798725818889	1.300911725348563	0.06555313681407687	1.9608165843901724	1.3236903314215922	1.3120774206388335	1.2912267140956222	1.8273791015936656	1.6600878273456738	1.4349365882283	1.3712470502436764	1.3261125635953843	1.210761910499401	1.286379752416482	1.84710148166484	1.9423180021070376	1.2486243198858573
0.6652100241613985	-18.471256810268684	1.193890330590942	0.8284153695005351	0.8962706677733986	0.03575662401828188	1.4365637341799156	0.9141912626824596	0.9050478646791505	0.8886686579472867	1.324043881685175	1.1851903424060004	1.0025221167991087	0.9517890808464163	0.916100276999376	0.825920180701158	0.8848680924883381	1.3405786989403	1.4208753793722348	0.8553542244972099
0.5385303418243177	0.8283323305909419	-15.17927165619886	0.6786662389075162	0.7375834487491406	0.026587144916930195	1.2182043594450374	0.7532036719984618	0.7452308786288253	0.7309647554558293	1.1165975000249873	0.9922436579028122	0.830548712176753	0.7860546257037346	0.7548690876128704	0.6765067432676978	0.7276574752818313	1.1314831321140897	1.2039946826904189	0.702012868906665
0.8127758725818885	1.193784369500535	1.4095932389075163	-22.17913181416771	1.0769792968303107	0.04786464331061102	1.6757380398050066	1.0972321182588325	1.086902717606684	1.0683783679388992	1.552834757875502	1.3999742919399458	1.196612008758131	1.1396220738678673	1.0993877243654533	0.9971601932673012	1.0640762409346232	1.570947428923929	1.6586506859082735	1.0306177435864003
0.7495077253485628	1.1114396677733982	1.3183104487491404	0.9267792968303101	-20.604394521353655	0.0424811851643993	1.5749621859815355	1.019294012468848	1.0094520943269152	0.9918099816176619	1.456248431816014	1.309064831453965	1.1141422381362462	1.059716337298136	1.02134828764674	0.9240816914423114	0.9877142292293892	1.4737234317979078	1.558438363768233	0.9558800805039418
4.233469136814077	4.970245624018282	5.326634144916931	4.6169846433106105	4.7618011851644	-94.77493798676889	5.727698672364553	4.798864372954417	4.780012558367298	4.745935817664121	5.546941182336032	5.311420761457942	4.975140904273191	4.875150548810228	4.8027852074237	4.611515506526466	4.737971459539728	5.5740266312954985	5.702977879430505	4.675361750100912
0.4200325843901725	0.6623527341799157	0.8095513594450373	0.5361580398050064	0.5855821859815356	0.0189986723645518	-11.986726104206637	0.5987418357286621	0.5920220615636704	0.5800131137889202	0.9108798230830918	0.8028481106702444	0.6642371128630711	0.6264927405823707	0.6001462699756966	0.5343529971294706	0.5772318908479777	0.923889718799669	0.9874925839803141	0.5557022690272589
0.7339433314215917	1.09101726268246	1.2955876719984618	0.9086891182588323	0.9809510124688443	0.04120137295441653	1.5497788357286624	-20.213662301652338	0.9902826807995965	0.9728659486567778	1.432153235877938	1.286438451685743	1.0936877519535095	1.0399189391822556	1.0020283695759642	0.9060277348569404	0.9688228961220567	1.4494628425850602	1.533401589394222	0.9374032554490066
0.7418284206388336	1.101371864679151	1.307112878628825	0.9178577176066849	0.9906070943269144	0.04184755836729769	1.5625570615636706	1.009780680799597	-20.411781622439747	0.9824686622591342	1.4443772165596194	1.2979145881126837	1.1040586737761624	1.049955627558743	1.011822224297996	0.915177920743297	0.9783988130459189	1.4617710535742783	1.5461051469343836	0.9467684189665568
0.7562477140956224	1.1202626579472865	1.3281167554558297	0.934603367938899	1.0082349816176652	0.04304081766412001	1.5858181137889202	1.0276339486567767	1.017738662259135	-20.773177174436306	1.466640459279501	1.3188299715406016	1.1229789550820297	1.0682718257621768	1.0296993190142152	0.93189023250544	0.9958816691189005	1.484185998236456	1.5692318296471963	0.9638698948255344
0.4704671015936657	0.7337048816851748	0.8918165000249871	0.5971267578755018	0.6507404318160139	0.022113182336032634	1.0947518230830915	0.6649882358779379	0.6577142165596194	0.6447074592795009	-13.36055116937586	0.8846417419548436	0.7357367315184722	0.6949974882738642	0.666508139398813	0.5951655533551559	0.641693798236145	1.0138543964231739	1.0814753015005067	0.6183474285833619
0.5435098273456741	0.8351853424060005	1.007796657902818	0.6846002919399458	0.7438908314539648	0.026926761457941727	1.2270541106702446	0.7596074516857433	0.7515855881126838	0.7372309715406017	1.1249757419548434	-15.310858413800592	0.8374146248272094	0.7926577288408184	0.7612830828207383	0.6824268127883157	0.7339030487897006	1.139932438264511	1.2127803709998428	0.7080967299989918
0.6633235882283001	0.9974821167991241	1.1910667121767529	0.8262030087581308	0.8939332381362461	0.03561190427319119	1.433408112863071	0.911821751953509	0.9026946737761619	0.8863449550820292	1.3210357315184724	1.1823796248272096	-18.423029510040116	0.9493535085002298	0.9137273715987327	0.8237125302561203	0.8825512787469899	1.3375482008234492	1.4177396833810585	0.853091518341339
0.7026970502436763	1.0498120808464164	1.2496356257037344	0.8722760738678677	0.9425703372981351	0.038684548810227454	1.4987267405823705	0.9611159391822542	0.9516546275587425	0.9347008257621768	1.3833594882738642	1.2406857288408188	1.05241650850023	-19.425058872324037	0.9630910743958727	0.8696889560658213	0.9307659908353324	1.400326139717221	1.4826539697961039	0.9001971660431719
0.7323115635953845	1.0888722769993762	1.2931990876128703	0.9067907243654533	0.97895128764674	0.041068207423699474	1.5471292699756967	0.9979743695759352	0.988270224297993	0.970877319014216	1.4296191393988131	1.284060082820738	1.0915393715987325	1.0378400743958736	-20.17261879423379	0.9041331677897789	0.966839837306529	1.446911200974081	1.5307675825395823	0.9354640069022992
0.8152429104994009	1.1969741807011585	1.413118743267698	1.0028451932672908	1.079966691442311	0.048080506526465214	1.6796179971294707	1.1002557348569402	1.0899079207432967	1.0713502325054396	1.5565585533551558	1.4034858127883154	1.1998065302561203	1.1427199560658214	1.1024151677897793	-22.240111487767244	1.0670403042321632	1.5746950205419918	1.6625096627394722	1.0335203690589518
0.759648752416482	1.1247100924883386	1.3330574752818316	0.9385492409346237	1.012387229229391	0.04332445953972766	1.5912848908479778	1.0318388961220573	1.0219168130459184	1.004129669118905	1.471874798236145	1.3237500487897005	1.1274332787469905	1.0725849908353327	1.0339098373065287	0.9358283042321628	-20.858250799896012	1.4894556873501104	1.5746673159163749	0.9678990194574137
0.46260748166483995	0.7226576989403002	0.8791201321140899	0.587657428923929	0.6406334317979077	0.021616631295497995	1.0801797187996685	0.6547158425850602	0.6475260535742784	0.6346709982364558	0.9862723964231741	0.8720164382645111	0.7246672008234493	0.6843821397172213	0.656218200974081	0.5857200205419921	0.6316926873501106	-13.1479956541061	1.067018386421692	0.6086227656578437
0.4266540021070374	0.6717843793722351	0.820461682690419	0.5441906859082738	0.5941783637682329	0.01939787943050444	1.0126125839803146	0.6074845893942222	0.6006901469343836	0.5885468296471963	0.922723301500507	0.813694370999843	0.6736886833810584	0.6355399697961036	0.6089045825395821	0.5423646627394724	0.5857343159163745	0.9358483864216914	-12.168459675576589	0.5639602590491367
0.7867973198858572	1.1601002244972096	1.3723168689066652	0.9699947435863987	1.0454570805039411	0.045618750100911265	1.634659269027259	1.0653232554490057	1.0551904189665555	1.0370218948255343	1.513432428583362	1.3628477299989914	1.1628775183413391	1.1069201660431722	1.067438006902299	0.9672123690589509	1.0328030194574136	1.5312897656578437	1.6177972590491363	-21.53509808884185