-1.952660068122006365e+01 8.595179230060415732e-01 1.042027259575082354e+00 1.270653237524164592e+00 1.266823125370805325e+00 6.903927717765308003e-01 9.730161635686891408e-01 1.095355234972574365e+00 1.071627043537616508e+00 1.316418087528577141e+00 1.578512891086199410e+00 1.024953670912735593e+00 1.116570721586977871e-01 1.050584699742983519e+00 1.025040075677613238e+00 1.027354462995039963e+00 9.605361964731726765e-01 8.531063200399821023e-01 1.081421079427044019e+00 1.227603365846517303e+00
1.155013923006041665e+00 -2.261167558016686741e+01 1.201106648360995788e+00 1.449833151273490994e+00 1.445692307248677810e+00 8.112215682532643024e-01 1.125353767645730807e+00 1.259419287164956103e+00 1.233496703741368883e+00 1.499247277754210739e+00 1.780154614394257484e+00 1.182396342913431653e+00 1.387936909031178001e-01 1.210476880025455060e+00 1.182491081535196109e+00 1.185028501199163031e+00 1.111618100451980951e+00 9.928884384467018265e-01 1.244201014686403761e+00 1.403242281162423222e+00
9.591182595750818995e-01 8.227016483609959074e-01 -1.871075329142209043e+01 1.222909090180472891e+00 1.219168036567628066e+00 6.590029000538083492e-01 9.328865715994547614e-01 1.051918549942556069e+00 1.028811495790883157e+00 1.267626399439190976e+00 1.524272625138155757e+00 9.833880172778725060e-01 1.049615261807687328e-01 1.008327990902618376e+00 9.834720731044902520e-01 9.857235920673521612e-01 9.207589714670543213e-01 8.164847238531319773e-01 1.038347999934049026e+00 1.180872819986524602e+00
7.708142375241646693e-01 6.544981512734909801e-01 8.059790901804727570e-01 -1.493851556474734821e+01 9.967136080307212875e-01 5.171760546211570109e-01 7.483234707408474851e-01 8.508312145803843540e-01 8.308427843027854642e-01 1.039358186366117875e+00 1.267789302388725892e+00 7.916736586393323671e-01 7.652900949134891495e-02 8.131591412881780112e-01 7.917459870032337310e-01 7.936835884510289318e-01 7.379449459490653451e-01 6.492364277545833451e-01 8.390871152579434389e-01 9.631295909037675962e-01
7.735641253708052112e-01 6.569373072486776044e-01 8.088180365676284067e-01 1.003293608030732642e+00 -1.499379318993658750e+01 5.192131339894761055e-01 7.510152454378584697e-01 8.537806606871277681e-01 8.337434065923476911e-01 1.042736996911522995e+00 1.271621191697771547e+00 7.944766368626646758e-01 7.691625904788583490e-02 8.160160068910905506e-01 7.945491479791951805e-01 7.964916417719680730e-01 7.406095940737728034e-01 6.516609103032685590e-01 8.420079563150475455e-01 9.663413241577454293e-01
1.390680771776530822e+00 1.216013568253264454e+00 1.442199900053808603e+00 1.717303054621156955e+00 1.712760133989475797e+00 -2.728091001322498244e+01 1.357431358368140994e+00 1.507123533073404076e+00 1.478296323973659954e+00 1.771425975252295393e+00 2.076221807512944384e+00 1.421308718751377986e+00 1.855510942577963396e-01 1.452651283004442906e+00 1.421414574741382664e+00 1.424249471105403897e+00 1.342006969821682993e+00 1.207945107930688877e+00 1.490206619092955043e+00 1.666119747644567717e+00
1.027478163568689373e+00 8.843197676457311696e-01 1.070257571599455115e+00 1.302624470740847418e+00 1.298736245437858372e+00 7.116053583681409833e-01 -2.007441006165835518e+01 1.124509802040655204e+00 1.100374448727427401e+00 1.349072480557353071e+00 1.614708963876211101e+00 1.052880995265048858e+00 1.162644061844345933e-01 1.078965565344024435e+00 1.052968942171676803e+00 1.055324602933248812e+00 9.872883229951321393e-01 8.777797342734974251e-01 1.110337329843046561e+00 1.258912890085875258e+00
9.103462349725746083e-01 7.789142871649562538e-01 9.498185499425566558e-01 1.165661214580384852e+00 1.162030660687127792e+00 6.218265330734040752e-01 8.850388020406553258e-01 -1.773608538650600153e+01 9.776588943281666610e-01 1.209077781756394687e+00 1.458928293847075341e+00 9.337747785486892882e-01 9.722039888963865395e-02 9.578639708340761505e-01 9.338559438511905286e-01 9.360300957625925511e-01 8.733438775810746790e-01 7.729353770139120172e-01 9.868779034627637170e-01 1.124881788168767383e+00
9.316380435376169222e-01 7.980117037413687608e-01 9.717314957908848028e-01 1.190692784302785467e+00 1.187013406592347664e+00 6.380193239736596800e-01 9.059234487274279157e-01 1.022678894328164168e+00 -1.816177222433936223e+01 1.234684215368995641e+00 1.487542225337403767e+00 9.554372769007194455e-01 1.005670257087020319e-01 9.799014813495123821e-01 9.555197161233526248e-01 9.577279659242898813e-01 8.940379612171245327e-01 7.919281051976407859e-01 1.009359016131612830e+00 1.149358134085754379e+00
7.388690875285771620e-01 6.262022777542108898e-01 7.729863994391910076e-01 9.616481863661163754e-01 9.584469969115217980e-01 4.935889752522955587e-01 7.170614805573531925e-01 8.165377817563949092e-01 7.971242153689958032e-01 -1.429590148185169696e+01 1.223068441291360164e+00 7.591041261031474807e-01 7.209012370125955638e-02 7.799555906968445029e-01 7.591743047164992708e-01 7.610543555412896399e-01 7.070017417331873055e-01 6.211126617905717850e-01 8.051305117191536187e-01 9.257442236237251043e-01
5.837538910861993502e-01 4.898996143942577763e-01 6.124226251381560404e-01 7.728693023887260871e-01 7.701211916977713789e-01 3.811748075129441360e-01 5.654879638762111416e-01 6.491782938470753717e-01 6.327722253374035155e-01 8.058584412913601946e-01 -1.116224114783229560e+01 6.007439306476973773e-01 5.208146324662407678e-02 6.182924531493420028e-01 6.008029234502735294e-01 6.023834868759292416e-01 5.570777548878153018e-01 4.856907873813837706e-01 6.395339971951167213e-01 7.420959944280087761e-01
9.754546709127344117e-01 8.374013429134319342e-01 1.016798017277872113e+00 1.242013658639332441e+00 1.238236636862664719e+00 6.715217187513777830e-01 9.489199952650493319e-01 1.069284778548689196e+00 1.045927276900720182e+00 1.287154126103147611e+00 1.546003930647697366e+00 -1.903688812521560791e+01 1.076143344384799527e-01 1.025218491339398241e+00 1.000085002408215296e+00 1.002361856532644646e+00 9.366504793814900420e-01 8.311061027656690969e-01 1.055567613129813731e+00 1.199568092397182095e+00
3.579088072158697731e+00 3.310728690903117943e+00 3.655301526180768423e+00 4.043799009491348961e+00 4.037606259047885615e+00 2.952694094257796387e+00 3.529233406184434596e+00 3.749660398889638646e+00 3.707987025708701978e+00 4.117070123701259021e+00 4.514271463246624094e+00 3.624544334438479787e+00 -7.024890477904573061e+01 3.670614995277366344e+00 3.624700682820530151e+00 3.628885887283126888e+00 3.505920215434905618e+00 3.297919962492131596e+00 3.725247319868508544e+00 3.973631311660408727e+00
9.510656997429837167e-01 8.154618800254550548e-01 9.917179909026224705e-01 1.213479141288178020e+00 1.209756006891090641e+00 6.528442830044430822e-01 9.249845653440247339e-01 1.043353970834076661e+00 1.020371481349509502e+00 1.257985590696844680e+00 1.513532453149341706e+00 9.751984913393979548e-01 1.036649952773661260e-01 -1.854993400627494538e+01 9.752820766319852952e-01 9.775210016515747391e-01 9.129274685846797688e-01 8.092838169230892609e-01 1.029856346097925979e+00 1.171646746540352169e+00
9.753710756776112767e-01 8.373260815351962760e-01 1.016712073104492076e+00 1.241915987003233912e+00 1.238139147979195220e+00 6.714575747413823459e-01 9.488379421716779394e-01 1.069195943851190878e+00 1.045839716123353691e+00 1.287054304716499287e+00 1.545892923450273404e+00 9.999150024089263900e-01 1.076006828205303828e-01 1.025132076631984246e+00 -1.903521967127774417e+01 1.002276725207749353e+00 9.365691487045840757e-01 8.310312403608881571e-01 1.055479524179567141e+00 1.199472500609409353e+00
9.731354629950383917e-01 8.353135011991633663e-01 1.014413592067351599e+00 1.239303588451028837e+00 1.235531641771967726e+00 6.697424711054039692e-01 9.466436029332485624e-01 1.066820095762593068e+00 1.043497965924291115e+00 1.284384355541289713e+00 1.542923486875929173e+00 9.976418565326257148e-01 1.072358872831271626e-01 1.022821001651571748e+00 9.977267252077191007e-01 -1.899059813190006096e+01 9.343941436505683873e-01 8.290293366534663422e-01 1.053123636933637641e+00 1.196915779360039567e+00
1.040530196473172131e+00 8.961161004519812012e-01 1.083661971467054341e+00 1.317777945949065499e+00 1.313862594073772927e+00 7.217129698216827594e-01 1.012820322995130251e+00 1.138346877581074557e+00 1.114020961217124572e+00 1.364544741733187294e+00 1.631830754887815482e+00 1.066143479381489456e+00 1.184832154349058503e-01 1.092440468584679802e+00 1.066232148704583826e+00 1.068607143650567970e+00 -2.033446790547111149e+01 8.895157342824615565e-01 1.124062874890591202e+00 1.273757403890772855e+00
1.162859320039982380e+00 1.007145438446700458e+00 1.209146723853131933e+00 1.458828427754583545e+00 1.454672910303268729e+00 8.174101079306892448e-01 1.133070734273497360e+00 1.267697377013911719e+00 1.241670105197641094e+00 1.508414661790571820e+00 1.790202787381383942e+00 1.190358102765669335e+00 1.402419624921316388e-01 1.218555816923089230e+00 1.190453240360888509e+00 1.193001336653466637e+00 1.119274734282461603e+00 -2.276749181884991913e+01 1.252417860487496926e+00 1.412070170899347721e+00
9.227720794270435345e-01 7.900560146864034072e-01 9.626079999340497739e-01 1.180277115257943210e+00 1.176617956315047619e+00 6.312696190929550921e-01 8.972263298430466216e-01 1.013237903462765432e+00 9.906990161316173715e-01 1.224030511719153669e+00 1.475643997195116519e+00 9.464176131298132066e-01 9.916731986850835234e-02 9.707263460979262959e-01 9.464995241795666203e-01 9.486936369336378405e-01 8.854198748905912630e-01 7.840158604874970516e-01 -1.798455113180276399e+01 1.139172413150082441e+00
8.024343658465173945e-01 6.825772811624235548e-01 8.386128199865247046e-01 1.037799590903765612e+00 1.034431324157744747e+00 5.406627476445677871e-01 7.792818900858753395e-01 8.847217881687674534e-01 8.641781340857542792e-01 1.078124223623725397e+00 1.311685994428008817e+00 8.238980923971818138e-01 8.103131166040858369e-02 8.459967465403520626e-01 8.239725006094095194e-01 8.259657793600395648e-01 7.685944038907726039e-01 6.771481708993478676e-01 8.726524131500825732e-01 -1.557376957860126865e+01
