-33.35961349701989	1.9221236142728146	5.565639221660126	0.8174035793499352	0.8230667943508492	1.0701001920221425	1.1383398047626039	1.4664230144207138	1.8642299342035757	3.084762350594829	5.530411661734341	1.482836413548097	1.6204177099288715	2.599273314015081	1.4836722447089221	2.7515469358194915	5.4170869597466214e-6	0.003498476148770388	0.04635521407488677	0.08950760431688058
0.43401361427281404	-19.2368219831039	4.127253566653633	0.3388190809953474	0.34167914450644815	0.4721539894561931	0.5101068266836847	0.7034895029422794	0.9606403477761717	1.8798391836418284	4.0933770742173365	0.7136223204527998	0.8002067106961027	1.493273324238942	0.7141394558863656	1.6118296064024256	1.3459769324653051e-6	0.0009423539230419472	0.013739056831523362	0.027695477550031853
0.021769221660125796	0.07149356665363363	-1.904685792028932	0.015748653084877298	0.01592005888211582	0.02436405192417906	0.027050362608934102	0.04238106504876549	0.0672190374145627	0.2048902725531557	0.982167278898221	0.04326161672637757	0.05110854229271237	0.1367750029349455	0.04330676660366642	0.15596533784952107	2.9113143417347943e-8	0.00002352951687477447	0.00039541311551800136	0.000845985147602443
1.207953579349934	2.2174790809953473	5.950168653084877	-37.852262407425776	1.0065040399939083	1.2869016457747207	1.3633271676720258	1.7256131323103627	2.1555971043021747	3.434195092372862	5.914766851321842	1.7435376815207186	1.8931268812111002	2.931205522351093	1.7444500018268931	3.0896128940415983	7.794402137805527e-6	0.004908749743620989	0.0630021150750952	0.11990442007547057
1.200636794350849	2.2073591445064484	5.937360058882115	0.993524039993905	-37.69802603039771	1.279294376953572	1.3554524823246006	1.7166350321675068	2.145601798528113	3.4224194873295177	5.901963263864051	1.7345113519431479	1.8837189012678657	2.9199583841159984	1.735421232228233	3.0781796761565023	7.700804549586311e-6	0.0048540122292757846	0.06236895081968413	0.11875934193177691
0.9330301920221414	1.8231939894561933	5.431164051924178	0.7592816457747209	0.7646543769535721	-31.857337275585184	1.065323255449006	1.3810057267864866	1.7668118477061363	2.964742745922769	5.396010648090035	1.3968629908039156	1.5299994259885559	2.4862094676700166	1.3976706533126264	2.6360607924561705	4.766886473649385e-6	0.0031044965006421284	0.041565852243824745	0.08064034963771999
0.8733498047626036	1.7332268266836852	5.305930362608934	0.7077871676720263	0.712892482324601	0.9374032554490056	-30.491236905722722	1.3039846359382004	1.6783036731411811	2.854104212912405	5.270853190617798	1.3193132615398153	1.448211876778766	2.382457658746356	1.3200941387697522	2.5299190791167465	4.230364929747695e-6	0.0027761954148908244	0.037521005591505514	0.07310384728952013
0.6448330144207133	1.3700095029422799	4.764661065048765	0.5134731323103628	0.5174750321675068	0.6964857267864868	0.7473846359381998	-24.960357644143777	1.3218953822833674	2.3902068923395996	4.7300098289457955	1.0129605123920051	1.1227233144379425	1.9530475975273045	1.0136212904486912	2.0886590160670258	2.514103909769756e-6	0.0017021755706532948	0.023882449216659364	0.04732456119650737
0.45589993420357533	1.0404203477761715	4.202759037414562	0.3567171043021752	0.359701798528113	0.49555184770613664	0.5349636731411807	0.7351553822833676	-19.870323652096488	1.9379662662791417	4.168771185490238	0.7456187276134714	0.834931275397615	1.5448601149436212	0.746152666683717	1.6656002704929294	1.4506281569051146e-6	0.0010117587035498986	0.01468813094714158	0.029552679561625
0.16669435059482904	0.4498811836418288	2.8306922725531556	0.12557709237286277	0.12678148732951763	0.18374474592276904	0.201026212912405	0.2937288923395996	0.42822826627914173	-10.12303530043764	2.799994050919616	0.2987925747215384	0.34286647326232733	0.7434613449421184	0.2990515384828865	0.8198020493097768	3.5035874406067505e-7	0.00026061403573684235	0.004052141157258964	0.008399659301528804
0.022421661734340678	0.07349707421733698	1.0180472788982184	0.0162268513218419	0.016403263864050957	0.02509064809003562	0.027853190617796706	0.0436098289457959	0.06911118549023798	0.21007205091961575	-1.9657254189394537	0.04451442285634607	0.05257379321465985	0.14039777997111166	0.04456080434975065	0.16003930886441603	3.0123524681022595e-8	0.000024322994960390683	0.0004084103641288955	0.0008735121012843489
0.6354364135480965	1.3543323204528002	4.739731616726377	0.5055876815207188	0.5095413519431481	0.6865329908039156	0.736903261539815	0.9871505123920075	1.3065487276134713	2.3694605747215385	4.705104422856346	-24.72042135975779	1.108859543892261	1.9340781974001684	1.0006551430083657	2.069084167343129	2.454087367627333e-6	0.0016638221725624152	0.02338191290870379	0.0463662448269939
0.5626677099288709	1.230566710696103	4.537228542292712	0.4448268812111003	0.4483989012678656	0.6093194259885559	0.6554518767787655	0.8865633144379422	1.1855112753976151	2.2031844732623274	4.50281379321466	0.8985095438922608	-22.82001904060024	1.782853247652166	0.899118827485605	1.9127500811812908	2.0152430442370926e-6	0.001381336860290017	0.01966072517049244	0.03921035863856989
0.24743531401508045	0.6295453242389422	3.328807002934946	0.18881752235109373	0.19055038411599878	0.271441467670017	0.29560965874635603	0.42279959752730434	0.6013521149436213	1.3096913449421186	3.2965497799711114	0.4296401974001687	0.4887652476521659	-13.244916330992728	0.42998976207405426	1.0933266714128909	5.974969188395167e-7	0.00043461908243600374	0.006604067950573915	0.013555656466931151
0.6349622447089213	1.3535394558863658	4.738466766603667	0.5051900018268933	0.5091412322282329	0.6860306533126266	0.7363741387697519	0.9865012904486907	1.305772666683717	2.3684095384828865	4.703840804349751	0.99934514300833	1.1081588274856042	1.933117762074054	-24.70828262260183	2.0680928745887845	2.451079515655039e-6	0.0016618983366266408	0.02335677736251752	0.046318095364891274
0.21852393581949103	0.566916606402426	3.166812337849521	0.16603989404159814	0.16758667615650233	0.24010779245617084	0.2618860791167462	0.3772260160670261	0.5409072704929291	1.204847049309777	3.1350063088644156	0.38346116734312885	0.4374770811812908	0.9121416714128908	0.38377987458878493	-12.180381663418462	5.037393008145406e-7	0.00036912975108818334	0.005652160008293488	0.011640108817081619
14.82207541708696	16.31018134597693	20.365940029113144	14.431527794402138	14.444507700804548	14.959144766886473	15.087064230364929	15.643662514103909	16.230401450628154	17.740138350358745	20.330060030123526	15.669472454087368	15.879822015243045	17.173908597496922	15.670782451079516	17.3550935037393	-290.51818784711014	7.131136365827979	10.212884896769308	11.06038393301731
7.700168476148771	9.185722353923042	13.240563529516876	7.311028749743622	7.323954012229276	7.8368444965006425	7.964436195414891	8.519962175570654	9.106011758703552	10.614998614035738	13.20468432299496	8.545733822172563	8.755801336860289	10.048942619082437	8.547041898336628	10.23006212975109	0.0057363658279801985	-155.389682036358	3.2347221637157815	4.013267015829219
4.655915214074885	6.111409056831524	10.15382541311552	4.282012115075095	4.294358950819683	4.788195852243825	4.912071005591504	5.4550324492166595	6.032578130947141	7.53168014115726	10.117958410364128	5.480341912908703	5.686970725170492	6.968002067950573	5.481626777362517	7.148235160008293	0.0003748967693088458	0.14761216371578084	-100.73122824507753	1.4830278017546181
3.8513676043168803	5.277665477550032	9.306575985147603	3.4912144200754707	3.5030493419317765	3.97957034963772	4.09995384728952	4.630774561196508	5.199742679561624	6.68832765930153	9.270723512101286	4.655626244826994	4.85882035863857	6.12725365646693	4.656888095364891	6.306523108817083	0.0001739330173099393	0.07845701582921778	0.6353278017546186	-86.61803565282557