-21.169039604777137	0.9018422172088051	1.9413056556072779	2.0256714754652787	2.239767584228724	1.0638533066170852	1.0240238539589441	1.389722429688621	0.8324103515720448	0.9844603372238363	1.4105055973062879	0.980771349536558	0.7534508102148925	1.0833578471438592	0.443916363389664	0.7996143852395752	0.6473435634438689	0.4814191614559277	0.6879793987269831	1.4776239167488976
1.1050342172088052	-23.314917235777603	2.093255763650064	2.1805524907875773	2.401387450137662	1.1731106571116225	1.1306692778650456	1.5178473481908612	0.9254025381821176	1.0884376869015893	1.5396972421576247	1.0844960936036503	0.8402403944419334	1.1938679044732579	0.5024131230240935	0.8900741403237012	0.7251985653405678	0.5437309213701265	0.7693414780393059	1.6101599429680031
0.4270196556072781	0.3757777636500646	-9.111665462860888	1.0579239618051026	1.2092654003966068	0.46128066652879335	0.43982502062212386	0.6470443924216311	0.3405975504644409	0.4187914846626657	0.6594904578662706	0.416844542533841	0.301689462513027	0.471889377936847	0.16108278247972982	0.3242934093737691	0.2512989857553232	0.17705640349832438	0.270335923791364	0.7001582209536845
0.3976914754652785	0.3493804907875771	0.9442299618051037	-8.468327399168254	1.1460756081847654	0.4300556980443827	0.40978217510290726	0.6063186757651771	0.3162816412929059	0.3899261918809586	0.6181715202113363	0.38808920276643677	0.27974550052157343	0.4400868590410613	0.1484163833137953	0.3009622330413049	0.2325446721586377	0.163273012057656	0.25036027530813887	0.6569358224192591
0.332609584228724	0.29103745013766197	0.8163934003966069	0.8668976081847649	-7.025563170198063	0.36058896560903775	0.34305034769045983	0.5146147980528532	0.262696771091195	0.3259115556135529	0.5250641876969396	0.32432791656323656	0.23155483060480014	0.36928133393228607	0.1210192826577386	0.24962049763029828	0.19155909409269786	0.13339957920758738	0.2066225342469226	0.5593134325606975
0.9387543066170848	0.844819657111623	1.8504676665287938	1.932936698044383	2.142647965609038	-19.9114428945126	0.9617845671586809	1.3140867349579826	0.7785417640514799	0.9238655464001715	1.3341971634751604	0.9203320344719855	0.7033485310567285	1.0187289847933658	0.41070469865845066	0.7472862690525124	0.6026265831109289	0.4459579259563008	0.641154155412143	1.3992016420457858
0.9763548539589421	0.8798082778650457	1.906442020622124	1.9900931751029072	2.20253934769046	1.039214567158681	-20.684115269284277	1.3606062058639423	0.8115813656066979	0.9610633583141013	1.3811343204584325	0.9574336571509852	0.7340625774472507	1.0584237790134934	0.43101495908651805	0.7793744413146803	0.6300189622040696	0.46765133303110634	0.6698464152482846	1.447451652146553
0.6909934296886212	0.6159263481908612	1.4626013924216312	1.5355696757651771	1.7230437980528532	0.7404567349579824	0.7095462058639422	-14.762055326012687	0.563568916911084	0.6790298852078653	1.016929470623373	0.6761941634175554	0.5048104623761556	0.7556616476383915	0.28339314897504125	0.5390601159747813	0.42723603555430795	0.30939282605653323	0.4567507756724849	1.0718902926640452
1.1887023515720456	1.0785025381821176	2.211175550464441	2.300553641292906	2.526146771091195	1.2599327640514801	1.2155423656066984	1.618589916911084	-25.015823337306024	1.1713143259051586	1.6412185223524065	1.1671834243262358	0.9101205688402029	1.2816228833352694	0.550370268980099	0.9627493468715695	0.7882286526813604	0.5946843704419117	0.8350682438918648	1.714116830507981
1.0157023372238396	0.9164876869015895	1.9643194846626655	2.049148191880959	2.2643115556135527	1.0802065464001709	1.0399743583141006	1.4090008852078653	0.8462643259051584	-21.49067411344319	1.429950287844248	0.9962721438477754	0.7663571463928902	1.0999044327707075	0.45253870647866395	0.8130810897568105	0.6588901673689788	0.4906153947800245	0.7000589875641159	1.4975903845290768
0.6781065973062882	0.6041062421576248	1.4413774578662706	1.5137525202113362	1.6998231876969396	0.7268971634751603	0.6964043204584328	0.9832594706233769	0.5525275223524062	0.6663092878442484	-14.490872229965625	0.6635131741396835	0.49467933162707817	0.7418998750657065	0.2770914956033057	0.5283935901439957	0.4183701769521165	0.3026044777611481	0.44739460783764334	1.0543617308428639
1.019478349536557	0.9200110936036511	1.9698375425338408	2.054776202766437	2.2701929165632366	1.0841380344719855	1.0438096571509858	1.4136301634175554	0.8495984243262356	1.003737143847775	1.4346191741396832	-21.567973165228018	0.7694644432410828	1.103882089281133	0.4546186499593444	0.8163225209884998	0.6616717516832715	0.4928331639542608	0.7029682839791059	1.5023835597833757
1.2952328102148924	1.1788303944419332	2.357757462513027	2.449507500521573	2.6804948306048	1.3702295310567285	1.3235135774472502	1.7453214623761555	1.0956105688402025	1.2768971463928902	1.7688603316270781	1.2725394432410826	-27.172377353963913	1.393030617081977	0.6131306871220699	1.0560288632155317	0.8697212336228988	0.6611997761284779	0.9198716807289565	1.8445994367863874
0.9210318471438599	0.828349904473258	1.823849377936847	1.9057408590410614	2.114113333932286	0.9815019847933647	0.9437667790134945	1.2920646476383912	0.763004883335269	0.906336432770708	1.3119728750657065	0.9028490892811327	0.688922617081977	-19.546564818654584	0.4012199700932005	0.7322041867694952	0.5897834530788745	0.435819073709726	0.6276921985326677	1.376341304963268
1.8955383633896639	1.7508431230240933	3.126990782479729	3.2280183833137954	3.4797992826577384	1.9874256986584502	1.9303059590865181	2.4337441489750407	1.6457002689800986	1.8729187064786639	2.4611124956033055	1.8675336499593442	1.5229706871220698	2.015167970093201	-39.20006431958249	1.5951532021322143	1.3520150230084662	1.0677334758760286	1.4183671240580782	2.548725974685987
1.2313563852395755	1.1186241403237014	2.270321409373769	2.3606842330413054	2.5885204976302987	1.3041272690525125	1.2587854413146806	1.6695311159747812	1.0381993468715698	1.213581089756811	1.6925345901439959	1.2093575209885001	0.9459888632155325	1.3262721867694955	0.5752732021322148	-25.880430290215852	0.8206943016877518	0.6210991380443819	0.8688759277785834	1.766603630876388
1.4620855634438692	1.336748565340568	2.5803269857553235	2.6752666721586382	2.913459094092698	1.5424675831109291	1.4924299622040695	1.9407070355543081	1.2466786526813605	1.442390167368979	1.9655111769521165	1.4377067516832718	1.1426812336228986	1.5668514530788749	0.7151350230084664	1.203694301687752	-30.53333011637057	0.7689372514822225	1.0550650525333232	2.045187590610903
1.8005011614559279	1.6596209213701267	3.0104244034983245	3.1103350120576567	3.3596395792075877	1.8901389259563008	1.8344023330311068	2.3272038260565333	1.5574743704419118	1.778455394780025	2.354085477761148	1.773208163954261	1.4384997761284781	1.9172270737097261	0.9351934758760289	1.508439138044382	1.2732772514822226	-37.30565455722907	1.3373312918642284	2.440196980553095
1.3945413987269832	1.2727114780393054	2.4911839237913638	2.5849022753081385	2.820342534246923	1.4728151554121427	1.4240774152482845	1.8620417756724847	1.1853382438918645	1.3753789875641156	1.886355607837643	1.3708232839791057	1.0846516807289563	1.4965801985326674	0.6733071240580781	1.1436959277785832	0.9468850525333223	0.7248112918642279	-29.174951212283332	1.964507857069143
0.6384029167488975	0.5677469429680032	1.375223220953684	1.445694822419259	1.6272504325606973	0.6850796420457853	0.6558996521465529	0.9313982926640454	0.5186038305079809	0.6271273845290768	0.9475397308428628	0.6244555597833754	0.4635964367863874	0.6994463049632679	0.257882974685987	0.4956406308763877	0.3912245906109027	0.28189398055309484	0.41872485706914314	-13.652832203715391