-2.069849760543700867e+01 7.640631997916484952e-01 1.031633688070517918e+00 1.217545333125098717e+00 1.654875746795278602e+00 7.362106109629910078e-01 6.783590019427694351e-01 9.211472566274134799e-01 1.092436759381621991e+00 1.031237641213149425e+00 1.063102950443128192e+00 6.176383521045456515e-01 4.038092057460538897e-01 1.104907706815788648e+00 8.578421923188520593e-01 1.958561653122846025e+00 2.238354612746201067e+00 8.880868762306503017e-01 9.183905451590410607e-01 1.520294272839411764e+00
1.280128199791648491e+00 -2.636911354860805190e+01 1.317090767022971232e+00 1.531867919647417198e+00 2.023406495634360702e+00 9.663559838353146247e-01 8.960381275236091181e-01 1.187411754820338006e+00 1.387782339437205525e+00 1.316628798608636464e+00 1.353734922942614327e+00 8.215588484320677232e-01 5.528663735563065229e-01 1.402225771169392399e+00 1.112340592463275879e+00 2.355935987688477784e+00 2.657383535998751878e+00 1.148280073887916197e+00 1.184154797956558536e+00 1.873922258191187629e+00
9.690196880705165272e-01 7.384117670229715102e-01 -2.006714433200241743e+01 1.182331143215393343e+00 1.612741637277220308e+00 7.112458519696212011e-01 6.548632221779202567e-01 8.918558215800912459e-01 1.059584385753854496e+00 9.996120501814579340e-01 1.030832511543831931e+00 5.957494331477434235e-01 3.881771376315121258e-01 1.071811261169677731e+00 8.299717870319958113e-01 1.912634118885135237e+00 2.189523680044599185e+00 8.595300971925423639e-01 8.891597557355579440e-01 1.480088982370774575e+00
8.100533331250988622e-01 6.083109196474173475e-01 8.374531432153933252e-01 -1.680999677864113551e+01 1.391364571582995424e+00 5.848213096773652309e-01 5.362702769012309689e-01 7.421024917798099141e-01 8.903347203310049141e-01 8.371096209306454483e-01 8.647874813938006833e-01 4.856716643411616019e-01 3.107392061515322212e-01 9.012153536170455226e-01 6.879236964766084483e-01 1.669371146827308250e+00 1.929260004921736993e+00 7.137655907857642923e-01 7.397361327752960403e-01 1.269706114159919963e+00
5.459837467952785017e-01 3.984494956343608285e-01 5.664636372772203776e-01 6.899645715829956227e-01 -1.131079986470484933e+01 3.816663598146861625e-01 3.472561768791750381e-01 4.956373423872271200e-01 6.062715015349667835e-01 5.662062493985421385e-01 5.869943768700650599e-01 3.118089559769336994e-01 1.928141213683741140e-01 6.145073672918925922e-01 4.559623253564151768e-01 1.229696259681769099e+00 1.450543690839092292e+00 4.748334681144402714e-01 4.938956697845114929e-01 9.018445481169028444e-01
1.320335610962991124e+00 1.034415983835314412e+00 1.357984851969620932e+00 1.576438309677365313e+00 2.074683359814685879e+00 -2.717845128143364519e+01 9.280100669780277922e-01 1.225820978816132945e+00 1.429944039351443763e+00 1.357514404221734861e+00 1.395293451532831908e+00 8.516687041564680039e-01 5.753705620155589173e-01 1.444639299891574913e+00 1.149210341700363402e+00 2.410674504139241670e+00 2.714670291654934342e+00 1.185896466837372154e+00 1.222498820179328982e+00 1.923381233698656434e+00
1.410094001942769903e+00 1.111708127523609146e+00 1.449212222177920451e+00 1.675497276901231292e+00 2.187883176879175107e+00 1.075620066978028255e+00 -2.898197050068624847e+01 1.311723411506842574e+00 1.523878091870394913e+00 1.448723646658387709e+00 1.487940402555127273e+00 9.196023476758800053e-01 6.265837325795570178e-01 1.539110284397374073e+00 1.231801071755891597e+00 2.531096563480890183e+00 2.840373342374734822e+00 1.270094580788042382e+00 1.308261188180626533e+00 2.032766964459759240e+00
1.083229256627413317e+00 8.334287548203380691e-01 1.116551821580091364e+00 1.311676491779809606e+00 1.766611342387226946e+00 8.037779788161328876e-01 7.420704115068422757e-01 -2.238998739046501996e+01 1.180498673118042463e+00 1.116134859646175315e+00 1.149664704860271280e+00 6.771174176265269962e-01 4.466587401300621263e-01 1.193598251014939216e+00 9.330001306865221000e-01 2.079833513252469235e+00 2.366868628735739222e+00 9.650308666201097285e-01 9.970858362947124798e-01 1.627149710961597995e+00
9.129307593816221589e-01 6.922113394372054751e-01 9.426923857538556106e-01 1.118320720331005047e+00 1.535657501534966718e+00 6.663130393514434813e-01 6.126370918703947233e-01 8.389106731180425713e-01 -1.892144478251094952e+01 9.423195470161042087e-01 9.723359030816747239e-01 5.564760656796363669e-01 3.603203845903120150e-01 1.011770320880171159e+00 7.796647667626364075e-01 1.828313423816957384e+00 2.099628796459738211e+00 8.079496362250375707e-01 8.363273271171488554e-01 1.406665100102994836e+00
9.693996412131482554e-01 7.387257986086366301e-01 1.000388050181371780e+00 1.182763620930645576e+00 1.613260249398542179e+00 7.115514042217350177e-01 6.551506466583875143e-01 8.922148596461758618e-01 1.059987547016104648e+00 -2.007489356168200700e+01 1.031228455749782835e+00 5.960170468848406955e-01 3.883678009950508048e-01 1.072217450113297055e+00 8.303132432814707142e-01 1.913200105470366896e+00 2.190126004910719182e+00 8.598800438075905328e-01 8.895180431549774003e-01 1.480583549439164592e+00
9.394449504431288123e-01 7.140119229426147296e-01 9.697885115438324988e-01 1.148621481393800492e+00 1.572228376870065114e+00 6.875104515328321897e-01 6.325474025551272028e-01 8.639247048602715084e-01 1.028183903081675288e+00 9.694084557497838484e-01 -1.946347864694419627e+01 5.749835473495696903e-01 3.734169935467378520e-01 1.040172446276856233e+00 8.034210733808229143e-01 1.868366338000539528e+00 2.142369670917277258e+00 8.323129237322125507e-01 8.612875983745773567e-01 1.441477894392470649e+00
1.514723352104545562e+00 1.202578848432067860e+00 1.555448433147743170e+00 1.790248664341161255e+00 2.317785955976933376e+00 1.164628704156467798e+00 1.084952347675879336e+00 1.412120417626527180e+00 1.633067065679636221e+00 1.554940046884840665e+00 1.595726547349569424e+00 -3.107937600534635791e+01 6.879532758771459422e-01 1.648883774829652760e+00 1.328546417405556124e+00 2.668621992455840530e+00 2.983419815912998985e+00 1.368614240779468583e+00 1.408504063926882433e+00 2.158612040783438157e+00
2.007524205746054058e+00 1.640516373556306640e+00 2.054506137631511908e+00 2.321946206151531911e+00 2.905421121368374049e+00 1.594960562015559136e+00 1.498563732579557106e+00 1.888291740130062069e+00 2.143541384590311960e+00 2.053920800995050477e+00 2.100789993546737566e+00 1.394583275877146145e+00 -4.090997442247472549e+01 2.161605682091265024e+00 1.790194317853934347e+00 3.283350683472097575e+00 3.617317247379161049e+00 1.837339378256574118e+00 1.884065676090640018e+00 2.731535903142847665e+00
9.019527068157887628e-01 6.832057711693925173e-01 9.314702611696775714e-01 1.105752353617045713e+00 1.520444367291892140e+00 6.575592998915752441e-01 6.044202843973736083e-01 8.285612510149391596e-01 9.883213208801721050e-01 9.311004501132973399e-01 9.608754462768558380e-01 5.488437748296526308e-01 3.549356820912650812e-01 -1.869677667958263001e+01 7.698417637157455307e-01 1.811625220915453971e+00 2.081798666404949039e+00 7.978726530346574863e-01 8.260004179911495381e-01 1.392194987961744124e+00
1.157057192318851957e+00 8.954905924632757808e-01 1.191800787031995768e+00 1.394630696476608644e+00 1.864069325356414897e+00 8.643003417003631839e-01 7.992810717558916922e-01 1.070133130686521605e+00 1.258385766762636360e+00 1.191366243281470449e+00 1.226294073380822747e+00 7.306764174055560002e-01 4.856943178539343542e-01 1.272011763715745536e+00 -2.388534058076753652e+01 2.185025606532088993e+00 2.477874456073393183e+00 1.033546943869309898e+00 1.067085706344637064e+00 1.720616147758016190e+00
4.208336531228459854e-01 3.021429876884781929e-01 4.375201188851351453e-01 5.391351468273083425e-01 8.008602596817691044e-01 2.888215041392416249e-01 2.616335634808900634e-01 3.800235132524689696e-01 4.700914238169575099e-01 4.373101054703668056e-01 4.542963380005391461e-01 2.338089924558411081e-01 1.419076834720979230e-01 4.768522209154541502e-01 3.480826065320891116e-01 -8.647295135702922408e+00 1.195050680316354308e+00 3.632503806683323178e-01 3.786172289788778400e-01 7.170567279978746766e-01
3.329996127462011568e-01 2.359635359987519720e-01 3.467826800445991120e-01 4.313970049217369374e-01 6.540806908390921492e-01 2.251902916549346212e-01 2.032833423747348045e-01 2.994316287357390860e-01 3.737797964597384115e-01 3.466090049107191096e-01 3.606726709172770051e-01 1.809798159129988038e-01 1.082472473791613043e-01 3.793986664049490698e-01 2.733044560733929873e-01 8.274236803163546039e-01 -6.745613067680139352e+00 2.856951123153060323e-01 2.982785696488066685e-01 5.820952600256457110e-01
1.120941876230650669e+00 8.650700738879162355e-01 1.154999097192542346e+00 1.354112590785764292e+00 1.816580468114440183e+00 8.346264668373719608e-01 7.712145807880422810e-01 1.035803866620109037e+00 1.220310636225037326e+00 1.154573043807590293e+00 1.188825923732212519e+00 7.043842407794687066e-01 4.664793782565739844e-01 1.233682653034657628e+00 9.671869438693115884e-01 2.133833380668332502e+00 2.423905112315305921e+00 -2.315439363209332768e+01 1.032820898112964292e+00 1.675042400835035306e+00
1.086306545159040793e+00 8.360057979565587161e-01 1.119689755735558068e+00 1.315144132775296182e+00 1.770703669784511547e+00 8.062898201793292641e-01 7.444421881806264629e-01 1.002919836294728251e+00 1.183749327117148642e+00 1.119272043154977192e+00 1.152861598374577579e+00 6.793350639268825875e-01 4.482666760906402481e-01 1.196871417991149933e+00 9.357867063446374534e-01 2.084261228978878222e+00 2.371549569648806699e+00 9.678818981129655441e-01 -2.245240685306120199e+01 1.631069577254888436e+00
6.145892728394118931e-01 4.521522581911876504e-01 6.369979823707744293e-01 7.714931141599203901e-01 1.105031548116903295e+00 4.335512336986563908e-01 3.953269644597590116e-01 5.593627109615979531e-01 6.804661001029951306e-01 6.367165494391645586e-01 6.594308943924706012e-01 3.558220407834381538e-01 2.221159031428479314e-01 6.894449879617442489e-01 5.156961477580161990e-01 1.349079727997874789e+00 1.581745260025645861e+00 5.364824008350354001e-01 5.574485772548883888e-01 -1.275295367449233019e+01
