-2.087651970533960366e+01 1.011860523099118669e+00 2.695183411631358328e-01 3.520635470988396354e-01 9.606656567213553988e-01 5.602664131662946634e-01 8.464769120462105334e-02 1.661167814523472508e+00 1.153860615057688666e+00 1.274755983043970087e+00 1.200482077089747301e+00 2.412055503987139637e+00 1.943073386022007298e+00 6.344818323546792538e-01 1.400445903154161620e+00 1.243790381874862572e+00 1.732374451413224214e+00 7.282649407018086940e-01 5.821704661836244465e-01 1.670574177479853484e+00
9.882325230991133580e-01 -2.064394373226939550e+01 2.652694183011723994e-01 3.467412689795937308e-01 9.492120467752317436e-01 5.525356581066902528e-01 8.313753534548981583e-02 1.645167302081236960e+00 1.140940676566857714e+00 1.261008234076139267e+00 1.187235197455044355e+00 2.392990398076089598e+00 1.925746924732011589e+00 6.259799328763839821e-01 1.385903352071400141e+00 1.230248529350620013e+00 1.716016178602145281e+00 7.188453166589511278e-01 5.742077709385499107e-01 1.654525468176674119e+00
2.494876341163135613e+00 2.514255418301171829e+00 -4.954257182499626566e+01 1.216732781579348055e+00 2.429916384459321677e+00 1.689915730668787530e+00 4.022198476420434932e-01 3.465916093603147896e+00 2.739442494069086909e+00 2.922404186811212945e+00 2.810873489602764508e+00 4.405846887891414987e+00 3.832910905023731996e+00 1.840529960193229453e+00 3.105420925028291368e+00 2.876231459006791003e+00 3.560594611309735757e+00 2.020799069322728236e+00 1.735178110297527443e+00 3.478507129022794242e+00
2.171361547098839662e+00 2.189667268979593739e+00 8.106727815793483005e-01 -4.340018065517374168e+01 2.110093800120654617e+00 1.424095493017026204e+00 3.097513665988926301e-01 3.101865261332553025e+00 2.403277929032622939e+00 2.577958382642971280e+00 2.471362293677353161e+00 4.020834730357586650e+00 3.459061130077871304e+00 1.561719710552577745e+00 2.753595581644682877e+00 2.533786620380359178e+00 3.193782541742038461e+00 1.727882248651759101e+00 1.465332896911453631e+00 3.114079070775557678e+00
1.040393656721354754e+00 1.052568046775231414e+00 2.842863844593218614e-01 3.705238001206545007e-01 -2.167315712929808313e+01 5.869684667034776870e-01 8.993187158737686593e-02 1.715762730810075576e+00 1.198136399985709755e+00 1.321813041775988129e+00 1.245857042358545552e+00 2.476829056674807461e+00 2.002083331650251541e+00 6.638109092311145210e-01 1.450167609189374929e+00 1.290156237876822987e+00 1.788162218450508156e+00 7.607132180586179127e-01 6.096632456798253274e-01 1.725329861189021763e+00
1.625304413166294593e+00 1.641201658106689942e+00 5.295957306687878452e-01 6.698354930170261623e-01 1.572278466703477928e+00 -3.299996134461400743e+01 1.851368214281242652e-01 2.460449425432396975e+00 1.828463936196072392e+00 1.983855109299799135e+00 1.888799120870379600e+00 3.325717857078485107e+00 2.793001058146219684e+00 1.111349118886608700e+00 2.141969169982411714e+00 1.944379473668177205e+00 2.545495948608002656e+00 1.248236997055509612e+00 1.033163696941246545e+00 2.471727849358299256e+00
3.919995691204621213e+00 3.942113535345490138e+00 2.012209847642044025e+00 2.325801366598892805e+00 3.845551871587377324e+00 2.955446821428124426e+00 -7.677488039030559719e+01 4.988730153014975244e+00 4.196316740467353590e+00 4.399448232902513745e+00 4.275957883158936212e+00 5.974340081125775193e+00 5.377521248084904393e+00 3.144165300591333256e+00 4.600023205479034871e+00 4.348446950727495874e+00 5.089625784844768575e+00 3.364355667746057765e+00 3.012656050124026486e+00 5.002173958231877826e+00
5.429988145234724284e-01 5.506263020812369735e-01 1.223890936031478693e-01 1.643982613325532804e-01 5.178657308100755863e-01 2.772424254323966886e-01 3.521315301497464356e-02 -1.161284577884268998e+01 6.436682160784072959e-01 7.253003994255069475e-01 6.748911337099886554e-01 1.585545308894137140e+00 1.212461647111712226e+00 3.196266680339384103e-01 8.124174329396450789e-01 7.041856852649664988e-01 1.052757877679032728e+00 3.746849693432214301e-01 2.896397113188153849e-01 1.006932948245461645e+00
8.604656150576882601e-01 8.711736765668579574e-01 2.206894940690874163e-01 2.905849290326227852e-01 8.250133999857098832e-01 4.700309361960724464e-01 6.757374046735391271e-02 1.468442216078407414e+00 -1.810249628823919821e+01 1.110534392129662207e+00 1.042536532024758156e+00 2.179773922643000628e+00 1.733349703217066384e+00 5.349341578758644022e-01 1.226219966782777560e+00 1.082151382954830598e+00 1.535079203852456553e+00 6.175699587911249733e-01 4.891393915697709871e-01 1.477233668944082590e+00
7.678819830439694849e-01 7.777622340761392028e-01 1.901721868112132285e-01 2.517863826429711516e-01 7.352110417759880612e-01 4.119431092997987709e-01 5.722623290251353800e-02 1.336595399425506869e+00 8.970553921296617883e-01 -1.623939943842539790e+01 9.366093350262996164e-01 2.017216972171059997e+00 1.588476651301651943e+00 4.704671015936657263e-01 1.108278624458948203e+00 9.735165015248289366e-01 1.399754567505369085e+00 5.453826522026986590e-01 4.291431965572128360e-01 1.344919873975900293e+00
8.231870770897470324e-01 8.335681974550440687e-01 2.082204896027650964e-01 2.747692936773533101e-01 7.888340423585455952e-01 4.464661208703794015e-01 6.331488315893651908e-02 1.415765133709988577e+00 9.586365320247585142e-01 1.066188335026300171e+00 -1.735472864517102920e+01 2.115210096871646517e+00 1.675613222761414889e+00 5.088197880641704973e-01 1.178971122589952403e+00 1.038551010878856262e+00 1.481048884746334782e+00 5.883784304154602296e-01 4.648112036659052260e-01 1.424374780203473412e+00
2.884935039871393547e-01 2.930563980760895193e-01 5.692688789141540917e-02 7.797473035758668847e-02 2.735390566748076568e-01 1.371178570784848394e-01 1.543008112577511255e-02 5.801523088941370476e-01 3.496069226430006394e-01 4.005289721710600381e-01 3.689430968716465031e-01 -6.107925256882441367e+00 7.270691832629786466e-01 1.601963820086390877e-01 4.561534581955523082e-01 3.872440916160801438e-01 6.160151168084593287e-01 1.908136637397304936e-01 1.438225176756386392e-01 5.848410278042205368e-01
4.263813860220069252e-01 4.326829247320116423e-01 9.086090502373210531e-02 1.230711300778718209e-01 4.056633316502519793e-01 2.112710581462195203e-01 2.548124808490361687e-02 8.139386471117125987e-01 5.100527032170665276e-01 5.786586513016517275e-01 5.362162227614148957e-01 1.333939183262978556e+00 -9.136524603582081738e+00 2.449405026992394763e-01 6.525683268422292072e-01 5.608511805587845789e-01 8.598317849457718376e-01 2.890669909931254944e-01 2.210911001286518518e-01 8.199573260224575222e-01
1.484519832354678881e+00 1.499645932876383814e+00 4.652099601932296880e-01 5.924597105525776231e-01 1.434120909231114460e+00 8.963491188866083981e-01 1.588553005913324045e-01 2.287833668033937951e+00 1.678367157875864102e+00 1.827379101593665567e+00 1.736152788064170061e+00 3.133796382008638748e+00 2.611670502699239282e+00 -3.029997183162458541e+01 1.979600199805909400e+00 1.789466720085478135e+00 2.370473278786743521e+00 1.128121765146212097e+00 9.271640896186251757e-01 2.298785413220176821e+00
6.843079031541612345e-01 6.933933520713999599e-01 1.639249250282916182e-01 2.181595816446832148e-01 6.543016091893748554e-01 3.607931699824118432e-01 4.853720547903392357e-02 1.214448432939644995e+00 8.034769667827774686e-01 8.990146244589487523e-01 8.401281225899523974e-01 1.863577458195552428e+00 1.453122326842229084e+00 4.134241998059096646e-01 -1.453878662944119604e+01 8.743911428033420696e-01 1.274102271383571905e+00 4.811448896820192944e-01 3.762353432422984034e-01 1.222303104165591847e+00
7.903593818748624322e-01 8.004455293506201885e-01 1.974424590067912211e-01 2.610576203803591233e-01 7.569972378768231591e-01 4.259104736681771919e-01 5.966795072749623424e-02 1.368923685264966439e+00 9.221153829548299763e-01 1.026959501524830287e+00 9.624150108788553926e-01 2.057375091616080010e+00 1.624112180558784591e+00 4.859977200854783130e-01 1.137098142803342427e+00 -1.669359695517909614e+01 1.432963891671168444e+00 5.628116170995186573e-01 4.435776997680282996e-01 1.377366378068084041e+00
5.104824514132240143e-01 5.177521786021448413e-01 1.133446113097363595e-01 1.525925417420382901e-01 4.865422184505082126e-01 2.585659486080030267e-01 3.238578484476810349e-02 9.490348776790314966e-01 6.065822038524562032e-01 6.847365675053692646e-01 6.364518847463346285e-01 1.517685116808459300e+00 1.154631784945771900e+00 2.985432787867433602e-01 7.683482713835719791e-01 6.645028916711682720e-01 -1.092875950895563086e+01 3.505978916590046235e-01 2.702502595793867535e-01 9.557287453679099709e-01
1.332147940701808642e+00 1.346356316658950947e+00 3.993240693227283478e-01 5.124672486517587444e-01 1.284868218058618172e+00 7.870819970555092970e-01 1.328906677460572616e-01 2.096736969343221180e+00 1.514847958791124771e+00 1.656139652202698764e+00 1.569556430415459891e+00 2.918258663739730530e+00 2.409641990993125038e+00 8.819667651462123059e-01 1.801165889682019294e+00 1.620125617099518411e+00 2.176372891659004605e+00 -2.736246261684032888e+01 8.152316155829716360e-01 2.107281713989813898e+00
1.581598466183624208e+00 1.597263770938549765e+00 5.092481102975278118e-01 6.454628969114537540e-01 1.529363245679825623e+00 9.675536969412459332e-01 1.767360501240263781e-01 2.407236711318815114e+00 1.781962391569770876e+00 1.935445196557213254e+00 1.841534203665905478e+00 3.266812517675638627e+00 2.737211100128651875e+00 1.076554089618624976e+00 2.091801343242298383e+00 1.896436699768028422e+00 2.491570259579387159e+00 1.210776615582972005e+00 -3.216298568092973653e+01 2.418418315146173114e+00
5.385711774798535023e-01 5.461504681766738978e-01 1.211461290227947851e-01 1.627780707755575873e-01 5.135988611890218714e-01 2.746868493582995119e-01 3.482295823187678968e-02 9.930989482454576356e-01 6.386256689440822365e-01 7.197908739759003582e-01 6.696667802034731443e-01 1.576400027804220505e+00 1.204646326022457359e+00 3.167444132201769347e-01 8.064381041655918070e-01 6.987943780680837547e-01 1.045617745367909635e+00 3.713957139898143023e-01 2.869873151461730942e-01 -1.151996080938742040e+01
