-1.668065972492140503e+01 8.057597772817141069e-01 2.567317371860574626e-01 3.488771442740447037e-01 1.329834104252133109e+00 5.328965490930677174e-01 4.670991474114035147e-01 4.885668805097242995e-01 1.782256736381849116e+00 1.679649410990348812e+00 1.423803148111486783e+00 6.835635712893953775e-01 1.904152566523753141e-03 9.076604437624350430e-01 1.911326679119071503e+00 5.057219159507517769e-01 3.828457767689046887e-01 7.744067971473063139e-01 1.200575468568097159e+00 1.197180284257091332e+00
1.223198777281713889e+00 -2.047749583886307789e+01 3.385205696732860869e-01 4.537668040490853150e-01 1.593546041150147641e+00 6.780970954805333184e-01 5.986691533003902776e-01 6.246728492506496977e-01 2.088086739297381200e+00 1.977060883630832100e+00 1.697398927168445537e+00 8.571984619710297792e-01 2.747155094906679560e-03 1.117629076942534105e+00 2.226930890845882249e+00 6.453899973810200974e-01 4.957144769351323754e-01 9.635504148941992364e-01 1.449559193208727947e+00 1.445758331307179567e+00
2.554190737186057270e+00 2.218540569673285834e+00 -4.346174721509312633e+01 1.249906699411556854e+00 3.066642285601458795e+00 1.681210250239083548e+00 1.535258729897955643e+00 1.583762775380190613e+00 3.692536532803494254e+00 3.556492360786922102e+00 3.202738784562002561e+00 1.989397537090632273e+00 1.378531436729845024e-02 2.398459717367028343e+00 3.859684314673391903e+00 1.621892675693171970e+00 1.335399863039988810e+00 2.161252985512426505e+00 2.872898136504895561e+00 2.867696945302288469e+00
2.182285144274044519e+00 1.869735804049085237e+00 7.858556994115569738e-01 -3.695297862576200032e+01 2.667459846726959238e+00 1.380408776634295176e+00 1.250293762829971289e+00 1.293386943416995560e+00 3.270089997842644536e+00 3.138327895505018894e+00 2.797668937251037047e+00 1.659236862065344598e+00 9.319472481741551684e-03 2.036693914489904333e+00 3.432480724426449026e+00 1.327367738275805564e+00 1.074384084889054680e+00 1.816875552915542258e+00 2.483021461304980360e+00 2.478086006971575994e+00
7.298131042521328604e-01 5.760860411501477207e-01 1.691622856014593224e-01 2.340308467269593129e-01 -1.207380922043759952e+01 3.680916826681588927e-01 3.195221135930307876e-01 3.352949032505599392e-01 1.386339051242123199e+00 1.297301500783252459e+00 1.078854658322890847e+00 4.817046640701863058e-01 1.119608916704494016e-03 6.561933507518737940e-01 1.499410969507123825e+00 3.479510404628995968e-01 2.583483041107913492e-01 5.516897107334710615e-01 8.928443424895760039e-01 8.900510418042552052e-01
1.682759549093067797e+00 1.410521095480533615e+00 5.336142502390841535e-01 6.968637766342955508e-01 2.117975682668159276e+00 -2.832485628461173377e+01 8.945756112507632363e-01 9.293009590075302917e-01 2.675587756291269326e+00 2.552302846548992754e+00 2.237021926012741524e+00 1.231377531327464858e+00 5.191437423919110020e-03 1.555071720617569930e+00 2.828448547739130348e+00 9.568175552286177776e-01 7.548847109037672976e-01 1.365197863512652710e+00 1.950894118133118971e+00 1.946449346499057986e+00
1.835785147411403528e+00 1.549916153300390675e+00 6.064857298979559053e-01 7.855717628299716537e-01 2.288229113593030828e+00 1.113398611250763226e+00 -3.095517189432946381e+01 1.037418891965556700e+00 2.861713404190382892e+00 2.735412379372101022e+00 2.411178706211910328e+00 1.360328216752252128e+00 6.267164812652439680e-03 1.702014754175567246e+00 3.017981016238141301e+00 1.067022561220106081e+00 8.487561047655973745e-01 1.502069958650771975e+00 2.115118371726441460e+00 2.110503845964465164e+00
1.783325880509724293e+00 1.501992849250649575e+00 5.810627753801904660e-01 7.547379434169955159e-01 2.230074903250559792e+00 1.074196959007529761e+00 9.634918919655561798e-01 -3.005227785066012203e+01 2.798352826439971963e+00 2.673037955898619700e+00 2.351740378343276650e+00 1.315897943863880259e+00 5.881464010888228996e-03 1.651576428384322615e+00 2.953508440978174665e+00 1.028898624830182129e+00 8.161655581897760969e-01 1.454989072691109664e+00 2.058952213225650141e+00 2.054393741023066600e+00
4.890157363818490865e-01 3.774067392973809443e-01 1.018365328034944589e-01 1.434409978426443022e-01 6.931190512421233629e-01 2.324837562912690503e-01 1.997864041903826826e-01 2.103528264399719960e-01 -7.927050946733832149e+00 9.278579423127992776e-01 7.544087166677487799e-01 3.107151059368101209e-01 6.028841300817853327e-04 4.351254863941011464e-01 1.092740941066437044e+00 2.188677859509839119e-01 1.593024321929616960e-01 3.600279534307403995e-01 6.110399965369853748e-01 6.089196576250672788e-01
5.343384109903488444e-01 4.143108836308320719e-01 1.137223607869221748e-01 1.596088955050188052e-01 7.520115007832524068e-01 2.571288465489922070e-01 2.214153793721009289e-01 2.329679558986200161e-01 1.075787942312799617e+00 -8.712648712119150929e+00 8.169814762098707162e-01 3.421847024542021831e-01 6.883324519091641109e-04 4.764820612867270988e-01 1.172954843682146642e+00 2.422695389291882329e-01 1.770440920507077853e-01 3.955471824266627578e-01 6.647316746051559200e-01 6.624726321936916795e-01
6.700121481114866828e-01 5.261689271684454328e-01 1.514887845620029039e-01 2.104699372510371314e-01 9.250846583228915510e-01 3.333679260127413446e-01 2.887017062119103250e-01 3.031903783432770005e-01 1.293858716667748654e+00 1.208501476209870917e+00 -1.104927081274589185e+01 4.383975841845708654e-01 9.764316625640065243e-04 6.009972838621594482e-01 1.402540874350281630e+00 3.148277502774936010e-01 2.326684600099504785e-01 5.034391961775241953e-01 8.236092584661689475e-01 8.209693148937685647e-01
1.401647571289395433e+00 1.157843461971029608e+00 4.100225370906324662e-01 5.439128620653447266e-01 1.799809664070186610e+00 7.995985313274647233e-01 7.097262167522520038e-01 7.392229438638803218e-01 2.322040105936810317e+00 2.205579702454202096e+00 1.910272584184570910e+00 -2.351728688450602789e+01 3.571186257613323100e-03 1.286740191510997944e+00 2.467130564503456913e+00 7.626709850635253751e-01 5.921813029035896125e-01 1.117703283705510975e+00 1.645845516748032589e+00 1.641767672807533884e+00
8.393023152566524203e+00 7.976427155094906851e+00 6.107445314367298650e+00 6.567030472481742542e+00 8.992259608916704394e+00 7.246447437423918281e+00 7.028700164812652140e+00 7.102241464010888627e+00 9.684962884130081662e+00 9.537118332451907321e+00 9.145886431662562543e+00 7.676606186257613373e+00 -1.528328025546779827e+02 8.202632026236585716e+00 9.864952888730394776e+00 7.159209752942834903e+00 6.711200447466136865e+00 7.902803285392193011e+00 8.769944114790352074e+00 8.763911434942681211e+00
1.098399443762435590e+00 8.909290769425344259e-01 2.917397173670288613e-01 3.940249144899047873e-01 1.446953350751873923e+00 5.959477206175699537e-01 5.240677541755672797e-01 5.475564283843229463e-01 1.919105486394101279e+00 1.812532061286727281e+00 1.545527283862159651e+00 7.593951915109977691e-01 2.252026236586913109e-03 -1.835444154612116208e+01 2.052794846843032595e+00 5.663007692776800273e-01 4.315166509599495104e-01 8.572605694755168759e-01 1.310860605963600545e+00 1.307277647819571342e+00
4.380056791190714560e-01 3.361708908458821421e-01 8.890431467339214577e-02 1.257517244264494960e-01 6.261109695071239711e-01 2.052645477391300821e-01 1.759740162381410178e-01 1.854284409781747911e-01 9.126609410664363597e-01 8.449448436821468400e-01 6.830108743502816271e-01 2.757255645034568103e-01 5.128887303950689430e-04 3.887348468430326109e-01 -7.038939317045600497e+00 1.930550636629716210e-01 1.398548288201274803e-01 3.203886886993760341e-01 5.501983339728617750e-01 5.482418591871490721e-01
1.743229915950751607e+00 1.465458997381019923e+00 5.619416756931719936e-01 7.314677382758059121e-01 2.185480040462899343e+00 1.044462555228617973e+00 9.358445612201062858e-01 9.716476248301825214e-01 2.749616785950984355e+00 2.625088538929188253e+00 2.306126750277493365e+00 1.282094985063525483e+00 5.598752942834861641e-03 1.613069769277679644e+00 2.903884063662971471e+00 -2.936301919510390235e+01 7.915430540820166394e-01 1.419114790211002619e+00 2.015931371726160215e+00 2.011417223937491450e+00
2.071000776768904483e+00 1.766430476935132443e+00 7.260958630399888536e-01 9.291310848890554919e-01 2.546524304110791448e+00 1.293176710903766846e+00 1.168225104765597155e+00 1.209561558189776065e+00 3.140698432192961853e+00 3.010510092050707964e+00 2.674614460009950179e+00 1.562252302903589518e+00 8.236447466137383072e-03 1.928932650959949369e+00 3.301330828820127294e+00 1.242190054082016548e+00 -3.501996724073847389e+01 1.715080521331040053e+00 2.365408309331531900e+00 2.360567261987451371e+00
1.265652797147306385e+00 1.037357414894199747e+00 3.550399855124263260e-01 4.747135529155424027e-01 1.642956710733471049e+00 7.065808635126524795e-01 6.246299586507717549e-01 6.514760726911097422e-01 2.144514953430740611e+00 2.032104182426662575e+00 1.748476196177524145e+00 8.908652837055111018e-01 2.930285392192538349e-03 1.157767569475516511e+00 2.284955688699376264e+00 6.728527902110025272e-01 5.181715213310400525e-01 -2.120010383367637630e+01 1.496464131888108451e+00 1.492593874881222415e+00
8.231144685680971129e-01 6.546591932087277854e-01 1.979781365048960129e-01 2.721524613049802754e-01 1.115404342489576095e+00 4.235701181331187892e-01 3.689713717264412329e-01 3.867322132256503786e-01 1.526819996536985746e+00 1.432581674605155841e+00 1.199939258466169001e+00 5.503005167480327087e-01 1.364114790352409208e-03 7.426606059636003954e-01 1.646058333972861831e+00 4.009623717261603382e-01 2.997923093315317811e-01 6.277571318881082219e-01 -1.366780165932194002e+01 9.969830401314948576e-01
8.257592842570913305e-01 6.568983313071796726e-01 1.988169453022887168e-01 2.732570069715763994e-01 1.118651041804254787e+00 4.251653464990579612e-01 3.703968459644649269e-01 3.882137410230665497e-01 1.530739657625067585e+00 1.436362632193691757e+00 1.203339314893768330e+00 5.522626728075339386e-01 1.371434942680672172e-03 7.451176478195712383e-01 1.650141859187149063e+00 4.024882239374915627e-01 3.009912619874516859e-01 6.299268748812225649e-01 1.003023040131480359e+00 -1.371292316353609131e+01
