-9.083550170827008	1.5508402790859575	0.5525278477807989	0.13720789422524174	0.5865356235592156	0.0029892967818989746	0.0009244912388159101	0.23965285889760193	0.6129615413273481	4.556793430391727	0.3592774475145782	0.005024850573171318	0.1983388319434148	0.14301447027934514	0.030839132064858995	0.10649376639673816	7.275542884149977e-9	9.845688352146094e-10	4.968004507720422e-6	0.00012343250167559793
0.5981802790859578	-5.845513366196697	0.30463370348364793	0.06696855478878651	0.32573303421478245	0.0012921581200979059	0.0003934643399888258	0.12168120551133518	0.34227658820157736	3.658527101356566	0.18908202247066444	0.0021908841084798576	0.09924933501867375	0.06998431789267877	0.014057315778917959	0.051209784792496583	2.9287888722230044e-9	3.9489065550341813e-10	2.0386224473666434e-6	0.00005157508591813566
1.6412178477807984	2.3459837034836477	-14.257349656287953	0.2932360691909297	1.0519237200584395	0.0076578564692140316	0.0024218293767419917	0.4840665738720917	1.091834916571443	5.616057547326322	0.6908697219496049	0.012710643502103734	0.40893078767911567	0.30449111876564966	0.07298350669828169	0.23261836372929215	2.053294239367006e-8	2.7913992300289647e-9	0.000013679713886248407	0.0003317467960478103
3.324907894225243	4.207328554788787	2.3922460691909304	-29.543247947582948	2.475057170062209	0.043507547629264516	0.014680026167389853	1.445827501221069	2.537619312958068	7.697706006506169	1.8582063815577228	0.06955641979784695	1.2797273385532808	1.0287452605997234	0.327705543414457	0.8381741540170928	1.5055086955756313e-7	2.0678263510664695e-8	0.00009465846383044393	0.002157937200727522
1.5731156235592156	2.264973034214782	0.9498137200584412	0.2739371700622084	-13.696881390193132	0.0070177491306132956	0.002214185645399162	0.45483222992354494	1.03861458533281	5.515778254737732	0.6523445229011563	0.011663809670727757	0.38343271320076455	0.2845631066924762	0.06745054319668317	0.216815178592674	1.8631123009765313e-8	2.531714392588432e-9	0.00001244304757248453	0.00030249906349541934
7.880039296781899	8.831002158120096	6.796017856469214	4.732857547629264	6.897487749130613	-85.38671718691319	0.4784703183026193	5.501295279852816	6.973303947014828	12.38360184890023	6.10314566391071	1.3286242202172536	5.23346450793472	4.787876800669434	2.945941339806918	4.403152739533993	0.00001225585489488881	1.7404772080751246e-6	0.006185014450335012	0.10423690185614995
9.207174491238819	10.159303464339986	8.119981829376743	6.03323002616739	8.2218841856454	1.8076703183026197	-104.82722576816423	6.815053571294609	8.298000603009022	13.712765196843216	7.422964094252879	2.255499666622873	6.543439470712886	6.089496687739634	4.15827596079583	5.694831220548429	0.000041889373052517566	6.030527818072785e-6	0.019000245815060008	0.2686068155579664
2.6383828588976024	3.4730712055113355	1.7941065738720925	0.6568575012210693	1.8669822299235455	0.02297527985281699	0.007533571294609856	-22.94743579486873	1.9223429379270833	6.91215963682638	1.336412214691196	0.037347636864020706	0.8694348562599594	0.67825065708148	0.19195671369295622	0.53850194970056	7.129310742065094e-8	9.752014640163336e-9	0.00004589754540037363	0.001073992661500572
1.5232815413273486	2.2052565882015776	0.9134649165714444	0.2602393129580683	0.9623545853328092	0.006573947014829516	0.002070603009023236	0.43393293792708343	-13.288896138608653	5.44098475932032	0.6246371069296811	0.010936886545426803	0.3652514525814482	0.27041180677804166	0.06357549954010183	0.2056302493770284	1.7326323854640732e-8	2.353626749530582e-9	0.00001159254517788562	0.00028233296929217673
0.05029343039172593	0.10468710135656573	0.020867547326321505	0.0035060065061688424	0.02269825473773136	0.00005184890023039612	0.000015196843216629585	0.0069296368263804375	0.024164759320319702	-0.2573488111018451	0.01164641990520782	0.00008973333938773787	0.005478509972587161	0.0036840958594791537	0.0006363033102619331	0.002597995878389027	9.688355804811194e-11	1.2914561096211684e-11	7.139935366779052e-8	1.8991187199827873e-6
2.1470174475145782	2.9294820224706646	1.3899197219496056	0.45824638155772296	1.4535045229011567	0.013835663910709691	0.004454094252879133	0.7254222146911958	1.5020571069296809	6.305886419905208	-18.54304104332536	0.02273130575691425	0.6220819681716186	0.474468596136911	0.12362109206900278	0.3696639552085417	3.9916196815634694e-8	5.443852980662612e-9	0.00002612994843052628	0.0006223545904890317
7.284074850573171	8.233900884108479	6.203070643502104	4.160906419797847	6.304133809670728	0.7306242202172547	0.32829966662287385	4.91766763686402	6.379666886545427	11.785639733339387	5.514041305756914	-77.06108293944625	4.653189369168997	4.214857826382817	2.442687570535463	3.838545623975911	7.028640590131904e-6	9.927974978299828e-7	0.003688743781854508	0.06607972716492183
2.870658831943415	3.7242293350186735	1.992560787679116	0.7643473385532807	2.0691727132007647	0.02873450793472038	0.009509470712886289	1.1430248562599588	2.1272514525814477	7.184298509972587	1.5066619681716182	0.046459369168996824	-25.120079178287693	0.7882371351736835	0.2321242833714661	0.6313802304663362	9.240707729733345e-8	1.2657701172389147e-8	0.00005902147342485654	0.0013692615405427526
3.273764470279345	4.153394317892679	2.34655111876565	0.9717952605997219	2.4287331066924764	0.0415768006694345	0.013996687739633463	1.4102706570814796	2.490841806778041	7.640934095859478	1.8174785961369109	0.06655782638281546	1.246667135173683	-29.03364663193031	0.3157310382180639	0.8132111785947962	1.426512184245332e-7	1.958721630904189e-8	0.00008985249200678395	0.0020525203356593193
5.14851913206486	6.0843973157789195	4.1019735066982825	2.2576855434144574	4.198550543196684	0.18657133980691934	0.06970596079583147	2.910906713692957	4.270935499540102	9.624816303310263	3.4535610920690036	0.2813175705354632	2.6774842833714665	2.302661038218065	-49.57590467748008	1.994866875866635	9.29774708922448e-7	1.2919424507470897e-7	0.0005448386723048446	0.011406061478911288
3.6374437663967383	4.5348197847924965	2.6748783637292926	1.1814241540170922	2.7611851785926738	0.05705273953399254	0.019531220548429904	1.6707219497005592	2.826260249377028	8.040047995878389	2.112873955208541	0.09044562397590958	1.4900102304663363	1.2134111785947963	0.40813687586663405	-32.72128842474363	2.082956744908388e-7	2.8663734444113316e-8	0.000129518277698649	0.0029154028276234638
21.821650007275547	22.774310002928793	20.732960020532946	18.633950150550866	20.835070018631125	13.944612255854896	12.615441889373054	19.42292007129311	20.911330017326325	26.328150000096887	20.033910039916197	14.54260702864059	19.149330092407077	18.690900142651216	16.703970929774705	18.290700208295675	-323.0255343422051	0.29468031104046905	6.913720328015323	10.385320827600315
23.913250000984572	24.86591000039489	22.824560002791404	20.725550020678263	22.926670002531715	16.036201740477207	14.707006030527818	21.51452000975202	23.002930002353626	28.419750000012918	22.125510005443854	16.6342009927975	21.2409300126577	20.782500019587214	18.795570129194246	20.38230002866374	2.3862803110404687	-362.7597993133569	8.999512406490224	12.476647596977573
14.91485496800451	15.867512038622447	13.82617367971389	11.72724465846383	13.928282443047573	7.043985014450335	5.7276002458150606	12.5161658975454	14.004541592545175	19.421350071399356	13.12713612994843	7.639488743781855	12.242589021473425	11.784189852492007	9.797714838672304	11.3840295182777	0.006920328015322959	0.0011124064902237499	-198.54985739729204	3.5889659485331484
11.436773432501676	12.389361575085918	10.348291746796049	8.251107937200725	10.450372499063496	3.663836901856149	2.4990068155579657	9.038993992661501	10.526612332969291	15.943151899118721	9.649532354590487	4.223679727164921	8.765699261540542	8.30795252033566	6.33037606147891	7.908615402827624	0.0003208276003132344	0.00004759697756953926	0.11076594853314703	-139.84449883386068