-2.178900801439292678e+01 1.126545619722550073e+00 3.327929777772838382e-01 5.185923688180372748e-01 6.219786445677285558e-01 4.371775356663064049e-01 1.409700448055350330e+00 3.458842904507248850e+00 1.334131165709616207e+00 3.556648005682251146e+00 2.617105897746418552e+00 6.898837284688782434e-01 2.893870805928404066e-01 1.222920471976804535e+00 8.173828436427730063e-03 5.424560914557321478e-01 1.038629966633866308e+00 2.553391727554792823e+00 4.454055689385227890e-03 2.619549533140828196e-02
8.833056197225497286e-01 -1.968928021912358517e+01 2.835445339003593856e-01 4.474417342260281205e-01 5.398143053232243860e-01 3.752656835344399533e-01 1.263685714412651651e+00 3.239546157224032275e+00 1.192989007994749606e+00 3.335711760607169563e+00 2.417269620329382196e+00 6.008862149118379126e-01 2.457054595196236368e-01 1.089368333276613754e+00 6.639477466079876482e-03 4.686946235634860680e-01 9.188466136110311488e-01 2.355502921547536932e+00 3.606391149333717724e-03 2.145604680345748749e-02
2.239102977777284398e+00 2.433094533900360013e+00 -4.283775813375444130e+01 1.397128071411883443e+00 1.596189690047157272e+00 1.230321072514760639e+00 2.840647949225882929e+00 5.269934525786968749e+00 2.734991353697445948e+00 5.374789459356409616e+00 4.339659822079911855e+00 1.720464003204961623e+00 8.974637289835170062e-01 2.575544172241486685e+00 3.965220833441882725e-02 1.444243357171391962e+00 2.299228407656654927e+00 4.266603153830698325e+00 2.234396489248282464e-02 1.163556816407528144e-01
1.714142368818037276e+00 1.886231734226028189e+00 6.863680714118829407e-01 -3.406605966896155024e+01 1.163370595270293961e+00 8.661485017011691934e-01 2.255067315541686490e+00 4.580618003815370542e+00 2.158573474871164244e+00 4.683793012592897931e+00 3.672322420541358934e+00 1.267219197854239754e+00 6.083799357818197029e-01 2.014085531630596115e+00 2.226762507967178575e-02 1.038322369096262854e+00 1.767218502580362172e+00 3.601672045384890719e+00 1.236682988480496646e-02 6.789213287901933735e-02
1.506848644567728712e+00 1.667924305323225109e+00 5.747496900471572578e-01 8.526905952702947822e-01 -3.056704078639107536e+01 7.332333846021157342e-01 2.016679950116690545e+00 4.283543255012339124e+00 1.925012342474851090e+00 4.385685328116423420e+00 3.388442524520222321e+00 1.094427120356662009e+00 5.067761118297730016e-01 1.788303298668538099e+00 1.722164900058572451e-02 8.871024621222654005e-01 1.556405836790095920e+00 3.319205462951151375e+00 9.511729988526848936e-03 5.327709463243195109e-02
1.913557535666306153e+00 2.094885683534439824e+00 8.003910725147598271e-01 1.146978501701169106e+00 1.324743384602115270e+00 -3.740780786142173042e+01 2.480251744242893519e+00 4.851575850134255852e+00 2.379822179498020773e+00 4.955515561108867928e+00 3.933362815367603016e+00 1.436913978440463868e+00 7.129043131704744241e-01 2.228940649385477979e+00 2.802293946427709265e-02 1.188829837913857101e+00 1.969598632002139693e+00 3.861635368076081321e+00 1.564755187462312305e-02 8.423026272390703173e-02
6.786004480553500251e-01 7.758257144126514682e-01 2.032379492258826192e-01 3.284173155416865164e-01 4.007099501166903055e-01 2.727717442428935213e-01 -1.588082508547159044e+01 2.812581348516363100e+00 9.393241467172287473e-01 2.904758027486137983e+00 2.036304742967193881e+00 4.491199256804332407e-01 1.749765424281064241e-01 8.511356894719804833e-01 4.360547597350069790e-03 3.449468649389011987e-01 7.080735780462925621e-01 1.979018971154242079e+00 2.354657934569100077e-03 1.430692093763731403e-02
1.230929045072488431e-01 1.470361572240323211e-01 2.787452578696860209e-02 4.931800381537088107e-02 6.292325501233914098e-02 3.944585013425641606e-02 2.079313485163630792e-01 -3.513687125682527945e+00 1.906640795384621223e-01 1.054552291373593187e+00 5.947845780620988343e-01 7.251459078608726849e-02 2.342610662782380546e-02 1.666071956076904115e-01 4.349471859985678201e-04 5.235201613829546657e-02 1.301936594166021866e-01 5.687961629504154626e-01 2.296519259589340813e-04 1.509801072922269420e-03
7.269411657096159773e-01 8.290390079947494995e-01 2.214913536974455199e-01 3.558334748711645124e-01 4.329523424748507598e-01 2.962521794980209067e-01 1.063234146717229933e+00 2.919224079538461858e+00 -1.679779623692414958e+01 3.012507374328022625e+00 2.130364526098526223e+00 4.844305309613897159e-01 1.909942412235797471e-01 9.078941205229295042e-01 4.853970289118257099e-03 3.734938626284111107e-01 7.579282998036250829e-01 2.071869270316758271e+00 2.624846501919883383e-03 1.586744374833119406e-02
1.137080056822511870e-01 1.360117606071694629e-01 2.553945935640915613e-02 4.530301259289840760e-02 5.787532811642310399e-02 3.619556110886738148e-02 1.929180274861378996e-01 9.473622913735932904e-01 1.767573743280226040e-01 -3.237260465634105966e+00 5.587381088726417477e-01 6.675151728602379819e-02 2.144915233898703547e-02 1.542738782239571060e-01 3.949036669342616658e-04 4.810467465326862674e-02 1.203179541365739513e-01 5.339779781414442095e-01 2.083648199532870163e-04 1.373112842549750788e-03
2.438548977464186085e-01 2.872586203293827634e-01 6.009882207991185804e-02 1.035214205413590438e-01 1.303215245202219985e-01 8.373181536760372634e-02 3.941537429671937987e-01 1.557283578062099050e+00 3.643035260985260648e-01 1.628427108872641416e+00 -6.708435790998092507e+00 1.489262336098816086e-01 5.086564428078683281e-02 3.221247987972747362e-01 1.029775835737922795e-03 1.095427637418943806e-01 2.568182395900178161e-01 9.621114471315618255e-01 5.474865024783447630e-04 3.514344923100281085e-03
1.391493728468877755e+00 1.545736214911837436e+00 5.157640032049609635e-01 7.732791978542393752e-01 9.111671203566620303e-01 6.621439784404637985e-01 1.881829925680432947e+00 4.109874590786087190e+00 1.793230530961389402e+00 4.211301517286023532e+00 3.223787233609880953e+00 -2.860324481999141000e+01 4.533959505170027104e-01 1.661433286426681200e+00 1.478152290985752966e-02 8.054104292728861969e-01 1.438876002021174161e+00 3.155503745913535774e+00 8.139139903672381812e-03 4.609670146574462030e-02
2.408297080592840089e+00 2.607855459519623498e+00 1.110063728983516462e+00 1.531739935781819328e+00 1.740816111829772250e+00 1.355434313170474470e+00 3.024986542428106162e+00 5.478086106627823249e+00 2.917094241223579854e+00 5.583299152338986993e+00 4.543026644280786286e+00 1.870695950517002659e+00 -4.565597587476550245e+01 2.753955613827990145e+00 4.696744889455662514e-02 1.581348537031625812e+00 2.470225778645729342e+00 4.469436110872301526e+00 2.659663123116754943e-02 1.360504869678014761e-01
8.059704719768046033e-01 9.156583332766135008e-01 2.522841722414864707e-01 4.015855316305965705e-01 4.864832986685378446e-01 3.356106493854781880e-01 1.165285689471980302e+00 3.085407195607690500e+00 1.098134120522929802e+00 3.180263878223957619e+00 2.278425798797274915e+00 5.428732864266816449e-01 2.180956138279905587e-01 -1.827204777492886123e+01 5.719263061899370650e-03 4.210745294721595644e-01 8.393221164094526454e-01 2.218167462666342793e+00 3.099812652067659383e-03 1.858655060891744107e-02
6.720093828436427330e+00 6.961799477466080077e+00 4.845262208334419007e+00 5.538637625079672056e+00 5.844271649000585711e+00 5.263562939464277335e+00 7.447380547597350464e+00 1.004810494718599934e+01 7.323963970289118386e+00 1.015525490366693440e+01 9.086200775835738597e+00 6.025091522909857389e+00 4.639977448894557099e+00 7.134589263061899445e+00 -1.209942283991917549e+02 5.612981499594062562e+00 6.795868837291569875e+00 9.009514548667233669e+00 6.879648005734445571e-01 1.853707605842535022e+00
1.662316091455732225e+00 1.831794623563486324e+00 6.577933571713915351e-01 9.626323690962617086e-01 1.122092462122265433e+00 8.323098379138573755e-01 2.195906864938901304e+00 4.507962016138295169e+00 2.100543862628411418e+00 4.610904674653268920e+00 3.602653763741894277e+00 1.223660429272886763e+00 5.822985370316260401e-01 1.957884529472159629e+00 2.092149959406313861e-02 -3.319418159715991123e+01 1.714556531234959103e+00 3.532325259959206321e+00 1.160310402902132824e-02 6.402178314222001232e-02
9.623399666338653402e-01 1.085796613611031081e+00 3.166284076566541761e-01 4.953785025803620901e-01 5.952458367900954617e-01 4.169286320021397541e-01 1.362883578046292454e+00 3.389653659416601794e+00 1.288828299803625344e+00 3.486967954136574122e+00 2.553779239590017180e+00 6.609760020211745690e-01 2.750257786457297460e-01 1.179982116409452386e+00 7.658837291570230570e-03 5.184065312349587229e-01 -2.111591495023019860e+01 2.490655205156713681e+00 4.169149995094869818e-03 2.461063920824320059e-02
2.568997275547933445e-01 3.022509215475374655e-01 6.380115383069831503e-02 1.096300453848912809e-01 1.378434629511516574e-01 8.876336807608180279e-02 4.136269711542421845e-01 1.608054162950415478e+00 3.825672703167586342e-01 1.680425978141444343e+00 1.038870447131560848e+00 1.574017459135361452e-01 5.403411087230244186e-02 3.386254626663428580e-01 1.102548667233052082e-03 1.159732599592062652e-01 2.704532051567141715e-01 -7.024667368902196785e+00 5.865343582369136497e-04 3.756992269048992517e-03
7.422974055689385509e+00 7.665366391149333936e+00 5.534553964892482192e+00 6.235336829884804644e+00 6.543161729988526076e+00 5.957787551874623055e+00 8.151974657934569990e+00 1.075449965192595769e+01 8.028334846501920197e+00 1.086166836481995190e+01 9.792318486502479047e+00 6.725049139903672923e+00 5.326206631231167776e+00 7.838569812652067093e+00 1.394564800573444119e+00 6.310263104029021797e+00 7.498979149995094851e+00 9.715598534358237615e+00 -1.341504929593119186e+02 2.393285255405166012e+00
5.344415495331407584e+00 5.582916046803457100e+00 3.528265681640751605e+00 4.190562132879018797e+00 4.486627094632431145e+00 3.926070262723906357e+00 6.063626920937637443e+00 8.655479801072921475e+00 5.941277443748330889e+00 8.762533112842548988e+00 7.694985344923098936e+00 4.662706701465744175e+00 3.335360486967801297e+00 5.753756550608916776e+00 4.600076058425342507e-01 4.262381783142219049e+00 5.419120639208242274e+00 7.618468992269048279e+00 2.929852554051654012e-01 -9.598154735244517610e+01
