-2.327843971367346398e+01 8.487476130180566791e-01 9.732478982080990937e-01 1.470064300866079421e+00 1.420905884962307297e+00 4.928486402811516065e-01 8.429625466678991597e-01 1.481324937797521057e+00 1.272227484010932441e+00 1.704741147753235042e+00 1.929125984296000240e+00 7.593344946287028385e-01 2.271418847304157218e+00 1.200282369545332628e+00 1.126626690618895532e+00 5.835122136367892898e-01 8.353373667795002122e-01 1.190536069903743277e+00 1.512184046093458356e+00 1.363011177301597376e+00
1.168235613018057117e+00 -2.694337315118036003e+01 1.138616209554204284e+00 1.680678727699884689e+00 1.627714466652594894e+00 5.953578339121206042e-01 9.935265291793839992e-01 1.692793096022461308e+00 1.466700687774354028e+00 1.931849752209143123e+00 2.169714644220626099e+00 8.996008747910022585e-01 2.528992883088759136e+00 1.388308673472775645e+00 1.307703260524494926e+00 6.998010292182360592e-01 9.849893663429331037e-01 1.377663531235124861e+00 1.725958076898064464e+00 1.565167895366142536e+00
1.027237898208098521e+00 8.731182095542044941e-01 -2.387562478402422883e+01 1.504564360491805530e+00 1.454747372163767816e+00 5.091250493695521628e-01 8.672174308547748733e-01 1.515972906425750999e+00 1.303943208991771963e+00 1.742110498252652073e+00 1.968859058013696428e+00 7.818632333112652821e-01 2.314155624539035117e+00 1.230892370728960294e+00 1.156048732735679430e+00 6.020563463684435179e-01 8.594390191619206698e-01 1.220992193230974188e+00 1.547231833558085468e+00 1.396049438063786230e+00
6.427343008660794110e-01 5.338607276998845741e-01 6.232443604918056490e-01 -1.526891102339330608e+01 9.614144211033394116e-01 2.915590804528540025e-01 5.297616994434843907e-01 1.008876107363682051e+00 8.463802954007961787e-01 1.187745359003063106e+00 1.372344932323106059e+00 4.710669595391913655e-01 1.662472305946448792e+00 7.916523864894274842e-01 7.362853055716994666e-01 3.512702376830784123e-01 5.243664041039018953e-01 7.842871387638836733e-01 1.033270996635210492e+00 9.163180045123724415e-01
6.717658849623073802e-01 5.590864666525949822e-01 6.516173721637679161e-01 1.039604421103339726e+00 -1.593445381529998528e+01 3.070292589381781179e-01 5.548378837304116518e-01 1.048711123608978113e+00 8.817625012505863058e-01 1.231943986901431032e+00 1.420532373179712593e+00 4.939481418203514052e-01 1.716027228540392358e+00 8.254178362979647243e-01 7.683499370642843385e-01 3.693334474767697717e-01 5.492450121926284456e-01 8.178301909116687529e-01 1.073732642940442350e+00 9.536781055641762039e-01
1.773171640281151706e+00 1.556192833912120710e+00 1.735458049369552391e+00 2.399212080452854057e+00 2.336492258938178246e+00 -3.977363441872339678e+01 1.547702236980166735e+00 2.413503104783031983e+00 2.143266113966408870e+00 2.691683949821133126e+00 2.962136900429670039e+00 1.423204852934288667e+00 3.360996008427734161e+00 2.047672438739391865e+00 1.948236239422656446e+00 1.149178595278984805e+00 1.536487755407389466e+00 2.034608717361486629e+00 2.452525705546483525e+00 2.261904936670709798e+00
1.175425546667898891e+00 1.006501529179386845e+00 1.145690430854774844e+00 1.689554699443484465e+00 1.636440883730411633e+00 5.998422369801665877e-01 -2.709882643508974809e+01 1.701702565088855090e+00 1.474939837194027437e+00 1.941369562604775112e+00 2.179755331457942535e+00 9.056531849979138071e-01 2.539682839333346376e+00 1.396291626026920696e+00 1.315408859349444182e+00 7.048620370189757622e-01 9.914256474788357698e-01 1.385610680851147913e+00 1.734957926484729684e+00 1.573711010346713124e+00
6.362949377975212206e-01 5.282750960224612546e-01 6.169529064257511797e-01 9.911761073636791153e-01 9.528211236089778602e-01 2.881501047830318241e-01 5.242095650888550784e-01 -1.512086295664525437e+01 8.385108932937828108e-01 1.177879504459336868e+00 1.361571537363721385e+00 4.660060130170179948e-01 1.650473375124705822e+00 7.841476882647623325e-01 7.291638023196342910e-01 3.472844154764249125e-01 5.188585169950360454e-01 7.768325743187517451e-01 1.024252953753605588e+00 9.080018411681969326e-01
7.696874840109324545e-01 6.446726877743539363e-01 7.474132089917717714e-01 1.171170295400796313e+00 1.128362501250586458e+00 3.604031139664085615e-01 6.399368371940273859e-01 1.181000893293783216e+00 -1.815775354282930820e+01 1.377854316048378269e+00 1.578764556968826449e+00 5.718728988246521983e-01 1.890645823809224746e+00 9.385142678214630774e-01 8.760153059110298290e-01 4.313573964643811487e-01 6.336999391468812748e-01 9.302177883978169914e-01 1.207987465396248350e+00 1.078176762157747381e+00
5.228311477532349150e-01 4.304517522091430015e-01 5.062104982526519636e-01 8.331653590030632106e-01 7.991739869014309328e-01 2.294509498211328713e-01 4.269965626047751428e-01 8.409995044593369107e-01 6.984843160483782398e-01 -1.248427804070699132e+01 1.166180448467367237e+00 3.777136274732727506e-01 1.431118407288403116e+00 6.509387539189277483e-01 6.030862004655345165e-01 2.783247110992908557e-01 4.224513383445739345e-01 6.445585007258394228e-01 8.625588908556184320e-01 7.595830850150147029e-01
4.314459842960001734e-01 3.525466442206262596e-01 4.171890580136965454e-01 7.019949323231060578e-01 6.719923731797127209e-01 1.841339004296700943e-01 3.496123314579427377e-01 7.089215373637213213e-01 5.836245569688266466e-01 8.504104484673671305e-01 -1.031641877103396077e+01 3.078978994625064525e-01 1.241668956287474535e+00 5.421738237879141220e-01 5.006448816826835069e-01 2.246215309745164812e-01 3.457542165630964059e-01 5.366255497861662782e-01 7.280058116709127169e-01 6.371543340980205805e-01
1.286826494628702910e+00 1.107604874791001670e+00 1.255365233311265483e+00 1.825888959539191392e+00 1.770580141820351505e+00 6.703738529342880836e-01 1.100682184997913593e+00 1.838528013017018292e+00 1.601904898824652035e+00 2.087115627473272728e+00 2.333069899462506758e+00 -2.949652912149120354e+01 2.702371698505739772e+00 1.519470841411056483e+00 1.434478948824193134e+00 7.841945923597751777e-01 1.091549434107300653e+00 1.508260080066506026e+00 1.873107844945696598e+00 1.705155500470770580e+00
3.239988473041574557e-01 2.620848830887593239e-01 3.127456245390352052e-01 5.423823059464487617e-01 5.177472285403924568e-01 1.332530084277341875e-01 2.597998393333464939e-01 5.480833751247057295e-01 4.457658238092246927e-01 6.656084072884033143e-01 7.919289562874742838e-01 2.274596985057402987e-01 -7.703667048082448510e+00 4.123124618046014045e-01 3.790058553498036331e-01 1.637613198406294712e-01 2.567973933521161545e-01 4.078503512539080611e-01 5.638171172518985363e-01 4.892645510340693504e-01
8.233423695453324642e-01 6.918806734727758201e-01 7.999623707289600372e-01 1.242042386489427663e+00 1.197617836297965033e+00 3.904094387393916565e-01 6.868886260269206900e-01 1.252237688264762339e+00 1.064114267821463455e+00 1.455908753918927934e+00 1.662913823787913747e+00 6.150388414110564694e-01 1.982792461804601336e+00 -1.936323989837600479e+01 9.347108585782084589e-01 4.660376157387118856e-01 6.803129287409840353e-01 9.913401429485639849e-01 1.280213063396856255e+00 1.145475750663181413e+00
8.832366906188958700e-01 7.448252605244950475e-01 8.586687327356796740e-01 1.320225305571699481e+00 1.274099937064284038e+00 4.245232394226562955e-01 7.395558593494443445e-01 1.330803802319634244e+00 1.135165305911030043e+00 1.541606200465534204e+00 1.754934881682683523e+00 6.635969488241931780e-01 2.083035855349803622e+00 1.068260858578208738e+00 -2.069939025286543099e+01 5.053111011298044852e-01 7.326132452615552459e-01 1.059214563072406357e+00 1.359817241252649245e+00 1.219895223730777634e+00
1.578983213636789174e+00 1.375784029218236171e+00 1.543537346368443419e+00 2.174071237683078639e+00 2.113944447476769906e+00 8.643265952789846995e-01 1.367870037018975804e+00 2.187785415476425133e+00 1.929368396464381075e+00 2.455705711099290589e+00 2.717772530974516432e+00 1.252173592359775212e+00 3.106652319840629506e+00 1.838448615738712100e+00 1.744172101129804364e+00 -3.570189582573977560e+01 1.357421659778017320e+00 1.826045075108304161e+00 2.225258771253867174e+00 2.042574729834776726e+00
1.184998366779500101e+00 1.015162366342932554e+00 1.155110019161921020e+00 1.701357404103902127e+00 1.648046012192628140e+00 6.058257554073894768e-01 1.008623647478830598e+00 1.713549516995036104e+00 1.485900939146881150e+00 1.954022338344574061e+00 2.193095216563095917e+00 9.137184341073004701e-01 2.553878393352116305e+00 1.406913928740984199e+00 1.325664245261555463e+00 7.116116597780172137e-01 -2.730566204380740558e+01 1.396185627264153517e+00 1.746924252790205134e+00 1.585073919996381031e+00
8.309660699037435538e-01 6.986055312351246993e-01 8.074321932309741490e-01 1.252047138763883627e+00 1.207400190911668503e+00 3.947157173614866954e-01 6.935776808511476821e-01 1.262292574318751859e+00 1.073187788397817366e+00 1.466898500725839716e+00 1.674735549786166455e+00 6.211980800665060087e-01 1.995700351253907989e+00 1.008710142948564092e+00 9.430345630724055184e-01 4.710040751083040544e-01 6.869546272641536833e-01 -1.953385325080354562e+01 1.290403811318226790e+00 1.154988664284873234e+00
6.190340460934581346e-01 5.133200768980642481e-01 6.000918335580853746e-01 9.674509966352115020e-01 9.297226429404428227e-01 2.790527055464832595e-01 5.093449264847298430e-01 9.761329537536038714e-01 8.173774653962483372e-01 1.151318890855618227e+00 1.332535811670912729e+00 4.524658449456966380e-01 1.618087117251898466e+00 7.640030633968563079e-01 7.100572412526491295e-01 3.366377712538671796e-01 5.041132527902052463e-01 7.568238113182269577e-01 -1.472322648341804374e+01 8.856560313757867453e-01
7.079911773015973298e-01 5.906598953661426066e-01 6.870394380637859788e-01 1.088628004512371517e+00 1.047798105564177851e+00 3.265619366707100957e-01 5.862280103467130132e-01 1.098011841168196501e+00 9.256967621577473215e-01 1.286473085015014783e+00 1.479814334098020767e+00 5.226435004707703502e-01 1.781664551034068955e+00 8.673957506631808645e-01 8.082652237307776932e-01 3.920837298347764066e-01 5.803929199963809848e-01 8.595386642848735770e-01 1.123786031375786809e+00 -1.676067296165509291e+01
