-2.206664273748048188e+01 1.468225253750341963e+00 9.482058120777686616e-01 1.309776792547064028e+00 1.407220357320659421e+00 9.654366237140347140e-01 1.178340431301378777e+00 5.013470647217661558e-01 1.550572754922606045e+00 1.347946387868090179e+00 1.569270674452497349e+00 1.612127572650035034e+00 4.757775667431267050e-03 1.332512429598922798e+00 1.600232159727136505e+00 1.093991628300762242e+00 9.032933101751025040e-01 9.251382656634231649e-01 1.013929078587112897e+00 1.334318364434347703e+00
6.437932537503419095e-01 -1.436415650820105228e+01 6.061013480371696405e-01 8.765143446528709248e-01 9.521214000995861237e-01 6.185996536095291765e-01 7.763025974188609846e-01 2.976630645504508843e-01 1.065270604151545175e+00 9.060006103157552948e-01 1.080191291437043954e+00 1.114527590044200211e+00 2.319615756639855503e-03 8.940574239620869834e-01 1.104978167150258317e+00 7.131161096631165597e-01 5.737195082255085454e-01 5.894341804504888982e-01 6.539922651226198758e-01 8.954534798029787357e-01
1.053646812077769335e+00 1.535974348037169479e+00 -2.320165948460568117e+01 1.373238867513887795e+00 1.473371905772054458e+00 1.017854512711189097e+00 1.237886845742050879e+00 5.339551602690441046e-01 1.620378851907736895e+00 1.412482720995245966e+00 1.639528511254433996e+00 1.683400127301784011e+00 5.211295037149577154e-03 1.396617663241883411e+00 1.671225925394687284e+00 1.150836720750508135e+00 9.534262827362489645e-01 9.760857243820088014e-01 1.068062939630796127e+00 1.398474269850030094e+00
7.434027925470642062e-01 1.134572344652870379e+00 7.014238675138878554e-01 -1.655122878590792723e+01 1.082512703913350416e+00 7.153579796084816866e-01 8.900210143486464442e-01 3.522818934764937460e-01 1.205316236575995736e+00 1.032224882696148205e+00 1.221452761218570604e+00 1.258538676561840042e+00 2.907909283760820585e-03 1.019179572542330492e+00 1.248231233879302016e+00 8.202862673331529075e-01 6.652542385463507957e-01 6.828194569765468902e-01 7.547399988415515182e-01 1.020704955391583901e+00
6.801243573206590121e-01 1.049457400099585991e+00 6.408349057720544861e-01 9.217907039133503844e-01 -1.516529573051897906e+01 6.538679662601470932e-01 8.179098715596911928e-01 3.173642662095142453e-01 1.116798499415902146e+00 9.523081525317771412e-01 1.132179702105001518e+00 1.167558229134063374e+00 2.526351961796984968e-03 9.399498517801921915e-01 1.157721375583505630e+00 7.522710692911278585e-01 6.070437622077403672e-01 6.234466985616058388e-01 6.907479571003463104e-01 9.413946097109174849e-01
1.035378623714034108e+00 1.512973653609529068e+00 9.823555127111869290e-01 1.351673979608481790e+00 1.450905966260146895e+00 -2.281577841990316102e+01 1.217635574317893710e+00 5.227971678491359908e-01 1.596690125691924811e+00 1.390557807023868220e+00 1.615688764718888004e+00 1.659221256413419887e+00 5.054088960276341067e-03 1.374837208743343586e+00 1.647140212947419524e+00 1.131492887626340149e+00 9.363414483908086838e-01 9.587264485650137669e-01 1.049630858593817884e+00 1.376676834157628981e+00
8.406314313013785178e-01 1.263025597418860890e+00 7.947368457420508348e-01 1.118686014348646340e+00 1.207296871559691009e+00 8.099845743178941682e-01 -1.865947222643742975e+01 4.073850972827355865e-01 1.338546491960586726e+00 1.153334979486781098e+00 1.355740179782054300e+00 1.395211521122024623e+00 3.549668833712011935e-03 1.139315029383540789e+00 1.384247199449849752e+00 9.243732576034814352e-01 7.550911247462370746e-01 7.743565448819527131e-01 8.530049544312299226e-01 1.140954842784722700e+00
1.753308064721766035e+00 2.374056064550450706e+00 1.680475160269044199e+00 2.170616893476493559e+00 2.296421266209514034e+00 1.704816167849136033e+00 1.997055097282735447e+00 -3.760532124383271224e+01 2.477582053650782878e+00 2.220169912212951235e+00 2.500895979995612084e+00 2.554075878917517528e+00 1.382407362046392946e-02 2.200176662534863770e+00 2.539350554611038202e+00 1.883052949575452217e+00 1.616487556318299879e+00 1.647710024318811639e+00 1.772727767832399604e+00 2.202519115885381851e+00
5.983217549226061971e-01 9.374516041515442710e-01 5.626868519077369291e-01 8.194392365759955998e-01 8.916434994159023741e-01 5.744971256919246816e-01 7.240044919605866935e-01 2.733700536507827072e-01 -1.335548379866790469e+01 8.475785555316937003e-01 1.014314153338683244e+00 1.047276320613971468e+00 2.073169278967447373e-03 8.361778295569787245e-01 1.038106061414533210e+00 6.639972313060301667e-01 5.321157526412912953e-01 5.469465660052029721e-01 6.079732817213656659e-01 8.375102589821066257e-01
7.178003878680899730e-01 1.100286610315755587e+00 6.768957209952457532e-01 9.684528826961464887e-01 1.049258152531776345e+00 6.904698070238682872e-01 8.608979794867812618e-01 3.380629122129510389e-01 1.169683555531693564e+00 -1.599187221430896777e+01 1.185521322874271588e+00 1.221932207236638757e+00 2.750192452629474961e-03 9.872273476504246359e-01 1.211810774108958988e+00 7.927944269964138924e-01 6.416770204210031636e-01 6.587774490796960425e-01 7.288527359637810843e-01 9.887207288628430124e-01
5.885266744524971783e-01 9.238792914370440590e-01 5.533435112544342616e-01 8.070827612185702549e-01 8.785317021050015329e-01 5.650027647188878843e-01 7.127051797820542767e-01 2.681909799956117557e-01 9.858211533386807002e-01 8.349233228742718449e-01 -1.313729191132365592e+01 1.032655400644148624e+00 2.021839498808539280e-03 8.236429520696725293e-01 1.023569818403945453e+00 6.533994148514304934e-01 5.231694821434831333e-01 5.378065465962560410e-01 5.980578486889518430e-01 8.249612672499063715e-01
5.667685726500349963e-01 8.936005900442005601e-01 5.326001273017839654e-01 7.795536765618399366e-01 8.492952291340634119e-01 5.439202564134199003e-01 6.875615211220247325e-01 2.567558789175173883e-01 9.541683206139724982e-01 8.067192072366387023e-01 9.680404006441507558e-01 -1.265141031394166582e+01 1.910014765282282666e-03 7.957108222074593673e-01 9.911065219926524783e-01 6.298358766736666947e-01 5.033172392589521094e-01 5.175195657277618100e-01 5.760292481647694141e-01 7.969972445114773540e-01
7.347028775667431510e+00 8.169022615756640349e+00 7.242041295037150661e+00 7.911552909283760648e+00 8.071893351961795915e+00 7.277383088960275970e+00 7.683529668833712911e+00 6.104134073620464562e+00 8.296595169278967674e+00 7.975167192452629727e+00 8.325036839498809016e+00 8.389540014765280773e+00 -1.463121170920861402e+02 7.949574606680407385e+00 8.371730267528088021e+00 7.528772413606844793e+00 7.147844072386422276e+00 7.194046476376946053e+00 7.374646050234097139e+00 7.952578210156405980e+00
7.280214295989224649e-01 1.113998423962086814e+00 6.866856632418832929e-01 9.810625725423319787e-01 1.062554851780191711e+00 7.004042087433436370e-01 8.725330293835406037e-01 3.437246625348638895e-01 1.183937829556978460e+00 1.012882347650426285e+00 1.199895952069672589e+00 1.236578822207459627e+00 2.812606680408466595e-03 -1.621540117504022760e+01 1.226382434863837245e+00 8.037741081523124276e-01 6.510854971471763397e-01 6.683723598295332469e-01 7.391881195852890718e-01 1.001506255509968080e+00
5.727131597271363228e-01 9.018911671502580774e-01 5.382659253946869837e-01 7.870862338793022106e-01 8.572983755835055231e-01 5.496792129474193933e-01 6.944371994498494960e-01 2.598705546110380848e-01 9.628380614145326533e-01 8.144377741089592337e-01 9.767948184039428883e-01 1.008946521992646783e+00 1.940267528087188855e-03 8.033544348638372856e-01 -1.278432666366343540e+01 6.362768164680128180e-01 5.087383075968371360e-01 5.230600114816597035e-01 5.820481752727698632e-01 8.046496457889537046e-01
9.115526283007617803e-01 1.355109109663116485e+00 8.629567207505081106e-01 1.204221267333152934e+00 1.296928069291127583e+00 8.791118876263396276e-01 1.079643257603481343e+00 4.486529495754524310e-01 1.433809231306029996e+00 1.240501426996413858e+00 1.451704414851430425e+00 1.492755876673666826e+00 4.062413606844872058e-03 1.225826108152312521e+00 1.481356816468012871e+00 -2.018262588790700462e+01 8.209038296460855477e-01 8.413477019661964595e-01 9.246392776790406387e-01 1.227542900417030625e+00
1.103374310175102346e+00 1.598232508225508663e+00 1.048066282736248800e+00 1.431709238546350793e+00 1.534220762207740396e+00 1.066480448390807689e+00 1.292881124746237065e+00 5.646075563182999524e-01 1.684447752641291318e+00 1.471904020421003212e+00 1.703994482143483147e+00 1.748757239258952323e+00 5.654072386421899257e-03 1.455657497147176516e+00 1.736338307596837272e+00 1.203423829646085963e+00 -2.424892656126924351e+01 1.023391592530505045e+00 1.118226584777851862e+00 1.457558951373341127e+00
1.078795265663423208e+00 1.567523180450488773e+00 1.024301724382005618e+00 1.402850456976546756e+00 1.504199698561605736e+00 1.042441448565013973e+00 1.265722544881952683e+00 5.494060243188116921e-01 1.652854566005202752e+00 1.442580449079696070e+00 1.672207546596255812e+00 1.716535565727761892e+00 5.432476376946273992e-03 1.426520359829533291e+00 1.704236011481659707e+00 1.177443701966196299e+00 9.769675925305066899e-01 -2.373185227589777213e+01 1.093433768029979936e+00 1.428399894474186693e+00
9.861990785871177501e-01 1.450694265122620008e+00 9.348919396307964202e-01 1.293383998841551419e+00 1.390113957100346243e+00 9.519588585938174585e-01 1.162983954431229927e+00 4.930367678323996916e-01 1.532494281721365592e+00 1.331268735963780925e+00 1.551071848688951871e+00 1.593658248164769420e+00 4.645050234097510000e-03 1.315949119585289262e+00 1.581837175272770013e+00 1.079348277679040846e+00 8.904155847778518762e-01 9.120467680299796376e-01 -2.177373952681760372e+01 1.317741616559826134e+00
7.268163644343477170e-01 1.112383479802979025e+00 6.855312698500299895e-01 9.795769553915829597e-01 1.060988609710918240e+00 6.992328341576290462e-01 8.711618427847229729e-01 3.430561158853819848e-01 1.182259258982106598e+00 1.011364728862849560e+00 1.198203267249906112e+00 1.234854244511477406e+00 2.805210156405392799e-03 9.984952555099988469e-01 1.224666645788953456e+00 8.024799004170302119e-01 6.499759513733408545e-01 6.672408944741868853e-01 7.379696165598259583e-01 -1.618906244590367294e+01
