-58.530236920793136	2.174991306844105	4.373154578406513	2.325506743200117	3.288488072878273	3.5731648387413286	1.793159891772975	2.6899884791965922	1.8547276219607631	1.9037218059097352	5.0509289652782	1.8088904595788333	1.8142583152262306	2.1723375765029074	1.546212897330885	1.6230384336222383	7.379077208961962	4.952307841996223	5.610748746115686	2.59553313726958
0.35100130684410447	-32.869176476264975	2.7156943742710005	1.0989052143708802	1.803403088515416	2.032421674811638	0.7643846763137555	1.3516219810109427	0.8008456750478989	0.8302881587168828	3.3301249852568446	0.7736432155442275	0.7768115885073571	0.9982859804081368	0.6242833412559959	0.6668012445722546	5.572111382829468	3.239113702227791	3.855038801524141	1.2843960842362345
0.058472578406513466	0.22500237427100028	-11.359181446697585	0.2564638773040916	0.5273347933428723	0.6331541649472262	0.15651225546264444	0.34416710551117047	0.16651651169601894	0.1747538790204404	1.3922282106322017	0.1590320087677188	0.15989752094935747	0.22447129927279275	0.12010019983984682	0.13080948094850595	3.2103277971294446	1.3306204916966173	1.769509282583452	0.31980761491566856
0.3098267432001162	0.9072152143708796	2.555465877304091	-30.652619987177655	1.6702248632751355	1.8909431767449092	0.6878188316328282	1.2386839993456191	0.7216071272849743	0.7489368899627713	3.1587890802921375	0.6963926915556381	0.6993277041463711	0.9056106398799945	0.5586032104003694	0.5977100292092885	5.384111352643693	3.069154003755896	3.6772187837008308	1.1749797684721082
0.14131807287827272	0.48022308851541606	1.6948467933428726	0.5387348632751359	-19.532408807134207	1.1650924342364268	0.3477398577085186	0.6955441682853136	0.3675825979802874	0.3837854721499026	2.210971334081295	0.35275502150869953	0.35447495097499376	0.479223794446024	0.27385090087959174	0.29587177771125034	4.289878015536642	2.1325006195882965	2.6751792589751613	0.6528357850601052
0.11219483874132781	0.3954416748116378	1.4868661649472261	0.4456531767449095	0.8512924342364264	-17.025133991522665	0.28303074686127516	0.5817227266557456	0.2997459410554325	0.31342802245361007	1.9724442601575798	0.28725116608663576	0.2886992108695781	0.3945869879496897	0.221202557935631	0.2395579361289507	3.993228288254711	1.898025454174376	2.4163047229573906	0.5444576805005311
0.48445989177297477	1.2796746763137559	3.162494255462645	1.3947988316328288	2.1862098577085187	2.4353007468612757	-39.30295244624742	1.683892441118805	1.0438322905787119	1.0790701716399167	3.801961651407902	1.0111511436947735	1.0149639029409943	1.2776686397986923	0.8294039394816388	0.8815605647082932	6.079861459367612	3.707890877239142	4.341115246247011	1.6076418582719258
0.22976847919659146	0.7153919810109423	2.1986291055111704	0.7941439993456191	1.3824941682853134	1.582472726655746	0.5323724411188044	-25.885604484786356	0.560246018971143	0.5828781747048833	2.7721532900214405	0.5394340736277756	0.5418532034509056	0.7140367964787337	0.42692569726890867	0.4586397975203343	4.950573988283133	2.6862636560153907	3.2727052882120646	0.944621599107453
0.4596076219607628	1.229715675047899	3.0860785116960194	1.3421671272849744	2.1196325979802872	2.3655959410554326	0.957412290578711	1.625346018971143	-38.17622847608805	1.034262588857206	3.7218104818968176	0.9682434464079867	0.9719473265068713	1.2277579603533302	0.7920140685702276	0.8425191701182984	5.994499207168671	3.6281922610759985	4.258873701488477	1.5505524790689367
0.44084180590973515	1.1913981587168827	3.02655587902044	1.3017368899627715	2.0680754721499026	2.3115180224536105	0.9248901716399167	1.5802181747048836	0.9665025888572064	-37.306099071728525	3.6592331289330295	0.9354706991579412	0.9390892808353332	1.1894785851131575	0.7635511128347153	0.812768936772625	5.927621596768071	3.5659860430240116	4.194577798314403	1.5065847265598902
0.03344296527820015	0.13662898525684444	0.6894242106322016	0.15698308029213798	0.3406553340812945	0.4159282601575797	0.09317565140790232	0.2148872900214409	0.09944448189681766	0.10462712893302922	-7.82494190518436	0.09475189826139763	0.09529374234031074	0.13628743003535917	0.07060862324691841	0.07720368234901571	2.603538113567784	0.9501228662070174	1.3132972901432651	0.19864087107584344
0.4779704595788324	1.2667132155442271	3.1427940087677184	1.3811526915556378	2.1690050215086987	2.4173011660866357	0.9889311436947741	1.6687340736277754	1.0324434464079877	1.06743069915794	3.7813178982613977	-39.011444019915054	1.0037847627954644	1.2647195654772538	0.8196733947686947	0.8714044576747573	6.057906422589762	3.6873612967814737	4.319944664615428	1.5928556310205937
0.4757783152262299	1.2623215885073567	3.136099520949357	1.3765277041463713	2.1631649509749935	2.411189210869578	0.9851839029409941	1.6635932034509053	1.028587326506872	1.0634892808353338	3.7742997423403106	0.9962247627954736	-38.91254789069807	1.2603321589341028	0.8163812244825792	0.8679676352577753	6.050437661090993	3.680382328662581	4.312745599056776	1.5878417736694892
0.3517775765029067	1.0017159804081421	2.7185932992727926	1.1007306398799948	1.8058337944460237	2.03499698794969	0.7658086397986916	1.3536967964787343	0.8023179603533301	0.831798585113157	3.333213430035359	0.7750795654772543	0.7782521589341028	-32.909719298300594	0.625509660415726	0.6680896416506624	5.57548029144587	3.2421787630591297	3.8582370122231717	1.2864085148558546
0.6006328973308844	1.502693341255996	3.4892021998398466	1.6287032104003696	2.475440900879591	2.736592557935631	1.1925239394816385	1.941565697268909	1.2415540685702275	1.2808511128347146	4.142514623246919	1.205013394768695	1.2092812244825792	1.5004896604157258	-44.24107220315152	1.0591626284420708	6.439264737218044	4.046779326075903	4.689305725712904	1.8595009569908596
0.5613784336222377	1.429131244572254	3.3838314809485053	1.5517300292092882	2.3813817777112494	2.6388679361289507	1.1286005647082924	1.8571997975203343	1.175979170118298	1.2139889367726246	4.0330296823490155	1.1406644576747575	1.1447876352577748	1.4269896416506622	0.9430826284420705	-42.62719199917317	6.324255673132475	3.937786848826311	4.577569765246616	1.7769362952814551
0.004627208961961001	0.02165138282946706	0.1505597971294445	0.025341352643693804	0.06259801553664153	0.07974828825471157	0.014111459367611892	0.0363439882831335	0.015169207168670288	0.016051596768070872	0.24657411356778403	0.014376422589762584	0.01446766109099386	0.021590291445869787	0.01039473721804337	0.01146567313247607	-1.368293330100741	0.2300505203518348	0.35998754590844545	0.03318406785212501
0.036291841996222644	0.1470877022277911	0.7292864916966173	0.16881800375589595	0.36365461958829637	0.442979454174376	0.10057487723914205	0.23046765601539054	0.10729626107599852	0.11285004302401122	1.0515928662070173	0.10226529678147443	0.10284632866258087	0.14672276305912976	0.07634332607590272	0.08343084882631135	2.688484520351835	-8.27862047427322	1.3744335520164874	0.21319402149873826
0.020960746115685634	0.08924080152414057	0.4944032825834523	0.10311078370083082	0.23256125897516086	0.2874867229573908	0.060027246247010085	0.14313728821206498	0.06420570148847811	0.06766979831440285	0.740995290143265	0.061076664615427975	0.06143759905677672	0.08900901222317155	0.045097725712904865	0.049441765246615255	2.1446495459084454	0.7006615520164875	-5.5869994158023895	0.13182663076067705
0.2481931372695801	0.7610460842362348	2.287149614915669	0.843319768472109	1.4526657850601055	1.6580876805005318	0.569001858271926	1.0575015991074541	0.598332479068937	0.6221247265598904	2.868786871075844	0.5764356310205947	0.5789817736694898	0.7596285148558547	0.45774095699086	0.4912562952814558	5.060294067852125	2.7818700214987384	3.3742746307606777	-27.046691496468075