-38.75268969842856	1.9602925864834817	3.0049078317104785	1.5987559052826126	1.9260447470462152	0.2832082161540161	1.8142796321608787	1.189948505791341	1.4744100935792255	1.8000467540057317	2.83244704477651	2.1413089156955767	1.8844175505304221	1.7267284436562853	1.2298584409019593	1.8669829506817053	3.637370130213235	2.803846491384024	3.21818946114249	2.3596459972323687
0.42021858648348154	-20.24106215759596	1.7778525989329004	0.7645987715177465	0.9768794800831884	0.09440663080294223	0.9026013801704572	0.5229421400090145	0.688232213595481	0.8932731217797877	1.6406006768839019	1.1249266045788577	0.9490030185856348	0.8456962365226985	0.5453191885329632	0.937401819374888	2.305727634591514	1.6181460295011139	1.9517689244659147	1.281467101183472
0.17785083171047877	0.4908695989329005	-10.039046027896843	0.3560583307698102	0.4771964971052139	0.034514626593058505	0.4338960997450128	0.228459019181169	0.31449997024674836	0.42852659053340675	0.903700800439138	0.5663103877707748	0.4608332381233784	0.40138176327752734	0.239782693763481	0.4540631595255262	1.3928490674709137	0.8881929706085403	1.1256211348213732	0.6644392472783913
0.5734559052826124	1.2793727715177465	2.1578153307698105	-25.677320527955523	1.2522844622201563	0.1383197081642905	1.1647667068895184	0.7033879698507978	0.9074773712268006	1.1537206868116807	2.0066540972237648	1.4245674319723196	1.2195287560138621	1.097182700019049	0.7313552282151432	1.2058656458995813	2.728276647695049	1.9817923937678186	2.3475310414752175	1.6039656729403011
0.43257374704621515	1.0234824800831894	1.810782497105214	0.7841134622201564	-20.70091153825797	0.09778097413616658	0.9245197755566903	0.5376312915414648	0.7063129141364252	0.9150361849810807	1.6721918764110923	1.1502703344404024	0.9716795050307382	0.8666513327155387	0.5604924323358893	0.9598910178053845	2.3428271851605844	1.6495066655744892	1.986232938338648	1.3089349236386003
2.434538216154016	3.7858106308029424	5.012901626593059	3.3149497081642902	3.7425819741361663	-73.82290827827276	3.5996500337401316	2.7319000084742093	3.1443336236634587	3.581232969656247	4.819678249848149	4.010294268675558	3.689687363529565	3.485537568636146	2.7919089414216316	3.667415561665513	5.701620042112153	4.787356655759083	5.248297656742574	4.273213178497859
0.4757696321608786	1.1041653801704572	1.9224430997450126	0.8515567068895177	1.0794807755566898	0.10981003374013143	-22.276349397176336	0.5887842907094605	0.7689372514822225	0.9899985668496535	1.7795100099267323	1.2371169461838383	1.0496840356467252	0.9389167517704609	0.6132892934295181	1.0372723755663356	2.4679093229511633	1.7560753023739766	2.102850230440564	1.4027793915829998
0.8314285057913406	1.7044961400090142	2.6969960191811686	1.3701679698507974	1.6725822915414645	0.2220500084742095	1.5687742907094606	-33.8564501690633	1.2566078662001194	1.5555932351705066	2.530986216932953	1.8739417542566006	1.6338570068302622	1.4878362187565302	1.035715328832088	1.6176593686694611	3.311101735925256	2.5035253328125884	2.9032245412682247	2.0799063378512535
0.6402400935792252	1.3941362135954807	2.307386970246748	1.0986073712268003	1.3656139141364252	0.15883362366345877	1.2732772514822226	0.7809578662001196	-27.89338286373173	1.2616021567432623	2.151589583784408	1.5465831985268985	1.331088382942411	1.201768014188214	0.8111098852496591	1.3166752291898194	2.8916791507046655	2.1259197608736966	2.502298661078895	1.7340155363193164
0.4816067540057316	1.114907121779788	1.9371435905334067	0.8605806868116803	1.0900671849810804	0.11146296965624687	1.0100685668496545	0.5956732351705065	0.7773321567432622	-22.485604032023886	1.7936607540172471	1.2486531414938626	1.0600795192279813	0.9485681662164214	0.6203947875932473	1.0475872055391966	2.484297618181789	1.7701309862909984	2.118176072775252	1.415213514156532
0.20459804477650942	0.5528256768839015	1.1029088004391383	0.40410509722376436	0.537813876411092	0.04049924984814859	0.4901710099267323	0.261657216932953	0.3579105837844081	0.4842517540172472	-11.313613819782987	0.6353886226382225	0.5198282731155354	0.4542882476709704	0.2743764001821806	0.5123804005683261	1.5185584366084297	0.9833845562588368	1.2365037599246067	0.7421638125719817
0.36099191569557665	0.8846836045788579	1.6130503877707747	0.6695504319723198	0.8634243344404023	0.07864726867555831	0.7953099461838385	0.4521447542566007	0.6004361985268987	0.7867761414938629	1.4829206226382228	-17.97280855096604	0.8378277663357616	0.7433243213226164	0.47210882458322406	0.8271870812973567	2.118487382650366	1.461688793770479	1.7787571834421758	1.1454915913311479
0.4481325505304219	1.052792018585636	1.8516052381233783	0.808543756013862	1.0288655050307383	0.10207236352956457	0.9519090356467241	0.5560920068302625	0.7289733829424111	0.9422345192279815	1.7113922731155355	1.1818597663357613	-21.274004119735764	0.8928559167364839	0.5795538164675794	0.9879815370251639	2.38868279939881	1.6884273373107597	2.0289110220862487	1.3431192747984408
0.5129784436562852	1.1720202365226984	2.0146887632775274	0.9087327000190486	1.146372332715539	0.12045756863614594	1.063676751770461	0.6326062187565304	0.8221880141882143	1.0532581662164209	1.8683872476709706	1.3098913213226167	1.1153909167364833	-23.596442311671808	0.658469872091019	1.1024785964116974	2.570456540480356	1.8443694564572093	2.1989199168299915	1.4810992479125942
0.8007384409019592	1.6562731885329633	2.6377196937634806	1.327535228215143	1.6248434323358891	0.21145894142163152	1.5226792934295181	0.9651153288320886	1.2161598852496591	1.5097147875932473	2.473105400182181	1.8233058245832239	1.5867188164675796	1.443099872091019	-32.932018203747994	1.5707768108484674	3.247805214019101	2.445890184671886	2.8424125098085735	2.0266653508003873
0.4548319506817052	1.0653248193748888	1.8689691595255264	0.8190146458995812	1.0412110178053844	0.10393456166551283	0.9636313755663349	0.5640283686694616	0.7386942291898194	0.9538762055391965	1.7280784005683263	1.195353081297357	1.0121155370251633	0.9040775964116972	0.5877458108484676	-21.518778456223774	2.408142818771984	1.7049964984390704	2.0470488372003848	1.357703541743913
0.10650013021323514	0.31493163459151385	0.6890360674709138	0.22270664769504891	0.30542818516058445	0.019420042112152834	0.2755493229511636	0.13875173592525636	0.19497915070466582	0.27186761818178923	0.6155374366084296	0.3679343826503659	0.29409779939881003	0.25333654048035603	0.14605521401910104	0.28942381877198425	-6.334213962341119	0.6038111346600966	0.7866037645562738	0.4382433361893776
0.2094144913840235	0.5637880295011136	1.1208179706085404	0.4126603937678183	0.548545665574489	0.041594655759082874	0.5001533023739765	0.26761333281258826	0.3656577608736966	0.49413898629099834	1.0168015562588377	0.6475737937704787	0.5302803373107596	0.46368745645720927	0.28057818467188556	0.5227154984390703	1.5402491346600966	-11.537837896207442	1.2557423403532604	0.7558250053395169
0.14960346114249026	0.42325692446591484	0.8840921348213729	0.30424504147521725	0.41111793833864757	0.028381656742574656	0.37277423044056435	0.19315854126822513	0.2678826610788946	0.36803007277525196	0.7957667599246069	0.49048818344217554	0.3966100220862489	0.3440839168299914	0.20294650980857365	0.39061383720038506	1.2488877645562737	0.7815883403532604	-8.632071328882835	0.5785433321321654
0.3012199972323687	0.763115101183472	1.4330702472783916	0.5708396729403011	0.7439799236386002	0.06345717849785985	0.6828633915830002	0.380000337851254	0.5097595363193167	0.6752275141565323	1.3115868125719818	0.8673825913311477	0.720978274798441	0.6364232479125942	0.39735935080038726	0.711428541743913	1.9106873361893777	1.2918310053395172	1.5887033321321655	-15.559913393500624