-1.617079041563440356e+01 7.888650207738618914e-01 5.781152543226881768e-01 1.251158142568805420e+00 7.752849145931426378e-01 5.827289859782460724e-01 5.154309617156780376e-01 9.844316395003203102e-01 4.832678022293339093e-01 1.562330459874527788e+00 1.116532475776367273e+00 5.838044765366152689e-01 2.238201818378694252e+00 8.730625965925860044e-01 3.314161307688575087e-01 4.601206093164596500e-01 5.909709973049265264e-01 9.951528569959916526e-01 6.290989047694146574e-01 8.308163676378866880e-01
1.245815020773861859e+00 -2.042418948042203297e+01 7.482503424538534675e-01 1.531616505196832678e+00 9.839864018402647572e-01 7.538417531700225549e-01 6.718828967894033832e-01 1.227877765101409890e+00 6.323955098235036765e-01 1.877801768769727708e+00 1.379224508107653957e+00 7.551445851820675070e-01 2.607822149416461066e+00 1.098713737800186108e+00 4.427908417142707442e-01 6.038421384404537573e-01 7.638206014308538405e-01 1.240233329450051825e+00 8.098250179604877808e-01 1.049304607000663525e+00
1.589545254322688228e+00 1.302730342453853662e+00 -2.645591723549007312e+01 1.914484086808977636e+00 1.283768690162052639e+00 1.006840526826781046e+00 9.059706804357678944e-01 1.568866450939561341e+00 8.568884215591472397e-01 2.298451804093055273e+00 1.742242748446396927e+00 1.008433575922165648e+00 3.083460450908620309e+00 1.418833611150878138e+00 6.161615531429309733e-01 8.211880624065734935e-01 1.019034256230550994e+00 1.583114371479627414e+00 1.075016905563286995e+00 1.360885442637153941e+00
7.849381425688053415e-01 6.084465051968326321e-01 4.368340868089772844e-01 -1.248609048770833319e+01 5.972435156208628637e-01 4.405368716786726702e-01 3.867860948567644619e-01 7.717825815236630804e-01 3.613005091546440117e-01 1.273061422956401900e+00 8.840778803792764817e-01 4.414003835534224263e-01 1.886340395074595833e+00 6.783190839216632906e-01 2.429168219959868813e-01 3.430436921810816053e-01 4.471579336983017017e-01 7.808399035328738025e-01 4.778920310040721819e-01 6.431726320014344855e-01
1.264434914593142611e+00 1.016186401840263986e+00 7.614886901620528947e-01 1.552613515620862694e+00 -2.074836252729139829e+01 7.671513197367160197e-01 6.841196598338110668e-01 1.246333155849622898e+00 6.440923943741971858e-01 1.901146730687420350e+00 1.399009135354773781e+00 7.684707058419900649e-01 2.634687302634720840e+00 1.115925341740400478e+00 4.516616551222436549e-01 6.151388186104659317e-01 7.772565748548806441e-01 1.258802240928859728e+00 8.238324420362972411e-01 1.066011527468672782e+00
1.580508985978245962e+00 1.294671753170022477e+00 9.931905268267756659e-01 1.904536871678672805e+00 1.275781319736716046e+00 -2.629605348312312785e+01 8.996027363226749562e-01 1.559894812938197983e+00 8.507622705702356791e-01 2.287646236853115411e+00 1.732754800550042829e+00 1.001585837408196289e+00 3.071444641813057874e+00 1.410357439745294261e+00 6.113472770121561872e-01 8.152429104994010078e-01 1.012138722225228049e+00 1.574098110900133074e+00 1.067874442750077257e+00 1.352613786144879038e+00
1.721210961715678112e+00 1.420712896789403157e+00 1.100320680435767473e+00 2.058786094856764670e+00 1.400749659833810945e+00 1.107602736322675252e+00 -2.879324263843573206e+01 1.699631461583826164e+00 9.474616161247688684e-01 2.454557370036006603e+00 1.880187778269032384e+00 1.109298305177613964e+00 3.256025399014346622e+00 1.542675632942964503e+00 6.878472553679055856e-01 9.091690654069161104e-01 1.120578265062075918e+00 1.714501306568968264e+00 1.180065601954408683e+00 1.481860550972800894e+00
1.015731639500320860e+00 8.022277651014100286e-01 5.887364509395612844e-01 1.269302581523663154e+00 7.884831558496230297e-01 5.934148129381980885e-01 5.251514615838263067e-01 -1.644158957889677808e+01 4.925091420555228749e-01 1.582962216050212145e+00 1.133433674579146899e+00 5.945053373361518512e-01 2.262784167670942814e+00 8.874113069803828413e-01 3.382209617717575889e-01 4.690096026673812868e-01 6.017717294146665008e-01 1.010833843706564927e+00 6.404221720519324146e-01 8.446775571755138490e-01
1.796031802229333785e+00 1.488209509823503973e+00 1.158222421559147008e+00 2.140284509154644077e+00 1.467706394374197254e+00 1.165746270570235721e+00 1.054445616124768614e+00 1.773973142055523144e+00 -3.012809601542669569e+01 2.542215505505687645e+00 1.958337408110528921e+00 1.167497967787431978e+00 3.352137173603090492e+00 1.613320403538985648e+00 7.298528219965070285e-01 9.602729321017714481e-01 1.179149690083620694e+00 1.789173888409395063e+00 1.240551376300712327e+00 1.550967182097616082e+00
5.921404598745277914e-01 4.506617687697278551e-01 3.168318040930555579e-01 7.690914229564019822e-01 4.418067306874204903e-01 3.196762368531154697e-01 2.785873700360063099e-01 5.814722160502122650e-01 2.592615055056873841e-01 -9.205217865290210355e+00 6.731294455926914999e-01 3.203398654500111409e-01 1.539292677518190322e+00 5.062378552304641621e-01 1.709325067776206741e-01 2.454816057029195475e-01 3.247674636979978602e-01 5.888150464156441943e-01 3.484831714368167854e-01 4.782087126416997291e-01
8.918724757763674127e-01 6.976145081076539078e-01 5.061527484463966831e-01 1.125637880379276590e+00 6.851991353547735031e-01 5.103148005500427464e-01 4.497477782690320613e-01 8.774736745791471559e-01 4.209134081105288527e-01 1.418659445592691304e+00 -1.431435418533057202e+01 5.112852036424387903e-01 2.065208766726241318e+00 7.748114132290073730e-01 2.858595317820479820e-01 4.002087691386070900e-01 5.177534161233691146e-01 8.873882562874759738e-01 5.522220105069498564e-01 7.360309627285237521e-01
1.578414476536615263e+00 1.292804585182067534e+00 9.916135759221642587e-01 1.902230383553422222e+00 1.273930705841990196e+00 9.984158374081916199e-01 8.981283051776141058e-01 1.557815337336151851e+00 8.493439677874319305e-01 2.285139865450010799e+00 1.730555203642438977e+00 -2.625900884406324209e+01 3.068656183836262930e+00 1.408393191260453481e+00 6.102333280811046423e-01 8.138666171334374422e-01 1.010541784737709836e+00 1.572008255599089077e+00 1.066220151985476372e+00 1.350697087591605117e+00
3.330418183786938435e-01 2.457121494164606068e-01 1.668704509086202659e-01 4.474003950745957803e-01 2.403773026347205133e-01 1.685046418130580481e-01 1.450853990143466388e-01 3.263241676709427441e-01 1.342131736030904854e-01 6.043226775181899102e-01 3.847087667262411026e-01 1.688861838362627488e-01 -4.807254148272074978e+00 2.795553078836467975e-01 8.578256676543066783e-02 1.265188466628967556e-01 1.714343853109250859e-01 3.309456073736233295e-01 1.851603452168678887e-01 2.624099624634614880e-01
1.138682596592585750e+00 9.073837378001858855e-01 6.730236111508779429e-01 1.410159083921663337e+00 8.923953417404000277e-01 6.781974397452944503e-01 6.025156329429642854e-01 1.121731306980383369e+00 5.661764035389857952e-01 1.742047855230463904e+00 1.265091413229007644e+00 6.794031912604532319e-01 2.450335307883646951e+00 -1.856454720688687843e+01 3.929327482767976942e-01 5.399520708301700500e-01 6.874348122577257358e-01 1.133406546433398887e+00 7.300823331553625284e-01 9.535957739165098479e-01
2.244102130768857339e+00 1.898526841714270663e+00 1.517417553142931030e+00 2.621822821995987152e+00 1.875197655122243567e+00 1.526253277012156184e+00 1.394753255367905842e+00 2.219606961771757536e+00 1.329774821996506873e+00 3.053808506777620835e+00 2.423205531782048006e+00 1.528309328081104868e+00 3.903628566765430907e+00 2.039998748276797613e+00 -3.822032515554131038e+01 1.282073310591628434e+00 1.541975238675459048e+00 2.236490826305664203e+00 1.613702744829567548e+00 1.969677034563375395e+00
1.853419609316459660e+00 1.540191138440454077e+00 1.203057062406573507e+00 2.202562692181081694e+00 1.519287818610465690e+00 1.210761910499401184e+00 1.096688065406915991e+00 1.831008602667381302e+00 1.040807932101771360e+00 2.608970605702919610e+00 2.018167769138607071e+00 1.212555617133437291e+00 3.424977846662896841e+00 1.667631070830170259e+00 7.626863105916285024e-01 -3.115517114215361616e+01 1.224485523252662134e+00 1.846452694833980113e+00 1.287317960767071723e+00 1.604140911609736042e+00
1.564570997304926436e+00 1.280470601430853783e+00 9.812042562305487436e-01 1.886977933698301912e+00 1.261706574854880802e+00 9.879587222252219636e-01 8.883982650620758648e-01 1.544071729414666416e+00 8.399856900836207840e-01 2.268557463697997711e+00 1.716013416123369106e+00 9.895317847377106402e-01 3.050194385310925238e+00 1.395414812257725901e+00 6.028892386754589605e-01 8.047865232526624224e-01 -2.601426063832263580e+01 1.558195695058284702e+00 1.055298179724802665e+00 1.338034369178606076e+00
1.004862856995983877e+00 7.929933294500517427e-01 5.813943714796272477e-01 1.256769903532873878e+00 7.793622409288597508e-01 5.860281109001327371e-01 5.184313065689684086e-01 9.892438437065690371e-01 4.861198884093952399e-01 1.568715046415644077e+00 1.121758256287476607e+00 5.871082555990891905e-01 2.245815607373623735e+00 8.774965464333991383e-01 3.335148263056643692e-01 4.628636948339802659e-01 5.943056950582847886e-01 -1.625447834811039982e+01 6.325953933795867012e-01 8.350991744511896409e-01
1.494068904769414896e+00 1.217845017960487830e+00 9.285569055632864055e-01 1.809082031004072277e+00 1.199652442036297284e+00 9.350644427500778288e-01 8.392556019544085144e-01 1.474092172051932437e+00 7.927573763007120800e-01 2.183643171436816743e+00 1.641852010506949844e+00 9.365801519854769497e-01 2.955290345216867731e+00 1.329432333155362578e+00 5.659867448295675674e-01 7.589889607670715632e-01 9.466681797248017727e-01 1.487855393379586610e+00 -2.477036949128088850e+01 1.273697305887698805e+00
1.190726367637886751e+00 9.522646070006637320e-01 7.093654426371540644e-01 1.469302632001434628e+00 9.367715274686720939e-01 7.147437861448792118e-01 6.359905509728008832e-01 1.173287557175513918e+00 5.981131820976159919e-01 1.808308712641699678e+00 1.320600962728523786e+00 7.159970875916050748e-01 2.527479962463461405e+00 1.047885773916509278e+00 4.169010345633755721e-01 5.707519116097361511e-01 7.243443691786058958e-01 1.185299174451189819e+00 7.686373058876990738e-01 -1.946677194816902556e+01
