-20.093111500164078	2.096849653678207	1.3275830848000154	2.6741892080546332	1.1629293569123615	0.2377820200180752	0.24684667622543588	2.80292208328982	1.6256144572831959	2.340512236207062	3.165518952958819	0.4246622212442125	0.5982736710340586	0.4506567793370114	0.2525142062435048	0.6326170442729644	0.01589618237090764	0.026684266063815437	0.011059400163864922	6.110147876918119e-12
0.3746496536782072	-8.824779227424992	0.5405082048433767	1.4023616929818528	0.45478476077926044	0.06738278767062661	0.0703022309954784	1.498031138160605	0.7073322248594158	1.1642644265042736	1.7779981888722145	0.13154320494950175	0.19802388518162664	0.1410933934499542	0.07213813614638225	0.21190721962584957	0.0036579504524543423	0.006292248135967956	0.002507880136788058	1.1561159215526604e-12
0.7313230848000153	1.6664482048433769	-15.530678935070275	2.19141705504767	0.8636351349396089	0.15645866869490735	0.16274321029016703	2.310723808887123	1.2529018631664166	1.885833337302784	2.650435735754672	0.2892838116969298	0.4179763441819558	0.30825356214054617	0.16668148911614752	0.4439607308156943	0.009626584201474036	0.016317682453810628	0.006658626733541404	3.4346276724911626e-12
0.23274920805463303	0.6831216929818527	0.3462370550476695	-5.742633857434985	0.28696267917669144	0.03821698023569682	0.039933305496345446	1.077877314787139	0.46503371203165317	0.8102920751149253	1.3107121878839905	0.07668433937218112	0.1179240680361735	0.08252970693408551	0.04101448513818631	0.12668814279074808	0.0019490193268362156	0.0033776775055775607	0.001330207520023397	5.762711107303533e-13
0.8530493569123613	1.8671047607792604	1.150015134939609	2.418522679176691	-17.632118410172843	0.19180458913644433	0.19932674490314964	2.54264114663361	1.4249434267836758	2.098692582784742	2.894105148707147	0.34895386798586187	0.49824481581052477	0.37112288217467115	0.20403560397018805	0.52809849338303	0.012261662631218511	0.02069145699624839	0.008504056459883242	4.529579736575667e-12
2.647980020018075	4.199780787670626	3.162916668694907	4.889854980235697	2.9118825891364444	-45.75686934753425	1.0276797707694445	5.0373693163093565	3.5866704073511917	4.4975015974017465	5.443697980532319	1.5082272325939583	1.9000328450103878	1.5707827394915257	1.0447903916121808	1.971320870212307	0.1079269861948551	0.17062757970980824	0.07782658452698987	6.242628161666187e-11
2.602186676225436	4.1478422309954786	3.114343210290167	4.836713305496346	2.864546744903149	0.9728217707694453	-45.052213881143196	4.984040273918803	3.5364280373459547	4.444969685507112	5.389948075784502	1.4731278361223896	1.8603570596896946	1.5348743242384777	1.0168050952479684	1.9309279476623982	0.10359128484375589	0.1640723526647854	0.07461796937812021	5.921496921991249e-11
0.20957208328981983	0.6268811381606051	0.31363380888712267	0.925967314787139	0.2591711466336101	0.03382131630935512	0.03535027391880369	-5.199072167348778	0.4234314251184748	0.7464666380936705	1.2224026665758014	0.06821508598095709	0.1053231971881021	0.07346156409248744	0.03631373129321511	0.11323521021404545	0.0017046868798150463	0.002958435941949832	0.0011624439833056986	4.974318028154323e-13
0.5601144572831955	1.3640322248594159	0.783661863166417	1.8409737120316532	0.6693234267836756	0.11097240735119138	0.11558803734595421	1.951281425118475	-12.440540349965502	1.5615489869201262	2.2686362692816364	0.21025242839828848	0.3093767497980448	0.22469784061291867	0.11848505610178842	0.3296923155733192	0.006451019592978765	0.011007781668397167	0.004444348075843686	2.1821195189383233e-12
0.30601223620706197	0.8519644265042733	0.4475933373027839	1.217232075114925	0.3740725827847422	0.05280359740174543	0.05512968550711199	1.3053166380936707	0.5925489869201261	-7.37948821127025	1.5654190506504466	0.10438622485384336	0.15867511998859388	0.11213746276769983	0.056593616054775094	0.17010330220970424	0.002785731018863494	0.00480817428225091	0.0019059636067775122	8.545472506644301e-13
0.15612895295881934	0.4908081888722144	0.23730573575467254	0.7427621878839906	0.1945951487071477	0.024109980532318862	0.02521807578450226	0.806362666575801	0.3247462692816362	0.5905290506504464	-3.884565028781632	0.04926826153594289	0.0768519847530614	0.053143256280865935	0.025916893191315783	0.08278239517533188	0.0011793555703600552	0.0020542005081108637	0.0008024247647613536	3.3242735239506427e-13
1.9478492212442122	3.3769302049495016	2.4087308116969295	4.0413113393721805	2.182020867985862	0.6212162325939582	0.6409748361223898	4.184752085980957	2.7989394283982887	3.662073224853843	4.581845261535943	-35.0142731074491	1.3124029695445496	1.0487828459886035	0.6532426707793904	1.370903763158852	0.05468948909958171	0.08879562211241332	0.03881223200508563	2.6563948034926197e-11
1.5506636710340584	2.8726138851816265	1.9666263441819556	3.5117540680361734	1.7605148158105246	0.44222484501038756	0.45740705968969436	3.651063197188102	2.327266749798045	3.1455651199885937	4.038631984753062	0.7416059695445495	-28.879853714570693	0.7813295321040058	0.4668596005301134	1.0493820341126514	0.034724918932133794	0.057182880514651833	0.024437038145044575	1.5320249114244932e-11
1.8778147793370115	3.290451393449954	2.3316715621405457	3.951127706934086	2.108160882174671	0.5877427394915254	0.6066923242384776	4.093969564092486	2.717355840612919	3.5737954627677	4.4896912562808655	0.9527538459886039	1.2560975321040058	-33.93806323762047	0.6184634211458161	1.3130928417913115	0.050708568152936236	0.08254078806969412	0.035932728823646676	2.4215434651362135e-11
2.5744302062435045	4.116254136146382	3.084857489116147	4.804370485138186	2.835831603970188	0.9565083916121804	0.9833810952479708	4.951579731293215	3.5059010561017887	4.413009616054774	5.357222893191316	1.45197167077939	1.8363856005301133	1.513221421145816	-44.62538027328026	1.9065141097503546	0.10102819382857511	0.1601890251193265	0.07272354795368853	5.733979651171254e-11
1.4878170442729644	2.7893072196258495	1.8954207308156943	3.4233281427907483	1.69317849338303	0.4163228702123069	0.4307879476623982	3.5617852102140453	2.250392315573319	3.059803302209704	3.9473723951753317	0.7029167631588518	0.9521920341126513	0.7411348417913112	0.4397981097503549	-27.899208001176696	0.03210411051216666	0.05298329975098644	0.022563170151025453	1.3949180527940445e-11
5.939136182370907	7.649097950452455	6.529126584201473	8.366629019326837	6.245381662631218	3.6209689861948546	3.6714912848437558	8.518294686879814	6.995191019592979	7.960525731018862	8.933809355570359	4.454742489099581	5.005574918932134	4.546790568152936	3.7023521938285753	5.100144110512166	-99.38507826024077	1.3464461999270938	0.7993753148850604	1.8197141954222258e-9
5.322264266063816	7.024072248135968	5.908157682453811	7.740397677505578	5.626151456996248	3.0560095797098086	3.1043123526647856	7.891888435941951	6.372087781668398	7.334888174282252	8.307024200508112	3.861188622112414	4.400372880514652	3.9509627880696945	3.1338530251193273	4.493363299750986	0.7187861999270939	-88.80771938080841	0.5619387083859013	9.976357560235217e-10
6.366599400163865	8.080247880136788	6.958458626733542	8.798310207520023	6.673924056459883	4.02316858452699	4.07481796937812	8.950052443983306	7.425484348075845	8.39194596360678	9.365732424764763	4.871165232005086	5.427587038145044	4.9643147288236475	4.106347547953689	5.522903170151026	1.2316753148850612	1.6218987083859018	-106.85463364845108	2.7517268050140833e-9
29.195070000006112	30.91727000000116	29.79133000000343	31.636510000000573	29.50495000000453	26.784872000062432	26.839730000059213	31.7884200000005	30.260570000002183	31.22957000000085	32.20446000000033	27.671883000026565	28.24268000001532	27.767912000024218	26.873154000057344	28.33987000001395	23.271830001819712	23.899490000997638	22.839530002751726	-539.0591010058479