-8.588511335967526250e+00 8.089398642398119010e-01 3.643636885431223993e-01 3.850186797715807879e-02 1.496207374389533544e-05 4.113089761904912822e-01 6.779597667199672473e-08 1.384143575094814782e+00 2.343210542382819731e-03 1.283180750128488867e+00 2.819918084317289408e-01 2.516188764655816201e-01 1.237210502821318447e-01 2.828603520031418017e-01 4.341750837608358555e-04 4.679906066257543684e-01 7.979098741461083666e-01 2.089186516015604234e+00 3.463467232666945691e-07 7.679809993148482837e-07
1.219007864239812111e+00 -1.069182147525286020e+01 4.708048415854265145e-01 5.332089700171100538e-02 2.187325046023778390e-05 5.283420410832814218e-01 1.000120751370389359e-07 1.648659943539612538e+00 3.353968460457903717e-03 1.536932264781211366e+00 3.686020542594654059e-01 3.304689748700854190e-01 1.666101715447265708e-01 3.696887354000087944e-01 6.275840971029642739e-04 5.972003339545768341e-01 9.872273476504225265e-01 2.410950840444131771e+00 5.098609434466798274e-07 1.129217348194409690e-06
2.130166688543122522e+00 1.826539841585426371e+00 -1.985442555883771121e+01 1.487422662202419477e-01 7.622254901458261898e-05 1.098766923577750632e+00 3.604175477499619024e-07 2.685967365776246840e+00 1.074780638375270880e-02 2.545619739108540891e+00 8.167813575714695240e-01 7.454475997232756779e-01 4.142357689982754110e-01 8.187884645855570964e-01 2.092740613648325348e-03 1.213433832563488579e+00 1.808294524868324205e+00 3.588718211423167936e+00 1.823427168946610842e-06 4.020901693288457930e-06
4.880874867977158083e+00 4.485625897001709994e+00 3.225312266220241586e+00 -5.214351354112738335e+01 1.227932796480104031e-03 3.397380808992352730e+00 6.457609505060819378e-06 5.553996772683963634e+00 1.251912594596928108e-01 5.388890371967821835e+00 2.881231671359968161e+00 2.736448520872785561e+00 1.940750368269049897e+00 2.885207326779910986e+00 2.867520067073519793e-02 3.587690604678968054e+00 4.461056900329408492e+00 6.563844910135946620e+00 3.192990119548149255e-05 6.947342048245484824e-05
1.372955796207374313e+01 1.331949687325045950e+01 1.196381622254901345e+01 8.888397932796481271e+00 -1.843786404536182033e+02 1.215523394992867878e+01 1.841431263348956848e-02 1.441919188440412469e+01 5.595598946798767237e+00 1.425082922120436280e+01 1.157186910684525571e+01 1.140251735197494831e+01 1.040101630725944659e+01 1.157647864828204831e+01 3.775129519341886120e+00 1.236403279002404254e+01 1.329384239844436344e+01 1.544167303712229611e+01 7.333209834345968958e-02 1.382118903413787903e-01
1.985681976190491360e+00 1.692647041083281678e+00 9.073369235777504205e-01 1.293808089923528526e-01 6.394992867914876637e-05 -1.835171845576377336e+01 3.008417178889087943e-07 2.526610888779597275e+00 9.138527791465463068e-03 2.389540204452235361e+00 7.364993260560647181e-01 6.703930725640488975e-01 3.670145007338095899e-01 7.383628095057136465e-01 1.767995421877399621e-03 1.108035830328502502e+00 1.675103774608078133e+00 3.414135638784244087e+00 1.523775432457813635e-06 3.362348429648782134e-06
1.947594306779597773e+01 1.906587510001207164e+01 1.771014036041754736e+01 1.463357645760950376e+01 5.764814312633489202e+00 1.790157030084171552e+01 -2.866179902494728822e+02 2.016558403522158827e+01 1.132090719342182794e+01 1.999722004133208486e+01 1.731816052157940433e+01 1.714879061179880892e+01 1.614710156854921053e+01 1.732277051931866296e+01 9.427059602137450867e+00 1.811038024699574223e+01 1.904022010247300400e+01 2.118807001331157736e+01 2.097915721882505302e+00 2.781890472140746251e+00
6.945025750948148335e-01 5.489509435396124903e-01 2.305233657762469079e-01 2.198277268396349460e-02 7.884404125723175436e-06 2.625968887795965823e-01 3.522158932434455982e-08 -5.697737588208999782e+00 1.274962434674116940e-03 9.181790877933636574e-01 1.752983063182285139e-01 1.552990996715617744e-01 7.357606773955031876e-02 1.758732061687117709e-01 2.327946314580058192e-04 3.018616347413197731e-01 5.406925082716844688e-01 1.596884873348790590e+00 1.805326506184678234e-07 4.010570556705504334e-07
8.157516210542382851e+00 7.748458968460457896e+00 6.400117806383752495e+00 3.437991259459692639e+00 2.122894679876729390e-02 6.589938527791464828e+00 1.371934218290386310e-04 8.846088962434674130e+00 -9.734453175544423686e+01 8.677930068407267328e+00 6.012332028950111429e+00 5.845227766815726866e+00 4.865329928353682831e+00 6.016884566794113987e+00 3.353623867858610552e-01 6.797259687695132335e+00 7.722879767931368988e+00 9.867811572165578582e+00 6.518905920871823642e-04 1.384215660276640492e-03
7.619037501284887659e-01 6.055872647812111653e-01 2.585397391085405006e-01 2.524037196782201800e-02 9.221204361668375860e-06 2.938902044522350154e-01 4.133208615886710084e-08 1.086543087793364171e+00 1.480068407266571994e-03 -6.332395006648483538e+00 1.974049857368488647e-01 1.751730722539286411e-01 8.370062134075494098e-02 1.980432965121018407e-01 2.711637940482507550e-04 3.370269227738119100e-01 5.966806134143266549e-01 1.710899899904297028e+00 2.116860621686327656e-07 4.700569270586526756e-07
2.439774808431729447e+00 2.116317054259465369e+00 1.208761357571469519e+00 1.966416713599679345e-01 1.091068452556142351e-04 1.319909326056064369e+00 5.215794067917244008e-07 3.022722306318228469e+00 1.494202895011132771e-02 2.876464985736848501e+00 -2.314180802342619359e+01 9.177043742746494592e-01 5.262221907487737438e-01 1.002306771007715369e+00 2.950872741226314485e-03 1.447872013022313720e+00 2.096743060318418728e+00 3.952357145347219713e+00 2.632339151865186150e-06 5.796518176581431553e-06
2.578771876465581592e+00 2.247553974870085014e+00 1.306797599723275249e+00 2.212285208727853003e-01 1.273519749477428661e-04 1.423173072564048569e+00 6.117988119421873983e-07 3.172093099671561500e+00 1.720776681572664182e-02 3.023603072253928215e+00 1.087074374274649591e+00 -2.464780742724263263e+01 5.814045246665713318e-01 1.089511148429169296e+00 3.420699234422407836e-03 1.556687680668883411e+00 2.227454760652950227e+00 4.111687420543979954e+00 3.084293578688598030e-06 6.787467675524307862e-06
3.452564050282131980e+00 3.085385171544726468e+00 1.977275768998274952e+00 4.272203682690495219e-01 3.163072594458260891e-04 2.121484500733809231e+00 1.568549210009595712e-06 4.092060067739550000e+00 3.899992835368238514e-02 3.933820621340754720e+00 1.697282190748773623e+00 1.583094524666571301e+00 -3.453862373887172765e+01 1.700449296954812839e+00 8.112197349995603490e-03 2.283938481374832907e+00 3.062809071471205957e+00 5.073784558689648172e+00 7.852798171605127799e-06 1.721174707900826036e-05
2.436033352003141417e+00 2.112793735400008810e+00 1.206158464585556755e+00 1.960073267799110064e-01 1.086482820471057031e-04 1.317162809505713517e+00 5.193186624909810443e-07 3.018687206168711334e+00 1.488456679411328740e-02 2.872493296512101946e+00 9.976967710077080387e-01 9.155311484291697166e-01 5.247792969548130682e-01 -2.310152903031740479e+01 2.939011284376355417e-03 1.444972442734375306e+00 2.093234461306730410e+00 3.948037580582579587e+00 2.621006577032992370e-06 5.771661107953901182e-06
1.005007717508376075e+01 9.640202584097103511e+00 8.285932740613647596e+00 5.235945200670735211e+00 9.522951934188628176e-02 8.477037995421877525e+00 7.596021374511242224e-04 1.073951679463145759e+01 2.229832386785861154e+00 1.057119116379404922e+01 7.894810872741226504e+00 7.725910699234422196e+00 6.728912197349996127e+00 7.899409011284376447e+00 -1.256474400033462473e+02 8.685550108219377563e+00 9.614562180489786059e+00 1.176186170737454439e+01 3.480158726928811973e-03 7.217905347759279860e-03
1.833553606625754506e+00 1.552695333954576817e+00 8.131938325634886500e-01 1.108806046789679589e-01 5.279002404328480668e-05 8.992258303285017851e-01 2.469957438597160392e-07 2.357065634741319471e+00 7.649687695132406998e-03 2.223866922773812149e+00 6.556520130223139065e-01 5.950976806688835774e-01 3.206584813748332152e-01 6.573624427343752741e-01 1.470108219378980395e-03 -1.679069392445006770e+01 1.535952876799721922e+00 3.226311812796438971e+00 1.252580153325741749e-06 2.765872628330945812e-06
1.233632874146108449e+00 1.012882347650428505e+00 4.782145248683239980e-01 5.440690032940821708e-02 2.239844436423636722e-05 5.364537746080779712e-01 1.024730078906326375e-07 1.666056508271684500e+00 3.429767931368248382e-03 1.553680613414326839e+00 3.746830603184186370e-01 3.360247606529502273e-01 1.696890714712065429e-01 3.757844613067302664e-01 6.421804897866740082e-04 6.061128767997219224e-01 -1.083343395501964324e+01 2.431716052746387913e+00 5.223368055018827523e-07 1.156760536107230217e-06
3.770595160156041681e-01 2.887558404441316617e-01 1.107882114231676235e-01 9.344910135946644242e-03 3.037122296237482301e-06 1.276356387842440820e-01 1.331157722996670507e-08 5.743988733487904730e-01 5.115721655779216677e-04 5.200498999042971748e-01 8.244714534721971078e-02 7.240742054398018046e-02 3.281455868964907457e-02 8.273758058257962844e-02 9.170737454395221685e-05 1.486218127964389346e-01 2.838660527463877092e-01 -2.711534011916767017e+00 6.853788052609186193e-08 1.526424535756146331e-07
1.775234334634672351e+01 1.734227550986094002e+01 1.598654182342716545e+01 1.291000192990119366e+01 4.096132098343458594e+00 1.617797152377543313e+01 3.743157218825039489e-01 1.844198418053264987e+01 9.597821890592085126e+00 1.827362021168605821e+01 1.559456263233914974e+01 1.542519308429357672e+01 1.442350785279817060e+01 1.559917262100657531e+01 7.706180158726926521e+00 1.638678125258015328e+01 1.731662052233680527e+01 1.946447006853788153e+01 -2.543508659970123631e+02 1.481369568044886176e+00
1.690724376798100081e+01 1.649717612921734755e+01 1.514144402090169272e+01 1.206493947342048223e+01 3.315911890341378676e+00 1.533287336234842968e+01 2.131904721407466563e-01 1.759688440105705709e+01 8.753454215660276816e+00 1.742852047005692384e+01 1.474946579651817657e+01 1.458009678746767612e+01 1.357841721174707850e+01 1.475407577166110862e+01 6.864817905347758931e+00 1.554168276587262909e+01 1.647152115676053441e+01 1.861937015264245332e+01 6.362695680448876567e-01 -2.390473553191876590e+02
