-1.851195024001730260e+01 1.008621133149392168e+00 1.208409396148156789e+00 1.106526354755548613e+00 1.014065837146286952e+00 2.037795501248241159e+00 1.113927594493880679e+00 2.554742042345248265e-01 1.178793684485661020e+00 8.728907589910080977e-01 9.517489369706311209e-01 1.408334350282638647e+00 1.267594032216558808e-01 1.285490656826005385e+00 1.043764391262810953e+00 9.287167190510773329e-01 4.857722876299428449e-01 3.366303458380915936e-01 1.145014247443784106e+00 1.003214436837964518e+00
9.914281331493857152e-01 -1.835056851003632872e+01 1.198721426946842250e+00 1.097364970109903526e+00 1.005413734386378266e+00 2.024893622338088672e+00 1.104726765117013842e+00 2.525155760326613930e-01 1.169255196566451271e+00 8.650791324044035946e-01 9.434580762406685750e-01 1.397708885301770732e+00 1.251665702603664554e-01 1.275426832926103371e+00 1.034945311599830386e+00 9.205632160856149770e-01 4.807341518785216428e-01 3.328929281434236387e-01 1.135649812697500982e+00 9.946241678513975115e-01
8.170523961481566122e-01 8.245574269468424200e-01 -1.505924637171205127e+01 9.101763953453141376e-01 8.293001643010745605e-01 1.753878654705207429e+00 9.166771910212189178e-01 1.950650612864333888e-01 9.738160996699410932e-01 7.070758259480466323e-01 7.751537380991466719e-01 1.178245345444649539e+00 9.470430004158796045e-02 1.068422240259358613e+00 8.552090879858598171e-01 7.552182005681412624e-01 3.810429274557627366e-01 2.597772069080911961e-01 9.440240837297917409e-01 8.198500258474260560e-01
9.005403547555489441e-01 9.085719701099029821e-01 1.095547395345313868e+00 -1.663723481112016600e+01 9.136459956004299165e-01 1.885767424688973737e+00 1.006927422893376223e+00 2.219196483964453182e-01 1.067732431722214548e+00 7.825039351847212776e-01 8.556481449873405420e-01 1.284137481567743988e+00 1.088307197364221379e-01 1.168092927097374112e+00 9.413446825858342581e-01 8.342555013344068460e-01 4.280997803611444330e-01 2.940868805198755820e-01 1.036047499212687351e+00 9.035346150204078830e-01
9.860648371462857886e-01 9.946057343863887734e-01 1.192656164301074462e+00 1.091630995600429754e+00 -1.824957741508144338e+01 2.016802606668650633e+00 1.098967980818832180e+00 2.506708015911958687e-01 1.163283993910537495e+00 8.601935469491021058e-01 9.382713968306027885e-01 1.391053393740242061e+00 1.241745571208084237e-01 1.269125005326646738e+00 1.029426598501278267e+00 9.154628504549812140e-01 4.775882892520305067e-01 3.305612440290525145e-01 1.129788114317708869e+00 9.892493041355953087e-01
3.936605012482414234e-01 3.979516223380884510e-01 5.011006547052071491e-01 4.476184246889737817e-01 4.006686066686505066e-01 -6.953488118311535793e+00 4.514423273602670705e-01 7.761764265155272902e-02 4.853675409866830548e-01 3.319670753112538564e-01 3.698926928999147767e-01 6.112298356309263658e-01 3.559812178641048874e-02 5.427580515567951291e-01 4.155825108385151068e-01 3.586971725816461842e-01 1.631201487079409485e-01 1.063474942948515606e-01 4.676087948579947251e-01 3.952588991976224708e-01
8.941185944938808694e-01 9.021107651170144903e-01 1.088225191021218397e+00 9.931044228933789686e-01 9.071599808188320901e-01 1.875768327360267218e+00 -1.651601111650796483e+01 2.198114730567972686e-01 1.060531661833880035e+00 7.766873608401126949e-01 8.494508419712384351e-01 1.276047662208295463e+00 1.077144409652278922e-01 1.160464229834686334e+00 9.347247135400139628e-01 8.281675882409416101e-01 4.244358001146251169e-01 2.914021407260958263e-01 1.028987797019844885e+00 8.970981244516115227e-01
2.560189204234524674e+00 2.574423576032661476e+00 2.891137061286433330e+00 2.732620648396445251e+00 2.583386801591195603e+00 4.026467642651552659e+00 2.744335473056797259e+00 -4.779682216535321970e+01 2.845651636018404318e+00 2.343880761922243039e+00 2.479540098783888702e+00 3.187038940722874081e+00 5.849766887034252294e-01 3.007419662777328195e+00 2.631923559171105875e+00 2.440430811365722263e+00 1.582294149752018653e+00 1.222414045456401199e+00 2.793188780380464031e+00 2.565502623049734865e+00
8.402696844856608616e-01 8.479241965664515712e-01 1.026649099669941778e+00 9.351944317222151692e-01 8.527609939105373904e-01 1.790978540986683409e+00 9.418166618338810192e-01 2.024126360184044793e-01 -1.549852265773339433e+01 7.280094157864505089e-01 7.975218941765880309e-01 1.207852489489638081e+00 9.854906706804723859e-02 1.096248806089612282e+00 8.791783030802843291e-01 7.771734408703027119e-01 3.940025346686591434e-01 2.691888248175913767e-01 9.696685088644726447e-01 8.431231276279700371e-01
1.138887758991008470e+00 1.148269132404403869e+00 1.364429825948046737e+00 1.254486935184721208e+00 1.154191546949101976e+00 2.242099075311253742e+00 1.262493360840112766e+00 3.051627619222433418e-01 1.332530415786450373e+00 -2.112275870190962834e+01 1.086293346217888534e+00 1.578600740464087826e+00 1.538422427522213587e-01 1.447238352024395436e+00 1.186463231474761626e+00 1.061133674659430870e+00 5.691356907916721442e-01 3.990267600354721056e-01 1.296087643250230403e+00 1.142386206902126666e+00
1.049854936970631369e+00 1.058757076240668837e+00 1.264616738099146431e+00 1.159740144987340571e+00 1.064378396830603313e+00 2.112133692899914816e+00 1.167365841971238272e+00 2.729310987838886038e-01 1.234151894176587883e+00 9.184023462178889652e-01 -1.944994520727458109e+01 1.469855454340578182e+00 1.362036028168783219e-01 1.343830786323205073e+00 1.095028824571188775e+00 9.761831366435397284e-01 5.153233759842901218e-01 3.586304181427979465e-01 1.199383098470906406e+00 1.053174342803284924e+00
6.794393502826383546e-01 6.860068853017708967e-01 8.407073454446495342e-01 7.612284815677442529e-01 6.901593937402420442e-01 1.526469835630926530e+00 7.669616622082954249e-01 1.534289407228741908e-01 8.174814894896380579e-01 5.837087404640880495e-01 6.428544543405779743e-01 -1.244701224800789241e+01 7.322099012423034792e-02 9.016152066447064017e-01 7.128739476221639393e-01 6.254957066330141258e-01 3.062885722315766279e-01 2.060720254919853334e-01 7.911122107769146261e-01 6.818870092898562385e-01
3.422634403221656019e+00 3.438234570260366940e+00 3.781936300041588428e+00 3.610691719736422556e+00 3.448050557120808879e+00 4.975608121786410543e+00 3.623398440965227785e+00 1.576136688703425603e+00 3.732948067068047493e+00 3.183720242752221097e+00 3.333972602816878350e+00 4.097990990124230848e+00 -6.419848327793540932e+01 3.906662099667578936e+00 3.501109301152517617e+00 3.290804071404839881e+00 2.306397340095916793e+00 1.863430558602111820e+00 3.676297891639678017e+00 3.428459310775478386e+00
7.602746568260053683e-01 7.674038329261034797e-01 9.345632402593591070e-01 8.488629270973738761e-01 7.719100053266463313e-01 1.661677051556795126e+00 8.550572298346860167e-01 1.774886627773282766e-01 9.095568060896120910e-01 6.560253520243956027e-01 7.205087863232052525e-01 1.105294206644706234e+00 8.557109966757887876e-02 -1.398335692280307718e+01 7.965394996810690742e-01 7.016089875772985041e-01 3.497683154624796065e-01 2.371854956673179471e-01 8.811288035098180371e-01 7.629319635512997744e-01
9.574763912628105889e-01 9.658503115998302579e-01 1.160278087985860074e+00 1.061042682585834118e+00 9.711395985012785115e-01 1.973429510838515144e+00 1.068245713540014297e+00 2.409205591711057748e-01 1.131414303080284789e+00 8.341782314747617777e-01 9.106348245711887168e-01 1.355480947622163868e+00 1.189463011525173086e-01 1.235467499681069281e+00 -1.771102875945554445e+01 8.882912310488979557e-01 4.609035052084998196e-01 3.182205168364108383e-01 1.098510051631611084e+00 9.605984916628901304e-01
1.074840719051076698e+00 1.083880216085615578e+00 1.292699200568141249e+00 1.186365501334407213e+00 1.089587850454980966e+00 2.148956172581645951e+00 1.194100588240941674e+00 2.818398113657224480e-01 1.261821440870302569e+00 9.412606746594308627e-01 1.024201136643539956e+00 1.500514706633014006e+00 1.410530714048394973e-01 1.372948987577298663e+00 1.120703231048898241e+00 -1.991967179915700115e+01 5.302916849642667074e-01 3.698242246180971637e-01 1.226571142553702920e+00 1.078211438501082808e+00
1.790007287629942656e+00 1.802162151878521579e+00 2.076634927455762725e+00 1.938320780361144413e+00 1.809824289252030427e+00 3.111490148707940495e+00 1.948479800114625071e+00 5.818141497520188388e-01 2.036761534668658946e+00 1.607373690791672027e+00 1.721452375984289906e+00 2.339418572231576565e+00 3.147573400959164935e-01 2.179219315462479489e+00 1.851426505208499940e+00 1.688402684964266598e+00 -3.331913433173314587e+01 7.360915147490807442e-01 1.990954705908717370e+00 1.794542556516004250e+00
2.225285345838091455e+00 2.238740928143423847e+00 2.539789206908091401e+00 2.388727880519875502e+00 2.247217244029052541e+00 3.639137494294851560e+00 2.399866140726095942e+00 8.063540454564015469e-01 2.496367824817591341e+00 2.021684760035471928e+00 2.149179418142797893e+00 2.823622025491985266e+00 4.562105586021116821e-01 2.651056495667317936e+00 2.293163516836410842e+00 2.112355224618097438e+00 1.320511514749080906e+00 -4.148593679554541325e+01 2.446359910384742431e+00 2.230307260283920012e+00
8.677792474437840964e-01 8.756078126975010978e-01 1.058146083729791354e+00 9.647984992126863446e-01 8.805541143177094687e-01 1.834508794857995007e+00 9.715617970198462405e-01 2.112387803804642306e-01 1.030957508864472238e+00 7.528556432502306883e-01 8.240420984709062591e-01 1.242772210776914577e+00 1.031878916396780227e-01 1.129109803509817933e+00 9.075630516316116614e-01 8.032121425537029902e-01 4.094847059087173280e-01 2.804699103847423935e-01 -1.601854777932328844e+01 8.706976826727168550e-01
9.967924368379831312e-01 1.005395167851385940e+00 1.204785025847425750e+00 1.103098615020407847e+00 1.010828304135594546e+00 2.032971899197622445e+00 1.110485124451611627e+00 2.543656230497347570e-01 1.175225127627969712e+00 8.699672069021266996e-01 9.486463428032847478e-01 1.404360009289856048e+00 1.261623107754780426e-01 1.281725963551299863e+00 1.040464491662890900e+00 9.256654385010829600e-01 4.838855565160041783e-01 3.352302602839199452e-01 1.141510682672716381e+00 -1.845156558697839699e+01
