-1.275681009114199860e+01 1.184858861833846255e+00 2.267486216544764288e-01 2.229598473702079642e-02 8.444453035624698015e-06 5.527221549922607391e-01 1.231387914576323303e-10 1.426603975338905261e+00 5.636673937869788320e-01 8.508728514948855626e-01 1.434353128354038276e+00 3.241441958550402291e-01 7.557497627572667964e-02 6.130727154908948567e-02 5.845607819076584916e-02 1.576089831386295881e+00 2.901790702068629102e+00 1.497315191100515364e+00 3.994530093418968054e-07 2.849434006407492177e-08
8.354478618338464502e-01 -1.073127304900858547e+01 1.776217854138679164e-01 1.669712222095742771e-02 6.099236851141947408e-06 4.477962741740277308e-01 8.798887646563350735e-11 1.218328128904756058e+00 4.570750389776650491e-01 7.044162949373472538e-01 1.225380475317999096e+00 2.569602062991925284e-01 5.763970658552648035e-02 4.658058322372688603e-02 4.437788002959835998e-02 1.354918369294390912e+00 2.605229439462772856e+00 1.282797475325354153e+00 2.872469428436520741e-07 2.043577218562391727e-08
2.706211621654476485e+00 3.006495785413868305e+00 -3.349143581712011297e+01 1.532354779459896565e-01 8.336447197083926574e-05 1.852034519145093094e+00 1.329916094980446247e-09 3.370026315388674920e+00 1.876067422548754360e+00 2.445413993830077626e+00 3.381229622417606162e+00 1.289903989490113423e+00 4.297170286046484433e-01 3.623239182768052125e-01 3.483887807435739892e-01 3.581950143697657740e+00 5.217001149269457017e+00 3.471348288341416399e+00 4.095831065901759066e-06 2.987189432078784500e-07
5.537118984737021243e+00 5.880931122220957263e+00 3.188595477945988854e+00 -7.165038763664503563e+01 1.291127120369304571e-03 4.480285150480534107e+00 2.411413778546943532e-08 6.284960713106684693e+00 4.512267256280793504e+00 5.228929244402661602e+00 6.297236492908150574e+00 3.671666548501522076e+00 1.953756342973883120e+00 1.759479255076898729e+00 1.717063324700654148e+00 6.515650141380059601e+00 8.225437270618066066e+00 6.395645877109092936e+00 6.812059574294925337e-05 5.162371825695606835e-06
1.434544144445303715e+01 1.469485009923685226e+01 1.186605336447197168e+01 8.831901127120371342e+00 -2.111713004164559493e+02 1.325736316687986793e+01 9.411882268437024883e-05 1.510371916508454504e+01 1.329073246295578947e+01 1.403070731424855389e+01 1.511611811713757270e+01 1.239875113178453248e+01 1.036214761858214040e+01 1.009181814805532973e+01 1.003083176765855100e+01 1.533652535088945434e+01 1.705384066901151741e+01 1.521547075225232959e+01 1.305530006453075875e-01 1.438159716554980073e-02
1.640815154992260938e+00 1.885300274174027679e+00 4.606645191450928212e-01 5.355515048053487853e-02 2.316687986704695271e-05 -2.050084965621730859e+01 3.502987886619966958e-10 2.192344983608359499e+00 1.016777794686143377e+00 1.436028124550809748e+00 2.201983002420092816e+00 6.313766272599813378e-01 1.693989178049263855e-01 1.394010366854614991e-01 1.333303227579330230e-01 2.376296118275591951e+00 3.883685662341793687e+00 2.279867607217405556e+00 1.112512529145243879e-06 8.007420239118662670e-08
2.607883300012313654e+01 2.642824400008798946e+01 2.359937000132991614e+01 2.056401002411413970e+01 1.173349411882268356e+01 2.499074000035029997e+01 -4.246805196793925461e+02 2.683711500005936301e+01 2.502411000033925603e+01 2.576409600016665280e+01 2.684951400005866162e+01 2.413210000079828532e+01 2.209522000560358990e+01 2.182480000725370672e+01 2.176379000768848115e+01 2.706992200004744475e+01 2.878724000000905647e+01 2.694886700005330837e+01 8.479464209198688707e+00 5.709590303287876978e+00
6.683219753389054718e-01 8.094571289047562956e-01 1.322813153886747972e-01 1.185571310668568322e-02 4.165084542704373312e-06 3.459699836083597324e-01 5.936423457141332062e-11 -8.637743650450303790e+00 3.534924233486483880e-01 5.576458589877273386e-01 1.006212311233923629e+00 1.938447849091615716e-01 4.172320655516950638e-02 3.358286234808895154e-02 3.196712246838755850e-02 1.120916016941967852e+00 2.273552080552202703e+00 1.056916492574626609e+00 1.951938894648281118e-07 1.384522130182667317e-08
1.618390393786979020e+00 1.861209038977665209e+00 4.513274225487539648e-01 5.216725628079442456e-02 2.246295578902623890e-05 9.834077946861435882e-01 3.392546061507910200e-10 2.166497423348648255e+00 -2.023101459675620006e+01 1.415213514156532071e+00 2.176085707089496779e+00 6.194388348123316401e-01 1.654099559696064203e-01 1.360504869678014206e-01 1.301115951531496839e-01 2.349550562228872597e+00 3.852551480739735634e+00 2.253579510959538457e+00 1.078174984921707795e-06 7.758012069083796319e-08
1.165609851494886051e+00 1.368564294937347325e+00 2.806879938300773092e-01 2.884324440266326089e-02 1.131424855210291277e-05 6.626721245508095937e-01 1.666518674884388680e-10 1.630664858987727062e+00 6.752275141565319272e-01 -1.477237920420139083e+01 1.639011443396408252e+00 3.966862782831157008e-01 9.602423838476695228e-02 7.818791483279731447e-02 7.461188983972025235e-02 1.791130323428720583e+00 3.177734518708605016e+00 1.706710824694954276e+00 5.374252614218567956e-07 3.843179538489529217e-08
6.636721283540385485e-01 8.041104753179990627e-01 1.310856224176060736e-01 1.173249290815115212e-02 4.117137570537732573e-06 3.432090024200927791e-01 5.865981068183254642e-11 9.938133112339310182e-01 3.506817070894969190e-01 5.535934433964083690e-01 -8.578803987368958772e+00 1.921640325842240982e-01 4.131234780059091227e-02 3.324834470323829311e-02 3.164791559730081860e-02 1.114249033233738029e+00 2.263780856927753771e+00 1.050498949586702757e+00 1.929188221415033370e-07 1.368263209559269834e-08
2.270877195855040664e+00 2.553104206299193102e+00 7.571739894901137191e-01 1.035765485015233411e-01 5.113178453116254358e-05 1.490016627259981741e+00 7.982836779296036458e-10 2.898859784909161963e+00 1.511448834812332276e+00 2.028682278283116425e+00 2.909578032584223983e+00 -2.812655462628474012e+01 3.055326771667563612e-01 2.550274778034016809e-01 2.446770855749997864e-01 3.102178506340123043e+00 4.699847683598338932e+00 2.995919895705042357e+00 2.488954504490914822e-06 1.805640701346964405e-07
4.059187976275727472e+00 4.390663706585526960e+00 1.933867028604648652e+00 4.225463429738841592e-01 3.276185821379391512e-04 3.064918917804926757e+00 5.603588145020571558e-09 4.783618206555170005e+00 3.094299955969606941e+00 3.764900238384767395e+00 4.795606347800590363e+00 2.342412677166756385e+00 -5.096812081900779390e+01 8.708765004486928030e-01 8.434221056324516796e-01 5.009319291615881298e+00 6.700333598894001597e+00 4.891802469576291834e+00 1.659910828068954792e-05 1.231424861444647460e-06
4.315340271549088946e+00 4.650024583223726360e+00 2.136893918276804971e+00 4.986892550768994847e-01 4.181480553299380819e-04 3.305341036685461642e+00 7.253707918483687781e-09 5.045897862348089014e+00 3.335360486967801741e+00 4.017483914832797431e+00 5.057962344703238244e+00 2.562327477803401532e+00 1.141296500448692353e+00 -5.443357599366030541e+01 9.698051657670889725e-01 5.272927084826812383e+00 6.969038171061188613e+00 5.154746856181175119e+00 2.132140053346115251e-05 1.587198468794430480e-06
4.373499078190767442e+00 4.708831880029599404e+00 2.183968780743573923e+00 5.172833247006554114e-01 4.417676585502059859e-04 3.360280322757933202e+00 7.688482400594707133e-09 5.105292122468388705e+00 3.390431595153150290e+00 4.074917889839720253e+00 5.117371915597302312e+00 2.612987085574999924e+00 1.174852105632451682e+00 1.030815165767091424e+00 -5.522757072245702403e+01 5.332587387876598584e+00 7.029711695363882740e+00 5.214274357614375077e+00 2.255913038633383224e-05 1.680669109447809085e-06
5.850008313862961051e-01 7.132403692943910523e-01 1.113981436976570066e-01 9.738141380060183483e-03 3.350889453749823778e-06 2.971141182755914767e-01 4.744268439454506543e-11 8.881090169419675329e-01 3.037385622288730769e-01 4.853043234287205410e-01 8.938410332337375364e-01 1.643565063401226933e-01 3.461729161588046610e-02 2.780508482681244564e-02 2.645538787659805144e-02 -7.574549761056964314e+00 2.093134037294700711e+00 9.406933945937657748e-01 1.566144678509671791e-07 1.109042432780487886e-08
1.933837020686292874e-01 2.462334394627728462e-01 2.913114926945687896e-02 2.207270618066808562e-03 6.690115165061175650e-07 8.718566234179352115e-02 9.058588827209342270e-12 3.234270805522025394e-01 8.942148073973568700e-02 1.545905187086051291e-01 3.260548569277537667e-01 4.470768359833882100e-02 8.313598894001508408e-03 6.598171061189062395e-03 6.261695363882678611e-03 3.758160372947010885e-01 -2.241094670686108348e+00 3.477616218961940842e-01 3.071700975548913613e-08 2.151200327601353444e-09
6.272811911005156116e-01 7.621744753253545390e-01 1.218512883414161196e-01 1.078887710909413357e-02 3.752252329361128928e-06 3.217406072174058829e-01 5.330847752816539447e-11 9.451644925746262027e-01 3.288225109595387941e-01 5.219398246949545905e-01 9.511459495867035097e-01 1.791528957050416704e-01 3.815546957629106090e-02 3.067985618117472293e-02 2.919735761437487059e-02 1.061748394593764688e+00 2.186134621896194119e+00 -8.115981752846591846e+00 1.756177612593781226e-07 1.244674078870077634e-08
1.760113339945300481e+01 1.795054428724693807e+01 1.512167409583106448e+01 1.208637812059574301e+01 3.386253000645305100e+00 1.651304111251252493e+01 1.764209198685890096e-03 1.835941519519388621e+01 1.654641107817498380e+01 1.728639653742526150e+01 1.837181419291881923e+01 1.565440248895450281e+01 1.361753659910827885e+01 1.334712132140053065e+01 1.328611255913038391e+01 1.859222215661446498e+01 2.030954003071700598e+01 1.847116717561775801e+01 -2.666858428965283565e+02 1.829153357892027154e-01
2.038853302849434002e+01 2.073794402043577279e+01 1.790907029871894451e+01 1.487371516237182689e+01 6.057481597165549125e+00 1.930044008007420331e+01 1.929030328787633211e-02 2.114681501384522022e+01 1.933381007758011805e+01 2.007379603843179794e+01 2.115921401368263233e+01 1.844180018056406922e+01 1.640492123142486136e+01 1.613450158719846783e+01 1.607349168066910750e+01 2.137962201109042581e+01 2.309694000215120013e+01 2.125856701244673985e+01 2.970315335789204259e+00 -3.167602686754223669e+02
