-28.324856284611727	1.6827595490930678	2.5523028465489928	1.3651978635126527	0.9293009590075302	0.00519143742391911	2.82844854773913	0.7548847109037673	0.9568175552286178	1.4105210954805336	2.2370219260127415	2.675587756291269	0.6968637766342956	1.55507172061757	0.5336142502390842	1.2313775313274649	1.950894118133119	1.946449346499058	2.1179756826681593	0.8945756112507633
0.5328965490930676	-16.680659724921405	1.6796494109903488	0.7744067971473065	0.48856688050972435	0.0019041525665237531	1.9113266791190715	0.3828457767689047	0.5057219159507518	0.805759777281714	1.4238031481114868	1.7822567363818491	0.3488771442740447	0.907660443762435	0.25673173718605746	0.6835635712893954	1.2005754685680972	1.1971802842570913	1.329834104252133	0.4670991474114035
0.2571288465489922	0.5343384109903488	-8.71264871211915	0.39554718242666276	0.23296795589862002	0.0006883324519091642	1.1729548436821466	0.17704409205070779	0.24226953892918823	0.4143108836308321	0.8169814762098707	1.0757879423127996	0.1596088955050188	0.4764820612867271	0.11372236078692216	0.3421847024542022	0.6647316746051559	0.6624726321936917	0.7520115007832524	0.22141537937210093
0.7065808635126524	1.2656527971473064	2.0321041824266626	-21.200103833676376	0.6514760726911097	0.002930285392192538	2.284955688699376	0.51817152133104	0.6728527902110025	1.0373574148941997	1.7484761961775241	2.1445149534307406	0.4747135529155424	1.1577675694755165	0.3550399855124263	0.8908652837055112	1.4964641318881085	1.4925938748812224	1.642956710733471	0.6246299586507719
1.0741969590075295	1.7833258805097243	2.6730379558986197	1.4549890726911097	-30.052277850660122	0.005881464010888229	2.9535084409781747	0.8161655581897761	1.0288986248301821	1.5019928492506496	2.3517403783432766	2.7983528264399715	0.7547379434169955	1.6515764283843226	0.5810627753801905	1.3158979438638803	2.05895221322565	2.0543937410230666	2.23007490325056	0.9634918919655562
7.246447437423919	8.393023152566522	9.537118332451907	7.902803285392192	7.102241464010889	-152.83280255467798	9.864952888730395	6.711200447466136	7.159209752942835	7.976427155094906	9.145886431662563	9.684962884130083	6.5670304724817425	8.202632026236586	6.107445314367298	7.676606186257614	8.769944114790352	8.763911434942681	8.992259608916704	7.028700164812652
0.20526454773913008	0.43800567911907146	0.8449448436821468	0.32038868869937603	0.1854284409781748	0.0005128887303950689	-7.0389393170456005	0.13985482882012748	0.19305506366297162	0.33617089084588214	0.6830108743502817	0.9126609410664365	0.1257517244264495	0.3887348468430326	0.08890431467339215	0.2757255645034568	0.5501983339728618	0.5482418591871491	0.626110969507124	0.175974016238141
1.293176710903767	2.0710007767689045	3.0105100920507075	1.71508052133104	1.209561558189776	0.008236447466137381	3.3013308288201273	-35.019967240738474	1.2421900540820165	1.7664304769351324	2.67461446000995	3.140698432192962	0.9291310848890555	1.9289326509599494	0.7260958630399889	1.5622523029035895	2.3654083093315315	2.3605672619874514	2.5465243041107914	1.1682251047655972
1.044462555228618	1.7432299159507516	2.6250885389291883	1.4191147902110026	0.9716476248301825	0.005598752942834862	2.9038840636629715	0.7915430540820166	-29.363019195103906	1.4654589973810201	2.3061267502774934	2.7496167859509844	0.7314677382758059	1.6130697692776796	0.561941675693172	1.2820949850635255	2.01593137172616	2.0114172239374914	2.1854800404629	0.9358445612201063
0.6780970954805333	1.2231987772817137	1.977060883630832	0.9635504148941993	0.6246728492506497	0.0027471550949066796	2.2269308908458822	0.4957144769351324	0.64538999738102	-20.477495838863078	1.6973989271684455	2.088086739297381	0.45376680404908526	1.117629076942534	0.3385205696732861	0.8571984619710299	1.449559193208728	1.4457583313071796	1.5935460411501476	0.5986691533003903
0.33336792601274134	0.6700121481114866	1.208501476209871	0.5034391961775242	0.30319037834327706	0.0009764316625640065	1.4025408743502816	0.2326684600099505	0.3148277502774936	0.5261689271684454	-11.049270812745894	1.2938587166677487	0.21046993725103713	0.6009972838621594	0.1514887845620029	0.43839758418457087	0.823609258466169	0.8209693148937686	0.9250846583228916	0.28870170621191027
0.23248375629126902	0.4890157363818491	0.9278579423127993	0.3600279534307404	0.210352826439972	0.0006028841300817853	1.092740941066437	0.1593024321929617	0.2188677859509839	0.37740673929738094	0.7544087166677488	-7.927050946733832	0.1434409978426443	0.4351254863941011	0.10183653280349446	0.3107151059368101	0.6110399965369855	0.6089196576250673	0.6931190512421234	0.1997864041903827
1.3804087766342952	2.1822851442740445	3.138327895505019	1.8168755529155423	1.2933869434169956	0.009319472481741552	3.432480724426449	1.0743840848890547	1.3273677382758056	1.8697358040490852	2.7976689372510375	3.270089997842644	-36.95297862576201	2.0366939144899043	0.7858556994115571	1.6592368620653444	2.48302146130498	2.478086006971576	2.6674598467269592	1.250293762829971
0.59594772061757	1.0983994437624356	1.8125320612867273	0.857260569475517	0.5475564283843228	0.002252026236586913	2.0527948468430326	0.43151665095994945	0.56630076927768	0.8909290769425344	1.5455272838621597	1.919105486394101	0.3940249144899048	-18.354441546121162	0.29173971736702886	0.7593951915109978	1.3108606059636005	1.3072776478195713	1.446953350751874	0.5240677541755673
1.6812102502390835	2.5541907371860577	3.556492360786922	2.161252985512426	1.5837627753801904	0.01378531436729845	3.8596843146733915	1.335399863039989	1.621892675693172	2.218540569673286	3.202738784562002	3.6925365328034947	1.2499066994115569	2.3984597173670283	-43.46174721509313	1.9893975370906323	2.8728981365048956	2.8676969453022885	3.0666422856014592	1.5352587298979556
0.7995985313274647	1.4016475712893954	2.205579702454202	1.1177032837055108	0.7392229438638804	0.003571186257613323	2.467130564503457	0.5921813029035896	0.7626709850635255	1.1578434619710296	1.910272584184571	2.3220401059368103	0.5439128620653447	1.2867401915109977	0.41002253709063247	-23.51728688450603	1.6458455167480326	1.6417676728075339	1.7998096640701866	0.709726216752252
0.4235701181331188	0.8231144685680971	1.4325816746051558	0.6277571318881083	0.3867322132256504	0.0013641147903524092	1.6460583339728618	0.2997923093315318	0.4009623717261603	0.6546591932087278	1.199939258466169	1.5268199965369857	0.2721524613049803	0.7426606059636003	0.197978136504896	0.5503005167480327	-13.66780165932194	0.9969830401314949	1.1154043424895759	0.36897137172644123
0.425165346499058	0.8257592842570914	1.436362632193692	0.6299268748812225	0.38821374102306655	0.0013714349426806722	1.650141859187149	0.3009912619874517	0.4024882239374916	0.6568983313071796	1.2033393148937683	1.5307396576250676	0.27325700697157634	0.7451176478195712	0.19881694530228872	0.5522626728075339	1.0030230401314804	-13.71292316353609	1.118651041804255	0.3703968459644649
0.3680916826681589	0.7298131042521329	1.2973015007832525	0.5516897107334711	0.33529490325055994	0.001119608916704494	1.4994109695071238	0.25834830411079135	0.3479510404628996	0.5760860411501476	1.0788546583228908	1.3863390512421232	0.2340308467269593	0.6561933507518738	0.16916228560145932	0.4817046640701863	0.8928443424895761	0.8900510418042552	-12.073809220437598	0.31952211359303073
1.113398611250763	1.8357851474114035	2.735412379372101	1.502069958650772	1.0374188919655567	0.00626716481265244	3.017981016238141	0.8487561047655974	1.067022561220106	1.5499161533003905	2.4111787062119103	2.861713404190383	0.7855717628299717	1.702014754175567	0.6064857298979558	1.3603282167522524	2.1151183717264415	2.110503845964465	2.288229113593031	-30.955171894329457