-1.701280430396489152e+01 1.199796407293719502e+00 1.247658955002651504e-01 2.161401480338919212e-01 9.541634757574689596e-01 1.029739084118856285e+00 3.280272841682114193e-01 2.998581071876610382e-01 2.532812111146468759e+00 1.264821816964682766e+00 1.582119551862916751e+00 1.706101412882935042e+00 4.160488089044723364e-02 1.429209950947019081e+00 1.755742640411674715e+00 6.492515137726808661e-01 6.146492950852230353e-01 3.009518945350252994e-01 1.341778607302410997e-01 8.488709726755029328e-01
8.237204072937196475e-01 -1.407748343964962423e+01 9.425740677312519078e-02 1.658765480783748192e-01 7.836812920301705621e-01 8.497813619376813898e-01 2.555027414666042884e-01 2.327619767636223136e-01 2.230614738584279610e+00 1.057947833259805348e+00 1.344323734035457463e+00 1.457702359872154574e+00 3.074302874558806561e-02 1.205599946991654292e+00 1.503310440251009794e+00 5.216733752057072238e-01 4.924654164435119386e-01 2.336428812848811709e-01 1.015573924967614478e-01 6.923205581355145188e-01
3.442189895500264996e+00 3.787757406773125446e+00 -5.811578517655780018e+01 1.433019571393176150e+00 3.357894394277493699e+00 3.495784910667348644e+00 1.850297598840297875e+00 1.753433069550571766e+00 5.609944893514648534e+00 3.893717090630368194e+00 4.375977505388171984e+00 4.551809841630558573e+00 4.504151219944960149e-01 4.150055338630108004e+00 4.620592752570815698e+00 2.730226111236651931e+00 2.649396227435098616e+00 1.757283220823971925e+00 1.050388927492332591e+00 3.155601298208303263e+00
2.765014148033891672e+00 3.090826548078374980e+00 6.644695713931758618e-01 -4.636933675973299529e+01 2.686229986082779408e+00 2.815253735230301757e+00 1.342070790608552944e+00 1.261207735928590479e+00 4.859604937480435538e+00 3.191557947640014437e+00 3.654149694038712148e+00 3.824261995922329405e+00 2.747716863494628625e-01 3.436656759891083546e+00 3.890989211049893814e+00 2.109905206326953220e+00 2.037197334041483288e+00 1.264405870781451613e+00 7.023615294773101203e-01 2.498402071378201139e+00
1.047281475757469105e+00 1.252875292030170451e+00 1.335883942774934163e-01 2.304739860827795250e-01 -1.779560301331625993e+01 1.077934048035286363e+00 3.484391198074285323e-01 3.187995906873986596e-01 2.609949314075830973e+00 1.319625579253207004e+00 1.644352155901835255e+00 1.770841240192047694e+00 4.480742313224878731e-02 1.488056096138073769e+00 1.821430725269886031e+00 6.841950290818473723e-01 6.481975963739441404e-01 3.199511783190084890e-01 1.435955190589072727e-01 8.912092498413961561e-01
9.708390841188562215e-01 1.166957361937681181e+00 1.194609106673483745e-01 2.074797352303016651e-01 9.259160480352863765e-01 -1.652920830675664376e+01 3.156391423334872770e-01 2.883742048964713645e-01 2.484474223658069914e+00 1.230884371424723067e+00 1.543429699171344760e+00 1.665799483912106194e+00 3.969207783322149102e-02 1.392690915164695120e+00 1.714829906971144569e+00 6.278489799797474236e-01 5.941181467576251984e-01 2.894324749390270179e-01 1.285117753389383721e-01 8.228297643865721822e-01
2.256501284168211274e+00 2.560052741466603887e+00 4.613475988402975236e-01 7.216707906085528812e-01 2.183795119807428353e+00 2.303013142333487195e+00 -3.777335503378321135e+01 9.331542616622944264e-01 4.263959249690336684e+00 2.654759528610385111e+00 3.094123612718604921e+00 3.257296063200035618e+00 1.791258581973192987e-01 2.886699739453774338e+00 3.321506631163863688e+00 1.661679767709733246e+00 1.597185993240649582e+00 9.357862282153194267e-01 4.900314456497769644e-01 2.011665977046532827e+00
2.365142107187661047e+00 2.674121976763622399e+00 5.012930695505715128e-01 7.776177359285905144e-01 2.290965590687398912e+00 2.412558204896471548e+00 1.069964261662294858e+00 -3.959519784300292855e+01 4.394298279458736189e+00 2.770310049156440080e+00 3.215437526371943466e+00 3.380349195822992758e+00 1.972515625434294317e-01 3.005504703890628626e+00 3.445192576734843026e+00 1.755943212136816811e+00 1.689524558252164299e+00 1.002757530007058362e+00 5.319046575345210970e-01 2.115061044416744362e+00
2.612661111464687491e-01 3.351447385842794002e-01 2.097489351464856128e-02 3.918493748043498648e-02 2.452853140758312345e-01 2.718282236580700229e-01 6.393924969033615291e-02 5.746827945873634463e-02 -4.292347018610369602e+00 3.606650396582110618e-01 4.955309242056289976e-01 5.528631177372621552e-01 6.296462503764186681e-03 4.284006937610654875e-01 5.765432298726783644e-01 1.482559343199124080e-01 1.382742542408113839e-01 5.771661178902532524e-02 2.275897699097683205e-02 2.099500259222276122e-01
7.750058169646826256e-01 9.442078332598057289e-01 8.647709063036815302e-02 1.528679476400146842e-01 7.366915792532071627e-01 7.999683714247229904e-01 2.364695286103849770e-01 2.152100491564402363e-01 2.142395039658210987e+00 -1.326014846621356824e+01 1.276815337930198524e+00 1.386860768263137533e+00 2.802910164109583338e-02 1.142506720285856314e+00 1.431193425697348642e+00 4.872063396720940354e-01 4.595425804153178140e-01 2.160330073206220558e-01 9.322395286712838181e-02 6.494439755229294287e-01
5.819035518629166459e-01 7.201837340354575456e-01 5.833750538817254749e-02 1.050596940387121675e-01 5.510181559018350050e-01 6.021136991713444964e-01 1.654336127186050442e-01 1.499375263719436024e-01 1.766860924205629013e+00 7.664153379301984481e-01 -9.981222152672785342e+00 1.094644643082521407e+00 1.842546211750684809e-02 8.858263857372101757e-01 1.133037644748475348e+00 3.542295061121373823e-01 3.329139165731453964e-01 1.505356536954361169e-01 6.302711480068948213e-02 4.813180841808476496e-01
5.222154128829348263e-01 6.498923598721546568e-01 5.049984163055841468e-02 9.150199592232939605e-02 4.938372401920474442e-01 5.408134839121061521e-01 1.449360632000357696e-01 1.311791958229926724e-01 1.640523117737262337e+00 6.927907682631375685e-01 9.109746430825208519e-01 -8.951026762438655027e+00 1.581552368194951222e-02 8.040416452440359851e-01 1.036206699717027169e+00 3.143865112338938839e-01 2.951061505332823187e-01 1.317096835217108353e-01 5.459865593200598916e-02 4.299977700566701699e-01
4.787058880890446844e+00 5.152273028745588235e+00 1.878445121994495759e+00 2.471351686349462895e+00 4.697143423132248863e+00 4.844046077833221275e+00 2.996105858197319449e+00 2.877421562543429623e+00 7.023296462503763493e+00 5.263299101641095490e+00 5.764095462117507118e+00 5.945155523681949106e+00 -8.249716049491533454e+01 5.530333137155424517e+00 6.015798258559480693e+00 4.014294371417166829e+00 3.924272582828272071e+00 2.882171522921141538e+00 1.950780731018065373e+00 4.479817701385260698e+00
6.667539509470192804e-01 8.192199469916542354e-01 7.017533863010809447e-02 1.253267598910836611e-01 6.324820961380739348e-01 6.891349151646950499e-01 1.957697394537744884e-01 1.777647038906285948e-01 1.937490693761065641e+00 8.698667202858563208e-01 1.123586385737209703e+00 1.225471645244036178e+00 2.242313715542529687e-02 -1.143083951529874120e+01 1.266666694616662925e+00 4.119186156620715522e-01 3.877690414558873644e-01 1.784605796202092531e-01 7.574188779517231074e-02 5.548166628581092663e-01
5.002966404116747645e-01 6.239404402510099201e-01 4.772275257081588784e-02 8.666921104989451508e-02 4.728667252698861012e-01 5.182839069711449032e-01 1.375866311638639372e-01 1.244625767348433165e-01 1.592643229872678479e+00 6.655634256973484986e-01 8.778076447484755018e-01 9.646466997170276558e-01 1.489825855948121065e-02 7.736766946166627745e-01 -8.570184659958169249e+00 2.999149964811198554e-01 2.813906234485644697e-01 1.249684792296458791e-01 5.161013256385577064e-02 4.112355906001761707e-01
1.458802513772680554e+00 1.707300375205707210e+00 2.223531112366517459e-01 3.705822063269528788e-01 1.400628029081847137e+00 1.496299979979747397e+00 5.427567677097331345e-01 5.002102121368168230e-01 3.229352934319912105e+00 1.786573339672094196e+00 2.163996506112137119e+00 2.307823511233893843e+00 7.839137141716732982e-02 1.983925615662071484e+00 2.364911996481119605e+00 -2.457170167029424945e+01 9.527756261610096367e-01 5.018715686239231255e-01 2.380203088617882101e-01 1.265125696298993629e+00
1.520184295085223125e+00 1.774076416443512105e+00 2.375072274350984169e-01 3.938583340414831269e-01 1.460614596373944085e+00 1.558553146757625019e+00 5.742469932406498723e-01 5.297755582521642692e-01 3.315355254240811789e+00 1.854893580415317711e+00 2.238664916573145369e+00 2.384527150533282569e+00 8.435358282827186416e-02 2.055760041455887421e+00 2.442371623448564399e+00 1.048759626161009706e+00 -2.558075022118710962e+01 5.315132930169728098e-01 2.540880047655350027e-01 1.321646580118610137e+00
2.360725894535025127e+00 2.669492881284881047e+00 4.996332208239715467e-01 7.753058707814514117e-01 2.286607178319008504e+00 2.408106474939026853e+00 1.067086228215319954e+00 9.972475300070645643e-01 4.389036611789024711e+00 2.765623007320621607e+00 3.210525653695436077e+00 3.375369683521710407e+00 1.964915229211414149e-01 3.000690579620208798e+00 3.440188479229645324e+00 1.752094568623922877e+00 1.685752293016972825e+00 -3.952099491010513788e+01 5.301659257100479472e-01 2.110851305750648610e+00
3.352461860730240772e+00 3.695917392496761433e+00 9.512489274923331406e-01 1.371771529477310070e+00 3.268761519058907439e+00 3.405695775338938525e+00 1.779841445649776865e+00 1.684904657534521233e+00 5.512588976990976164e+00 3.801323952867128320e+00 4.281527114800689482e+00 4.456768655932005885e+00 4.236107310180654562e-01 4.056481887795172270e+00 4.525340132563855811e+00 2.646753308861788057e+00 2.566837004765535113e+00 1.688675925710048320e+00 -5.653855309730333545e+01 3.068042298219274322e+00
1.168082972675502651e+00 1.387608558135514647e+00 1.573892982083032743e-01 2.687400713782012174e-01 1.117303249841396617e+00 1.200941764386572297e+00 4.024039770465329680e-01 3.689890444167446271e-01 2.800708025922227673e+00 1.458471975522929620e+00 1.800746084180847806e+00 1.933095770056670437e+00 5.357570138526025066e-02 1.636484662858109340e+00 1.985893590600176450e+00 7.747866962989937711e-01 7.353235801186100984e-01 3.702893057506491670e-01 1.689702982192743952e-01 -1.978980462700251763e+01
