-3.683015993875740435e+01 1.150020610946851152e+00 1.321895382283367448e+00 6.144921874306650267e-01 4.006993073686848206e+00 8.211701593645851505e-01 1.772298698172851461e+00 1.971433343559120921e+00 1.873294104973653118e+00 2.513199192493800194e+00 2.578719630865590862e+00 2.351148453851005460e+00 3.196846035338492542e-01 9.442896144207371112e-01 1.031749050477675622e+00 1.593791707071438246e+00 1.510991041211110941e+00 1.363339322010124421e+00 5.793593311885366859e+00 3.298056450518762173e+00
8.636306109468511183e-01 -3.321695708288950755e+01 1.157681231838147751e+00 5.195781781191690651e-01 3.739750135060514680e+00 7.027946074679237709e-01 1.577146616066922968e+00 1.765059572295353263e+00 1.672281810703526883e+00 2.282381819307209181e+00 2.345464288107674822e+00 2.126807003129228324e+00 2.643181873699173012e-01 8.133152602938317211e-01 8.923860856347973769e-01 1.409911161896774123e+00 1.332763649781369297e+00 1.195916493601936637e+00 5.512000204240337986e+00 3.043770167028019280e+00
7.351553822833676310e-01 8.573312318381475228e-01 -2.966100130281839142e+01 4.327752199831629287e-01 3.463975764580236039e+00 5.926691828562915543e-01 1.385799041619948602e+00 1.561161613678784699e+00 1.474403734767609331e+00 2.050457870801249527e+00 2.110689409202038291e+00 1.902404959737635348e+00 2.152741743654217055e-01 6.903842982869372591e-01 7.608186487677234267e-01 1.230983793626194256e+00 1.159997809376085209e+00 1.034804651548625776e+00 5.217987242336633358e+00 2.783927273162299709e+00
1.520472187430665700e+00 1.711948178119169661e+00 1.925495219983162976e+00 -4.960219584207010968e+01 4.872871515128971431e+00 1.284818360456688291e+00 2.461958948434473271e+00 2.690754889243507364e+00 2.578545481717698706e+00 3.294330522007923534e+00 3.365804693427214556e+00 3.116278080067607981e+00 5.612829003597532562e-01 1.447991589508110577e+00 1.561430799649550893e+00 2.252835372330187713e+00 2.154363907181361171e+00 1.976164412095853029e+00 6.689987708125581634e+00 4.134861076802630819e+00
7.885907368684809404e-02 9.800613506051472634e-02 1.225817645802360079e-01 3.875751512897119416e-02 -5.670431038790972877e+00 5.868495488443269126e-02 2.015922302473083516e-01 2.438992659221521087e-01 2.224511560348255146e-01 3.847248613071702072e-01 4.044872761605232125e-01 3.384538735550871591e-01 1.626036133228278210e-02 7.227232791711125925e-02 8.273795920366217027e-02 1.676212604356476510e-01 1.530726961033768707e-01 1.289473345724043707e-01 2.193207838814937638e+00 6.638131538434801637e-01
1.203080159364585233e+00 1.371094607467923998e+00 1.561319182856292009e+00 7.607483604566882551e-01 4.368728954884432802e+00 -4.197445015516682076e+01 2.050480480835250141e+00 2.263256509075383782e+00 2.158627467233451114e+00 2.833956937902082363e+00 2.902303193165829853e+00 2.664346294868910281e+00 4.083185966662224997e-01 1.140163340686098703e+00 1.238804460077936653e+00 1.858048186217349462e+00 1.768179239261590929e+00 1.606861438132407560e+00 6.170596095221195121e+00 3.645536650793189892e+00
4.932186981728519659e-01 5.844566160669232291e-01 6.934590416199488683e-01 2.768989484344734353e-01 2.850646230247308566e+00 3.894904808352501746e-01 -2.239624487924878338e+01 1.144378167420102788e+00 1.072585514456080524e+00 1.561299486230719902e+00 1.613899281938564689e+00 1.433132185871700992e+00 1.313869246791385670e-01 4.603035471570506854e-01 5.122141018176410432e-01 8.750561708766582125e-01 8.186098169743563080e-01 7.204300963439465022e-01 4.547230250303202048e+00 2.217549319802861518e+00
4.162833435591206110e-01 4.962995722953528754e-01 5.927516136787840395e-01 2.296248892435065747e-01 2.616883265922151924e+00 3.261965090753827234e-01 8.683081674201023059e-01 -1.986258548803724366e+01 9.343764709146475944e-01 1.385927896374406831e+00 1.435141332344751941e+00 1.266474806795441443e+00 1.071214703178732658e-01 3.875901497461355372e-01 4.328852437544594145e-01 7.552844177218133170e-01 7.045327934691464344e-01 6.167511020198960248e-01 4.283400598334003995e+00 2.006751845050267047e+00
4.523941049736535103e-01 5.377718107035270867e-01 6.402437347676092072e-01 2.516654817176987025e-01 2.729685156034825866e+00 3.558174672334508126e-01 9.307655144560802452e-01 1.068626470914648463e+00 -2.106905874134468348e+01 1.469727869468775205e+00 1.520608057305819383e+00 1.345993803487448792e+00 1.183611757637750006e-01 4.216890323172020061e-01 4.701378687499672138e-01 8.119672669007561572e-01 7.584644783384170141e-01 6.656721350848301411e-01 4.411388859976143273e+00 2.108078453150056042e+00
2.654991924938004955e-01 3.210718193072091275e-01 3.894978708012491464e-01 1.406505220079228291e-01 2.065158861307170302e+00 2.043469379020815824e-01 5.926794862307195322e-01 6.933778963744069435e-01 6.429278694687747819e-01 -1.438799761399992327e+01 1.040220175843089789e+00 9.033824524449569626e-01 6.316797205890158085e-02 2.458526734832572336e-01 2.769360035219874394e-01 5.080459846235990673e-01 4.706139962453411152e-01 4.067543709917412764e-01 3.634655038252020631e+00 1.523158490641693286e+00
2.516296308655907588e-01 3.047642881076744747e-01 3.703394092020379502e-01 1.327346934272137791e-01 2.005531276160522847e+00 1.933031931658293345e-01 5.658892819385640260e-01 6.632013323447522035e-01 6.144180573058189987e-01 9.608301758430883854e-01 -1.383776208682125386e+01 8.668513427750386136e-01 5.937787119980689893e-02 2.328737288245948389e-01 2.625551036973670649e-01 4.842954893639799807e-01 4.482691602005718923e-01 3.869012261946514486e-01 3.561766892580522814e+00 1.472229933623625975e+00
3.033384538510050521e-01 3.653870031292282272e-01 4.413349597376349798e-01 1.624880800676074544e-01 2.218777873555087155e+00 2.346262948689096239e-01 6.644021858717004125e-01 7.738148067954413456e-01 7.190838034874483808e-01 1.103272452444957308e+00 1.146131342775038808e+00 -1.584224003630904676e+01 7.373156808650203897e-02 2.813156927810226970e-01 3.161369730770648423e-01 5.718902762363456960e-01 5.307965316654612575e-01 4.604163266537569799e-01 3.819655283245138921e+00 1.655640127979698173e+00
2.287614603533849156e+00 2.518638187369917070e+00 2.769944174365421397e+00 1.623232900359752762e+00 5.912324361332283118e+00 1.994338596666222152e+00 3.378396924679138102e+00 3.630201470317873547e+00 3.507191175763774371e+00 4.278797972058901777e+00 4.354397871199807035e+00 4.089471568086501918e+00 -6.679027930242088473e+01 2.198549796232560194e+00 2.337535089039470826e+00 3.144563964770571651e+00 3.033063592070343706e+00 2.828710770450782785e+00 7.746908515771047554e+00 5.156397768352674937e+00
1.057859614420737948e+00 1.213275260293831703e+00 1.390694298286937247e+00 6.555815895081102962e-01 4.113976327917111320e+00 8.718233406860984580e-01 1.852953547157050407e+00 2.056310149746135796e+00 1.956159032317201785e+00 2.607122673483257547e+00 2.673533728824595279e+00 2.442695692781022831e+00 3.441897962325602411e-01 -3.832171937806492679e+01 1.090797029886492853e+00 1.670163584066317819e+00 1.585199042461415964e+00 1.433382458498162704e+00 5.905543743088241371e+00 3.400458468409655044e+00
9.689090504776762813e-01 1.115936085634797958e+00 1.284718648767723792e+00 5.926107996495507679e-01 3.948031959203662566e+00 7.940544600779367856e-01 1.728454101817640920e+00 1.925195243754459939e+00 1.828197868749967148e+00 2.461796003521988130e+00 2.526805103697367549e+00 2.301106973077065465e+00 3.067650890394712504e-01 9.143870298864928969e-01 -3.601905825832968588e+01 1.552364802494704765e+00 1.470781744030968952e+00 1.325466416226888766e+00 5.731714582158257798e+00 3.241762296063062099e+00
5.759617070714384557e-01 6.784711618967740332e-01 7.998937936261941717e-01 3.290253723301873601e-01 3.077925260435647736e+00 4.583081862173490895e-01 1.136306170876657751e+00 1.292604417721813670e+00 1.215037266900755863e+00 1.737915984623599197e+00 1.793555489363980238e+00 1.601870276236345925e+00 1.588039647705719870e-01 5.387635840663177467e-01 5.973748024947044266e-01 -2.498400594324541757e+01 9.380687975509162113e-01 8.297777819415400602e-01 4.798987195086306556e+00 2.425354730034317452e+00
6.196910412111106270e-01 7.278536497813690165e-01 8.554378093760851565e-01 3.570839071813604049e-01 3.189906696103376404e+00 4.949692392615904768e-01 1.206389816974355433e+00 1.368382793469146597e+00 1.288064478338416308e+00 1.827013996245341110e+00 1.884059160200571625e+00 1.687306531665461184e+00 1.738335920703437953e-01 5.803290424614158116e-01 6.423217440309683113e-01 1.064598797550915243e+00 -2.630422873066491363e+01 8.867568285275783113e-01 4.921547896010910250e+00 2.528681710204596644e+00
7.077793220101240568e-01 8.267464936019364163e-01 9.659846515486253393e-01 4.146244120958522683e-01 3.401521334572403799e+00 5.693914381324067797e-01 1.343950096343945466e+00 1.516341102019896026e+00 1.431012135084829273e+00 1.998894370991740832e+00 2.058431226194651131e+00 1.852666326653756856e+00 2.052207704507826302e-01 6.642524584981620572e-01 7.327464162268879644e-01 1.192047781941539597e+00 1.122496828527578261e+00 -2.888043093990162902e+01 5.150839689073659855e+00 2.725484085932850853e+00
1.797331188536735111e-02 2.277020424033849438e-02 2.910724233663363261e-02 8.387708125581479907e-03 3.457218388149379540e-01 1.306609522119398653e-02 5.069025030320162967e-02 6.293059833400448111e-02 5.666885997614334175e-02 1.067350382520207280e-01 1.132368925805229548e-01 9.184528324513910325e-02 3.358515771047688222e-03 1.635374308824072767e-02 1.893458215825710028e-02 4.119719508630646787e-02 3.722789601091008871e-02 3.077968907366053497e-02 -1.273022516096114831e+00 2.060375715926072437e-01
1.402264505187621468e-01 1.723301670280190934e-01 2.128372731622992509e-01 7.105107680263035574e-02 1.434117153843480041e+00 1.057966507931892702e-01 3.387993198028611541e-01 4.040718450502670533e-01 3.711484531500554573e-01 6.130284906416930690e-01 6.414899336236259408e-01 5.456201279796979442e-01 3.063776835267515916e-02 1.290584684096544865e-01 1.467722960630616080e-01 2.853547300343172166e-01 2.621517102045965442e-01 2.232140859328508864e-01 2.823827571592607111e+00 -8.951533572986344112e+00
