-7.496933835961447912e+00 7.866986320575496405e-01 1.117537815389332834e-01 8.759929257473351299e-03 3.943344233158647657e-04 4.097516244577559807e-01 7.280399969046930112e-12 8.132881745938019824e-02 4.234867924533963213e-01 5.152090276284709836e-01 2.840982638320937781e+00 3.007877115137463919e-01 1.407899629108139844e-02 2.604398286538424021e-02 3.135745859563578153e-02 6.370309915857216287e-01 9.151496665661174035e-01 3.941191697889551149e-01 5.506617884227903643e-08 2.260841329122211625e-07
1.248758632057549445e+00 -9.561402151166237928e+00 1.567122244446635670e-01 1.294605032335454341e-02 5.974798663289086114e-04 5.429342819221455452e-01 1.137242983836865854e-11 1.151686075024395267e-01 5.600881478056838336e-01 6.735415617081944584e-01 3.246115383211552352e+00 4.051237920027699890e-01 2.067472848198752267e-02 3.786243754204206974e-02 4.542693875435428047e-02 8.215937931486733126e-01 1.150502564317028353e+00 5.233550929444943378e-01 8.535811081809172842e-08 3.497634906078664554e-07
3.578020781538933548e+00 3.160919224444663556e+00 -3.205212279132754105e+01 1.395662774600645584e-01 8.326546778237580923e-03 2.223083244822749993e+00 2.052484186048758165e-10 8.039964777860012513e-01 2.264490304266507881e+00 2.523116816225239756e+00 6.117732573846486943e+00 1.862312436675669369e+00 2.082813451295960350e-01 3.431470865389666947e-01 3.969746597490149131e-01 2.828519672700215981e+00 3.418646783873911410e+00 2.174981246292181591e+00 1.452762799609300163e-06 5.860231051209527477e-06
6.639339929257473294e+00 6.181466050323354722e+00 3.303879277460064490e+00 -7.106254241013017747e+01 1.068977593520269859e-01 5.082721973782064140e+00 4.256930977488942212e-09 2.931543671725647116e+00 5.134149718074934476e+00 5.448101336309371767e+00 9.269254658505452937e+00 4.617812068015812343e+00 1.307230230946036631e+00 1.790730761324121012e+00 1.955421861403225492e+00 5.805375749214132242e+00 6.465950577843229574e+00 5.022530155776404825e+00 2.768505774286684725e-05 1.089415021423404843e-04
1.015685433442331487e+01 9.694997479866328760e+00 6.698519546778236133e+00 3.632777759352026070e+00 -1.254504054685148589e+02 8.577647505214750723e+00 1.218776247413650449e-07 6.280558211137840630e+00 8.630363761443241799e+00 8.951121339514463315e+00 1.279429552547225413e+01 8.098328357485328866e+00 4.157698813674325145e+00 4.869989964200586385e+00 5.091680570120647786e+00 9.314300167628426053e+00 9.982131571609986764e+00 8.515878332483646673e+00 6.869719714541280570e-04 2.575134260362137856e-03
1.990181624457755927e+00 1.661304281922145742e+00 3.372462448227500631e-01 3.257197378206328625e-02 1.617505214751584989e-03 -1.605811906182868753e+01 3.343502426022929499e-11 2.550150447329758152e-01 1.026627221222707886e+00 1.198589906808830152e+00 4.281270353693019892e+00 7.790551728930725783e-01 5.103001746605308198e-02 9.066574547523915950e-02 1.076344132150351546e-01 1.413626439096949516e+00 1.862293000265335063e+00 9.693888679639035555e-01 2.459966597923271221e-07 1.002766004441887224e-06
2.901360000000727979e+01 2.855154000001137149e+01 2.554733300020524922e+01 2.238302000425693450e+01 1.885714012187762734e+01 2.743317000003343509e+01 -4.658688059355023370e+02 2.512579800030769661e+01 2.748596000003177409e+01 2.780710000002331839e+01 3.165140000000056730e+01 2.695300000005309471e+01 2.294510000248747872e+01 2.368828000122136146e+01 2.391649000098151845e+01 2.817060000001642450e+01 2.883881000000861761e+01 2.737131000003548920e+01 9.319336395830061903e+00 1.080981840811307571e+01
3.969130817459380456e+00 3.540910607502439245e+00 1.225531477786001133e+00 1.887656717256472050e-01 1.190021113784196262e-02 2.562387044732975738e+00 3.076978340093802908e-10 -3.645002579545186450e+01 2.606200137246088566e+00 2.878397206282170551e+00 6.535178890913067029e+00 2.177477661967243350e+00 2.777080780996727949e-01 4.477924132740728203e-01 5.143441996971684915e-01 3.196997418252133905e+00 3.805890603740616385e+00 2.511402521149732170e+00 2.156926790792902494e-06 8.677251122556716066e-06
1.951126792453396375e+00 1.625668147805684027e+00 3.258633042665076696e-01 3.120971807493480923e-02 1.543761443242969069e-03 9.738372212227088820e-01 3.177679939609773640e-11 2.460381372460888894e-01 -1.570149291611576459e+01 1.169149505615300288e+00 4.231119169213121367e+00 7.570792238452797029e-01 4.894676124449834353e-02 8.710755129606395641e-02 1.034695735538139899e-01 1.381079208025774552e+00 1.824483507216957179e+00 9.437701453096621895e-01 2.340273365974522108e-07 9.542236155789107178e-07
1.721709027628471000e+00 1.417981561708194560e+00 2.633498162252396746e-01 2.402133630937146672e-02 1.161339514465072054e-03 8.246599068088302786e-01 2.331769465722905331e-11 1.970952062821699213e-01 8.480095056153005295e-01 -1.364016566389948792e+01 3.928372583774096594e+00 6.330140762078024785e-01 3.790072433142866598e-02 6.809470068032746903e-02 8.115458186054824719e-02 1.192736848352192514e+00 1.603022360882308206e+00 7.978812095024326867e-01 1.727456311336023367e-07 7.054473586652105543e-07
2.031826383209378584e-01 1.462553832115524310e-01 1.366557384648631711e-02 8.746585054528283011e-04 3.552547225463214506e-05 6.304035369301987102e-02 5.680212195181051885e-13 9.576890913066703204e-03 6.567916921312108580e-02 8.407258377409725092e-02 -9.874856290812105142e-01 4.319517908401546147e-02 1.441476209303458591e-03 2.772652069266238160e-03 3.383891961253857744e-03 1.105517734428974053e-01 1.796838394039334819e-01 6.007401698214590025e-02 4.465703517808963539e-09 1.851213426616144608e-08
2.361387711513746268e+00 2.003663792002770005e+00 4.566454366756692029e-01 4.783206801581216250e-02 2.468357485331446922e-03 1.259225172893072786e+00 5.309675017217626228e-11 3.502756619672433569e-01 1.290039223845279581e+00 1.487114076207802560e+00 4.741595179084015399e+00 -1.953338084607866421e+01 7.417753469981684666e-02 1.296924612346914696e-01 1.531084639357468413e-01 1.729397007105917483e+00 2.223062150448446239e+00 1.223694587830594482e+00 3.870767792995607306e-07 1.574002837736578270e-06
6.082578996291081452e+00 5.627114728481987349e+00 2.810514345129595970e+00 7.451502309460367179e-01 6.973881367432656353e-02 4.539100017466052961e+00 2.487480232138664066e-09 2.458406078099673042e+00 4.589806761244498823e+00 4.899900724331428314e+00 8.707741476209303499e+00 4.082077534699816823e+00 -6.323607047093297240e+01 1.417198186331157794e+00 1.563118717539183855e+00 5.253752952014065336e+00 5.910002281963734561e+00 4.479787049243761032e+00 1.646003844231651108e-05 6.511474133982351369e-05
5.351363982865383839e+00 4.901122437542041688e+00 2.202200086538966151e+00 4.854707613241204811e-01 3.884996420058674932e-02 3.835555745475238698e+00 1.221361534141271052e-09 1.885310413274072339e+00 3.884787551296063679e+00 4.186914700680326895e+00 7.965892652069266333e+00 3.394412461234691314e+00 6.740181863311572874e-01 -5.341655639085887941e+01 1.118441221248442030e+00 4.533581890991273511e+00 5.180558234731564404e+00 3.778034979571826213e+00 8.255325628075101940e-06 3.286493686918276008e-05
5.128467458595635797e+00 4.680476938754353888e+00 2.027817659749014290e+00 4.219518614032253812e-01 3.233057012064863983e-02 3.624314413215035113e+00 9.815169618777914361e-10 1.723652199697168097e+00 3.672939573553814174e+00 3.971764581860547594e+00 7.738293891961253834e+00 3.189618463935746551e+00 5.917287175391833243e-01 8.902312212484427834e-01 -5.053499169896828391e+01 4.315413592650561014e+00 4.958428348692586418e+00 3.567528907167362373e+00 6.675238027753518855e-06 2.662260415771344443e-05
1.480030991585721711e+00 1.202533793148673036e+00 2.052526727002157714e-01 1.779574921413185767e-02 8.401676284270359488e-04 6.761964390969495975e-01 1.642328256818800826e-11 1.521954182521337018e-01 6.964392080257745254e-01 8.292368483521926903e-01 3.591351773442897688e+00 5.117970071059174675e-01 2.825295201406502477e-02 5.126189099127371335e-02 6.130359265056117141e-02 -1.152856418198316568e+01 1.371039730507712218e+00 6.530353238464667864e-01 1.224606993608759194e-07 5.009429273149395695e-07
1.089939666566117182e+00 8.632325643170284390e-01 1.271697838739107855e-01 1.016057784322911377e-02 4.615716099885300403e-04 4.566530002653351739e-01 8.618690554952970319e-12 9.287860374061665536e-02 4.716335072169568488e-01 5.713123608823086341e-01 2.992273839403933433e+00 3.372521504484460309e-01 1.629228196373360207e-02 3.002823473156474715e-02 3.610834869258611191e-02 7.028297305077121360e-01 -8.237811597864054036e+00 4.395850441105030870e-01 6.500156212393246233e-08 2.666799024967244906e-07
2.036409169788955253e+00 1.703585092944494228e+00 3.510042462921815209e-01 3.424015577640499020e-02 1.708332483647058506e-03 1.031248867963904026e+00 3.548842192971713099e-11 2.658905211497322174e-01 1.058420145309661553e+00 1.233671209502432919e+00 4.340164016982146045e+00 8.053845878305945227e-01 5.357704924376052724e-02 9.500497957182663100e-02 1.127089071673628429e-01 1.452325323846466620e+00 1.907085044110503169e+00 -1.648242897358672820e+01 2.608008795946143943e-07 1.062786281176722319e-06
1.969510005506617745e+01 1.923304008535810894e+01 1.622883445276280057e+01 1.306454768505774311e+01 9.539326971971455293e+00 1.811467024599665976e+01 8.363958300613667319e-04 1.580730015692679125e+01 1.816746023402733456e+01 1.848860017274563106e+01 2.233290000446570289e+01 1.763450038707677692e+01 1.362661646003844318e+01 1.436978825532562887e+01 1.459799667523802746e+01 1.885210012246069766e+01 1.952031006500155996e+01 1.805281026080087869e+01 -2.892510487655505926e+02 1.924310079400155971e+00
1.820400022608413337e+01 1.774194034976348888e+01 1.473773886023105284e+01 1.157352894150214162e+01 8.050115134260362737e+00 1.662357100276600619e+01 2.184081130760426293e-04 1.431620667725112206e+01 1.667636095422361464e+01 1.699750070544736147e+01 2.084180001851213504e+01 1.614340157400283715e+01 1.213556511474133970e+01 1.287871286493687073e+01 1.310691662260415846e+01 1.736100050094292868e+01 1.802921026667990034e+01 1.656171106278628358e+01 4.332100794001564337e-01 -2.624127093642489967e+02
