-5.991074018139345370e+00 5.035348411785626199e-01 2.141729429486921299e-01 1.010001831236586982e-02 1.413149900938283632e-01 5.718468334678519227e-01 9.769562832627404108e-25 1.507950142664157833e-02 4.120081368903386054e-02 3.578848482814074305e-01 8.670101038091793111e-01 1.755179970500526931e-02 7.770122295169475946e-01 1.297904673117238616e-01 2.754714616924048079e-02 1.542675632942964281e+00 5.895084004873872852e-01 1.624135886902527415e-01 3.141312966832788579e-03 1.928854714142764701e-02
1.748255841178562253e+00 -1.206250673736239953e+01 4.819256772549881940e-01 2.842296288758856815e-02 3.336225441344247145e-01 1.111140713714494410e+00 3.320843868769396943e-24 4.172939920354614557e-02 1.079336696176603910e-01 7.504628201605132443e-01 1.559442708702982516e+00 4.823125825683328288e-02 1.427482108815868012e+00 3.091572469169882598e-01 7.395315908804041272e-02 2.461813112539508630e+00 1.139351501770963004e+00 3.776398883860147548e-01 9.179689103127754157e-03 5.276243563029397315e-02
2.776242942948691894e+00 1.799274677254988131e+00 -2.169461308891205320e+01 8.052641682026247250e-02 7.358049338750312085e-01 1.954308984261341031e+00 1.211740496157665629e-23 1.152867154350476347e-01 2.749502665687863501e-01 1.432850033643505716e+00 2.542368931174061153e+00 1.318573304364512311e-01 2.374574036019725387e+00 6.898798789713459501e-01 1.952816266876081785e-01 3.611030784675911320e+00 1.992983228779650950e+00 8.166160683695906641e-01 2.751124692251015469e-02 1.432649860675415943e-01
6.472950018312366716e+00 5.246551962887589404e+00 3.981306416820262761e+00 -6.970178042830008280e+01 3.440578931841031807e+00 5.456591320280315571e+00 5.579583278003309373e-22 1.257053499603975499e+00 2.083901326956301148e+00 4.713274667916101279e+00 6.196699625063481598e+00 1.365217934415960954e+00 5.993006377003697871e+00 3.335225384363694090e+00 1.721563750672155946e+00 7.407524261261071885e+00 5.507827920029609636e+00 3.616719739060171968e+00 4.703328625937404084e-01 1.435454429218556038e+00
3.288514990093828860e+00 2.236101544134425190e+00 1.320934933875031803e+00 1.249289318410320704e-01 -2.708493832847737437e+01 2.406827311783322543e+00 2.152939318098264817e-23 1.763213086060166912e-01 4.020959530048390240e-01 1.824881853791264996e+00 3.040989379784597268e+00 2.004758831111913553e-01 2.861920732293771863e+00 9.428855710038110960e-01 2.912288354800440793e-01 4.157131142010006108e+00 2.449154618054504962e+00 1.099479773206595068e+00 4.407623751154728098e-02 2.169893288915432372e-01
1.601956833467851782e+00 8.965297137144940809e-01 4.223489842613411538e-01 2.385132028031579018e-02 2.897373117833225153e-01 -1.081530186456136633e+01 2.689333512581465439e-24 3.513375962519919848e-02 9.186195750433441554e-02 6.662942819727426524e-01 1.422176249425611605e+00 4.066428922414233593e-02 1.297176426459449416e+00 2.680332688405367980e-01 6.263846271480412453e-02 2.289465461225148157e+00 1.026346390378786833e+00 3.289161098226727198e-01 7.646357268134738698e-03 4.452468659247724864e-02
5.936912999999999840e+01 5.812440899999999999e+01 5.680705999999999989e+01 5.290627999999999531e+01 5.622193000000000040e+01 5.833901999999999788e+01 -1.069437423999999965e+03 5.338269999999999982e+01 5.461144999999999783e+01 5.757533899999999960e+01 5.909019999999999584e+01 5.356492999999999682e+01 5.888409799999999450e+01 5.610543999999999443e+01 5.411256999999999806e+01 6.030928999999999718e+01 5.839125800000000055e+01 5.641469999999999629e+01 5.154889999999999617e+01 5.367871999999999844e+01
6.001509501426641968e+00 4.783438399203546076e+00 3.539646715435047497e+00 7.806334996039751006e-01 3.015551308606016612e+00 4.991453759625199105e+00 3.496137435757066065e-22 -6.243911550249041653e+01 1.737137478800993895e+00 4.256945986336931220e+00 5.726517562030313258e+00 1.093880784012502883e+00 5.523941548627825604e+00 2.914186006143921759e+00 1.408938312343647414e+00 6.933394027600006559e+00 5.042242853072929520e+00 3.185607119121926178e+00 3.487889630391369788e-01 1.155301677459867005e+00
4.798880813689034852e+00 3.620892669617660875e+00 2.470560266568786467e+00 3.787313269563012397e-01 2.012575953004839047e+00 3.819431957504334285e+00 1.046724342040397394e-22 5.083874788009944412e-01 -4.536136037495186457e+01 3.125205167673689388e+00 4.530156351380173696e+00 5.663833597453312718e-01 4.333071856685251966e+00 1.926424557567222973e+00 7.712145807880427251e-01 5.717010282044693525e+00 3.868105530418890492e+00 2.158966861436526052e+00 1.502574929842460105e-01 6.051038680858491503e-01
2.151675848281406900e+00 1.299532820160513191e+00 6.645710336435055599e-01 4.421566791610068159e-02 4.714728537912641348e-01 1.429975281972742485e+00 5.696190200641448605e-24 6.430698633693092414e-02 1.613161676736893091e-01 -1.565859476766764224e+01 1.941728048121762695e+00 7.403454276218646157e-02 1.793201568723826522e+00 4.389335892855146803e-01 1.120448669197833397e-01 2.923893297413478365e+00 1.462830542332432593e+00 5.294952872865885674e-01 1.458348263345813842e-02 8.078288241245784596e-02
1.145940103809179433e+00 5.936517087029827833e-01 2.592289311740613167e-01 1.277962506348078592e-02 1.727193797845967271e-01 6.709962494256116461e-01 1.285190969724095483e-24 1.901756203031329528e-02 5.140635138017392303e-02 4.268670481217629598e-01 -7.116166754046595599e+00 2.210513969929453829e-02 9.004863326441914229e-01 1.589180644548476851e-01 3.453569320129994125e-02 1.730430348782593164e+00 6.909113414189530511e-01 1.978977522032333292e-01 4.004347748923613344e-03 2.427077440109573145e-02
5.821751799705006114e+00 4.607710258256833669e+00 3.373987330436451604e+00 7.065679344159613295e-01 2.857475883111191273e+00 4.814754289224142170e+00 2.923661031181965927e-22 9.116507840125031015e-01 1.612903359745331278e+00 4.084443542762187462e+00 5.547375139699295410e+00 -5.975070156791269227e+01 5.345343216659209418e+00 2.757905150370116409e+00 1.298688424892528781e+00 6.752310859808888566e+00 4.865327990822558846e+00 3.024776382482349479e+00 3.097554406154723328e-01 1.057973780892661475e+00
1.262044229516947835e+00 6.677931088158683970e-01 2.975360360197256138e-01 1.518837700369723813e-02 1.997527322937715233e-01 7.520984264594496871e-01 1.573834979544529813e-24 2.254354862782527447e-02 6.042385668525169368e-02 4.844425687238268496e-01 1.106588332644191208e+00 2.617521665920877552e-02 -8.031346399230702815e+00 1.840487311352074495e-01 4.074761671318438000e-02 1.876393997646738976e+00 7.737394706836110414e-01 2.283238302155842503e-01 4.786952901813337248e-03 2.871936648480114679e-02
3.393480467311723814e+00 2.328126246916988329e+00 1.391499878971346194e+00 1.360653843636939198e-01 1.059375571003810856e+00 2.501613268840536808e+00 2.413915013516998164e-23 1.914460061439218208e-01 4.324345575672228770e-01 1.908832589285514914e+00 3.143678064454847654e+00 2.173951503701160859e-01 2.962706731135207772e+00 -2.823937480717633264e+01 3.145034777092873823e-01 4.267599204201235175e+00 2.544578319374049435e+00 1.162587469850860700e+00 4.834354266730972460e-02 2.351088770086560698e-01
5.284107146169240821e+00 4.085792159088041053e+00 2.889771626687608119e+00 5.152737506721561944e-01 2.400588835480043759e+00 4.289088462714803818e+00 1.708077642100653552e-22 6.790683123436473956e-01 1.270094580788042382e+00 3.574813866919783756e+00 5.012165693201299455e+00 7.510484248925283213e-01 4.812275616713184156e+00 2.307373477709287357e+00 -5.199035118873765526e+01 6.209362871929859473e+00 4.338827778439689808e+00 2.558051601811238474e+00 2.139354853669292456e-01 7.987114978102715090e-01
6.025156329429641744e-01 2.769321125395086680e-01 1.088007846759113662e-01 4.514261261071630775e-03 6.977114201000594873e-02 3.191954612251481915e-01 3.876076690161025017e-25 6.804027600006642279e-03 1.917028204469355818e-02 1.899422974134785391e-01 5.113403487825931570e-01 7.950859808888214447e-03 4.512019976467390725e-01 6.374920420123539322e-02 1.264287192986004831e-02 -3.065838922719122284e+00 3.302653705708187837e-01 8.090821436528611299e-02 1.374049939515730205e-03 8.760003761397135158e-03
1.567380400487387249e+00 8.725025017709626685e-01 4.087852287796510109e-01 2.284992002960954324e-02 2.798266180545046500e-01 9.741083903787862708e-01 2.554739901592256284e-24 3.368485307292960057e-02 8.829753041889043530e-02 6.469115423324326430e-01 1.389853341418953114e+00 3.899999082255811017e-02 1.266579470683611319e+00 2.587603193740497520e-01 6.013977843968990739e-02 2.248297370570818909e+00 -1.052488542785705405e+01 3.178841547324343098e-01 7.312592348930382555e-03 4.271142414085405542e-02
3.116843588690252354e+00 2.087348888386014956e+00 1.208976068369590706e+00 1.082997390601717347e-01 9.067097732065950710e-01 2.253236109822672972e+00 1.781555575901167754e-23 1.536071191219262333e-01 3.557168614365257553e-01 1.690134287286588766e+00 2.873397752203233679e+00 1.750063824823490655e-01 2.697721830215584315e+00 8.533274698508602762e-01 2.559216018112383528e-01 3.975498214365286387e+00 2.294442154732434069e+00 -2.523364447355547213e+01 3.778536748770375958e-02 1.896712650264425759e-01
7.823371312966831859e+00 6.584688689103127324e+00 5.285671246922509781e+00 1.827712862593739551e+00 4.717106237511545785e+00 6.797766357268133497e+00 2.112596637159729597e-21 2.182588963039135965e+00 3.212807492984245172e+00 6.041022482633457535e+00 7.545304347748923668e+00 2.325785440615470989e+00 7.339984952901812854e+00 4.604883542667308483e+00 2.777605485366928750e+00 8.761764049939515075e+00 6.849670592348929610e+00 4.903585367487703017e+00 -9.199843455347323129e+01 2.417115129373895943e+00
5.709698547141427660e+00 4.498451435630293815e+00 3.271604986067541354e+00 6.630144292185552457e-01 2.760199328891542514e+00 4.704824686592476546e+00 2.614750529718188173e-22 8.592816774598663887e-01 1.537833868085848543e+00 3.977401882412457734e+00 5.435750774401094887e+00 9.441837808926600850e-01 5.234097366484800951e+00 2.661828877008655780e+00 1.232561497810271245e+00 6.639330003761396704e+00 4.755249424140853165e+00 2.925651265026442349e+00 2.872951293738963963e-01 -5.809825896040008075e+01
