-25.788649633077796	1.2946481825561118	1.6363917171501547	1.430837108420132	1.657212849614016	0.15352077360248595	1.5445481278203812	1.3158295130766013	1.1169248076906289	1.389925868388701	1.7466796040677284	1.7843904178369865	1.5110039357427498	1.9487344138511615	0.7919715116121647	1.2955086777556397	1.3303066221918671	1.3740171440510023	1.3463255520623196	1.119872805586965
0.7538581825561117	-19.8990462430585	1.2946187196529446	1.116322910011423	1.3128503812843488	0.10315234436558017	1.2145668655856479	1.017991622134649	0.8505760517701552	1.0812215784387695	1.3915306317217309	1.424856126035598	1.1854833660201116	1.5711516569650057	0.5852249526607226	1.0007301776332935	1.0303101820108675	1.067608182170083	1.0439608957203053	0.8530314163211564
0.5548617171501549	0.7538787196529444	-14.926189226248125	0.850097206719106	1.0154841034235194	0.06833270892621056	0.9323480100128597	0.7686747944806088	0.632277911043755	0.8209256576513553	1.0826222744122789	1.1112098221590951	0.9079081705436819	1.2377205729303582	0.4225568708652249	0.7544785813265071	0.7788238775960932	0.8096434362581469	0.7900878770752379	0.6342569140209882
0.6657771084201318	0.8920529100114233	1.1665672067191062	-17.72513251686691	1.183670139396345	0.08709696492866008	1.09162305112595	0.9087092687866377	0.7543183105254175	0.9673629736489323	1.2576208091059387	1.2890104822855344	1.0644581128030641	1.4272580209875965	0.5126867218918455	0.892728605721356	0.9201221616685139	0.9547197740590379	0.9327773156586983	0.7565725791227206
0.5448728496140158	0.7413003812843488	0.9846741034235184	0.836390139396345	-14.67036358578467	0.06672204251210258	0.9177326824916597	0.7559180113015443	0.621237944967081	0.8075530095462748	1.0664705365465161	1.0947825987911304	0.893557509568334	1.220133890521986	0.41451037950385383	0.7418929729995887	0.7659457399230637	0.7964019137200048	0.7770760394737776	0.6231908401995261
3.1863007736024858	3.67672234436558	4.182642708926211	3.8849369649286603	4.211842042512103	-72.60110140129706	4.051839099539494	3.709762175038096	3.3884868433678137	3.8234057095226466	4.335541794500572	4.3868692108340595	4.003202941005516	4.605489452860316	2.794204261581876	3.6780695944824418	3.7321990352297254	3.799251126618565	3.756891047660254	3.3934442747206353
0.601518127820381	0.8123268655856478	1.0708480100128595	0.9136530511259499	1.0870426824916604	0.07602909953949409	-16.112594887278384	0.8279317174654103	0.6837333454922389	0.882970199826242	1.1571753861119556	1.1869966476318015	0.9743678170785899	1.3186875672095892	0.4602979087608306	0.8129596868263467	0.8386305472573977	0.8710949385050003	0.850499960960889	0.6858313275760999
0.7392695130766015	0.9822216221346503	1.273644794480609	1.0972092687866375	1.2916980113015444	0.10042217503809606	1.1944017174654102	-19.541699527103386	0.8346706371344983	1.0625002081845671	1.3696316638141037	1.4026520970680871	1.1656225540606049	1.5476826352595343	0.5731545673948603	0.9829430960837454	1.0121740047280399	1.0490413828435723	1.0256658915112733	0.8370936867369488
0.8915348076906283	1.165976051770155	1.488417911043755	1.2939883105254173	1.508187944967081	0.13031684336781363	1.401373345492239	1.1858406371344985	-23.22366969148179	1.2554623953710178	1.5932871182831523	1.6292272678228794	1.3696499449413178	1.786314588829159	0.7001718420311442	1.1667827213890443	1.199427517882052	1.24049740814062	1.2144705322677358	1.0027425025320793
0.6908658683887011	0.9229515784387695	1.2033956576513554	1.0333629736489331	1.220833009546275	0.09156570952264677	1.1269401998262425	0.9400002081845673	0.7817923953710179	-18.348440202536946	1.296186707970459	1.3281514604456637	1.0992084296207263	1.4687949773473041	0.5332646450405554	0.9236432753921631	0.9516792924858274	0.9870712027765824	0.9646271768355426	0.7841054340436138
0.5042196040677284	0.6898606317217306	0.9216922744122789	0.7802208091059385	0.9363505365465168	0.06030179450057143	0.8577453861119558	0.7037316638141038	0.5762171182831524	0.7527867079704591	-13.62216796831739	1.027146281364673	0.8346838885446569	1.1475799522735224	0.3818885761794961	0.6904228147677619	0.7132514153631112	0.7421853366362741	0.7238218361626243	0.5780613404908336
0.4881204178369866	0.669376126035598	0.8964698221590949	0.7578004822855344	0.9108525987911298	0.05781921083405982	0.8337566476318014	0.6829420970680867	0.5583472678228795	0.7309414604456638	0.9733362813646711	-13.203823844149866	0.8111531719402661	1.1183928047014708	0.36902721980650116	0.6699258878842985	0.6922541763503581	0.720565224421311	0.702595601299435	0.5601473454707189
0.6196839357427497	0.8349533660201117	1.0981181705436818	0.9381981128030634	1.114577509568334	0.07910294100551603	1.0260778170785902	0.850862554060605	0.7037199449413181	0.9069484296207255	1.1858238885446568	1.216103171940266	-16.570888305974506	1.3497121559725809	0.47506093960712936	0.8355985936787037	0.8617681322131427	0.8948505478689709	0.8738651205005562	0.705862974263803
0.42434441385116145	0.5875516569650057	0.7948605729303584	0.6679280209875963	0.808083890521986	0.04831945286031592	0.7373275672095894	0.5998526352595341	0.4873145888291593	0.6434649773473041	0.8656499522735223	0.8902728047014707	0.7166421559725809	-11.527028338385339	0.3184108027611727	0.5880499359118677	0.6083028623136021	0.6340255494356557	0.6176932835269304	0.4889332147265256
1.2416115116121647	1.5756549526607226	1.9537268708652245	1.7273867218918457	1.976490379503854	0.21106426158187636	1.8529679087608306	1.5993545673948601	1.3752018420311443	1.6819646450405554	2.073988576179496	2.1149372198065013	1.8160209396071292	2.2924408027611727	-31.36118761807805	1.5766185053251929	1.6155309048231132	1.6642659342950676	1.6334095277930274	1.3785515461442743
0.7532586777556396	0.9992701776332878	1.2937585813265071	1.1155386057213565	1.3119829729995887	0.10303959448244224	1.2137396868263468	1.0172530960837425	0.8499227213890443	1.0804532753921634	1.3906328147677622	1.4239458878842983	1.1846685936787034	1.5701899359118674	0.5847285053251929	-19.884381823207107	1.029565756468114	1.0668461852661446	1.043209988800982	0.8523767654939266
0.729496622191867	0.9702901820108659	1.259543877596093	1.084372161668514	1.2774757399230638	0.09860903522972547	1.1808505472573976	0.987924004728041	0.8240075178820518	1.0499292924858277	1.3549014153631114	1.387714176350358	1.1522781322131428	1.5318828623136023	0.5650809048231132	0.9710057564681148	-19.301730446615494	1.0365753286292447	1.0133841845077658	0.8264087049735941
0.7009271440510024	0.9353081821700826	1.218083436258147	1.046689774059037	1.2356519137200046	0.09338112661856504	1.1410349385049998	0.9525113828435722	0.7927974081406198	1.0130412027765807	1.3115553366362742	1.3437452244213108	1.1130805478689711	1.4853255494356556	0.5415359342950677	0.9360061852661444	0.964295328629244	-18.59746279242413	0.9773585020542883	0.7951336746745625
0.7188655520623196	0.957290895720304	1.2441578770752377	1.0703773156586989	1.2619560394737774	0.0966510476602539	1.166069960960889	0.9747658915112747	0.8124005322677356	1.0362271768355416	1.3388218361626243	1.371405601299435	1.1377251205005565	1.5146232835269307	0.5563095277930276	0.9579999888009831	0.9867341845077645	1.0229885020542875	-19.040148072516196	0.8147777386445578
0.889002805586965	1.1629514163211563	1.484916914020988	1.2907625791227206	1.504660840199526	0.12979427472063523	1.3979913275761	1.1827836867369488	0.9972625025320789	1.2522954340436139	1.5896513404908335	1.6255473454707186	1.366312974263803	1.7824532147265257	0.6980415461442742	1.163756765493927	1.196348704973594	1.2373536746745626	1.2113677386445578	-23.16325508574353