-1.427236428152080805e+01 7.470132582956945377e-01 4.438659750725374997e-01 8.173996622192101213e-01 9.379940876010438577e-01 5.756257720513129339e-01 5.490011338529116047e-01 9.257518176125897336e-01 1.017485744045105056e+00 1.128838660236459734e+00 1.159606922460092004e+00 5.148399198283190037e-01 1.604494581068871828e-01 8.773817339018560313e-01 8.958418235650004169e-01 7.187965153421798092e-01 6.540562711286508346e-01 6.143584051252616307e-01 6.931171198301523395e-01 8.409400012455426898e-01
1.304523258295694488e+00 -1.928920073105904720e+01 6.186273286024832618e-01 1.085797141410288047e+00 1.230831805366050302e+00 7.870120918186381820e-01 7.533432445130578969e-01 1.216214331569200446e+00 1.325203468372442073e+00 1.455921380540584620e+00 1.491757130156872613e+00 7.098889628601058321e-01 2.371824132802935192e-01 1.158230672639951164e+00 1.180403477975817239e+00 9.653477477011256358e-01 8.852468132342111717e-01 8.356962922840258656e-01 9.336769091372282281e-01 1.114296261300973478e+00
1.895671975072537263e+00 1.512923328602483464e+00 -2.938720191018793670e+01 1.622761507806816050e+00 1.804777687444161005e+00 1.232061756664374785e+00 1.186444801976889174e+00 1.786626220249318164e+00 1.921002328066626186e+00 2.079436032752407737e+00 2.122392350394745719e+00 1.127014801604352190e+00 4.256125611210363480e-01 1.714207941062204643e+00 1.741980341273526411e+00 1.468060323821089641e+00 1.363167344068658471e+00 1.297394131266369710e+00 1.426790560433300215e+00 1.658875916507043913e+00
1.207958662219209778e+00 9.188461414102886415e-01 5.615145078068162210e-01 -1.768360601897241224e+01 1.137732190887742689e+00 7.185438188573918250e-01 6.870451947335028953e-01 1.123821106601184727e+00 1.227694637902560615e+00 1.352716014920723575e+00 1.387068873304082350e+00 6.464639660463842308e-01 2.114015334950377356e-01 1.068703782248527467e+00 1.089768246229182891e+00 8.861418313983564499e-01 8.107117246238170205e-01 7.641731130541480344e-01 8.562892623973634709e-01 1.027011410836093486e+00
1.064680087601043601e+00 8.000078053660503175e-01 4.796576874441611515e-01 8.738591908877426651e-01 -1.532632627484099430e+01 6.193912440041123846e-01 5.912218886147934116e-01 9.872159460365190764e-01 1.082899393437429358e+00 1.198722551089373534e+00 1.230667259700225946e+00 5.550308592098288640e-01 1.756360608139055091e-01 9.366590911464539593e-01 9.559625455739885203e-01 7.703514618093838529e-01 7.021926432933719431e-01 6.603150796516678023e-01 7.433357053760840660e-01 8.985197737848564792e-01
1.594455772051312836e+00 1.248332091818638245e+00 7.990857566643747578e-01 1.346814818857391849e+00 1.511535244004112100e+00 -2.418659859631872067e+01 9.601809713807563096e-01 1.495027505458154327e+00 1.617638618723976851e+00 1.763343204818088594e+00 1.803048896010836399e+00 9.085368276892539230e-01 3.229109977986556190e-01 1.429343007878800087e+00 1.454499384753551672e+00 1.208318450184173942e+00 1.115265256713113828e+00 1.057289421643159200e+00 1.171621812933366646e+00 1.379350556937006589e+00
1.648555133852911414e+00 1.295387244513057867e+00 8.341928019768891645e-01 1.396040194733502604e+00 1.564089888614793367e+00 1.040904971380756772e+00 -2.511251583957280076e+01 1.547264497908453107e+00 1.672155085846710021e+00 1.820341574744477997e+00 1.860683724932023164e+00 9.469024038142948019e-01 3.403180105896413399e-01 1.480281444521943213e+00 1.505941776343356464e+00 1.254450516196019327e+00 1.159152827437114563e+00 1.099705925853321720e+00 1.216885393062580700e+00 1.429262423250953651e+00
1.078115817612589566e+00 8.110683315692001072e-01 4.871842202493180674e-01 8.856261066011844596e-01 1.012893946036514059e+00 6.285615054581547012e-01 6.000744979084527975e-01 -1.554606933074406427e+01 1.096483559332265045e+00 1.213209569835157930e+00 1.245391399694488754e+00 5.634654974201629418e-01 1.788650617720048963e-01 9.489991569266256199e-01 9.684739258794488048e-01 7.811179788248991951e-01 7.122597419262735041e-01 6.699353045380299632e-01 7.538290205739474059e-01 9.105146885853472316e-01
9.827157440451042003e-01 7.329234683724419330e-01 4.344263280666262328e-01 8.023656379025606578e-01 9.214433934374299806e-01 5.640386187239767590e-01 5.378310858467102440e-01 9.093495593322650228e-01 -1.399182171483496795e+01 1.110122621791111985e+00 1.140566402026454318e+00 5.042171799106017760e-01 1.564910889851399145e-01 8.615779738051276837e-01 8.798073613106925928e-01 7.050982861414728520e-01 6.412861176400918017e-01 6.021787040385423451e-01 6.797819802255259392e-01 8.256001632330932649e-01
8.813586602364594791e-01 6.509313805405846365e-01 3.801500327524077738e-01 7.146770149207236633e-01 8.245565510893736461e-01 4.970332048180886586e-01 4.733075747444780434e-01 8.133655698351577312e-01 8.974126217911116976e-01 -1.235629755882628444e+01 1.028449784052457350e+00 4.429433668037235927e-01 1.341194167006140303e-01 7.692285292492756499e-01 7.860580119950763001e-01 6.254617176326651151e-01 5.672167481633864083e-01 5.316396170076777006e-01 6.023261145270588646e-01 7.360616419659633536e-01
8.557569224600918290e-01 6.303971301568728203e-01 3.667363503947460024e-01 6.926598733040822964e-01 8.001312597002259164e-01 4.803688960108364880e-01 4.572797249320232904e-01 7.891773996944890790e-01 8.714864020264544431e-01 9.720797840524558753e-01 -1.194583362884660893e+01 4.277469366932312722e-01 1.286943403768032734e-01 7.459932711150885076e-01 7.624560368747288486e-01 6.055387373584313337e-01 5.487340327325843647e-01 5.140669443812521111e-01 5.829680411137376783e-01 7.135615454684745007e-01
1.722537919828319053e+00 1.360076962860105931e+00 8.829068016043523093e-01 1.463602966046384291e+00 1.636042859209828837e+00 1.097404827689254736e+00 1.055046403814294376e+00 1.618799497420163158e+00 1.746685179910601793e+00 1.898121366803723564e+00 1.939294936693231275e+00 -2.638461265827930902e+01 3.648539211670149829e-01 1.550105793374400687e+00 1.576430389248087982e+00 1.317915526612874810e+00 1.219633291792104224e+00 1.158225171915285845e+00 1.279196680345088044e+00 1.497732161944193674e+00
3.131849458106887418e+00 2.651072413280293638e+00 1.945206561121036515e+00 2.792242533495037815e+00 3.020350060813905557e+00 2.275480997798655647e+00 2.212164010589641183e+00 2.997901061772004994e+00 3.162661088985139646e+00 3.352999416700614077e+00 3.403944340376803712e+00 2.128555921167015086e+00 -5.171203939944787464e+01 2.907696936067293070e+00 2.942413593606962419e+00 2.592562707664305854e+00 2.453663095918132697e+00 2.364947274186448567e+00 2.538274658906021664e+00 2.838053268891675973e+00
1.133542733901856003e+00 8.568816726399512973e-01 5.185629410622051294e-01 9.343057822485267838e-01 1.066134091146454077e+00 6.666740078788001567e-01 6.368884445219434864e-01 1.052796156926625981e+00 1.152508973805127512e+00 1.272869529249275766e+00 1.306004271115088544e+00 5.985687933744006095e-01 1.924579360672930561e-01 -1.645547066706191330e+01 1.020167783472341272e+00 8.257364887316026580e-01 7.540315283595775409e-01 7.098850314719191701e-01 7.973362931332215187e-01 9.601182079557051274e-01
1.111934823565000174e+00 8.389864779758173796e-01 5.062673412735263501e-01 9.153022462291828809e-01 1.045369545573988423e+00 6.517623847535517490e-01 6.224807763433563013e-01 1.032202925879448729e+00 1.130670361310692762e+00 1.249631011995076202e+00 1.282399036874728893e+00 5.848253892480880234e-01 1.871065936069623847e-01 9.800997834723395030e-01 -1.610039562361182064e+01 8.083036528129375897e-01 7.377011031607971780e-01 6.942608239107845858e-01 7.803336517793650895e-01 9.407576938461800209e-01
1.346430515342180056e+00 1.035471747701125933e+00 6.438883238210899584e-01 1.123216831398357041e+00 1.271299461809384024e+00 8.171224501841743981e-01 7.825305161960195433e-01 1.256387978824899054e+00 1.367502286141472734e+00 1.500575717632665063e+00 1.537022737358431090e+00 7.378515266128748973e-01 2.487967076643058661e-01 1.197209488731602711e+00 1.219844652812937191e+00 -1.999008397495466838e+01 9.179284973727892538e-01 8.671031018226895704e-01 9.675629892361250484e-01 1.152338444291547415e+00
1.450585271128650877e+00 1.124265813234211597e+00 7.078903440686584725e-01 1.216681724623817074e+00 1.372035643293372242e+00 8.929642567131139685e-01 8.561278274371145747e-01 1.356424741926273381e+00 1.472585117640091701e+00 1.611225748163386484e+00 1.649113032732584472e+00 8.084642917921043281e-01 2.787920959181326985e-01 1.294399528359577500e+00 1.318137103160797352e+00 1.086823497372788605e+00 -2.174243926042890607e+01 9.460900170399463294e-01 1.052541151567164546e+00 1.247292054257120197e+00
1.520717405125261434e+00 1.184545292284025830e+00 7.519471312663699170e-01 1.279973113054148071e+00 1.439988079651667974e+00 9.448184216431597671e-01 9.065109258533221581e-01 1.423930304538030045e+00 1.543307704038542560e+00 1.685478617007677649e+00 1.724275944381252312e+00 8.568861719152861545e-01 2.999062741864487180e-01 1.360083031471919224e+00 1.384526823910784632e+00 1.145828101822689238e+00 1.055920017039946535e+00 -2.293053349442235955e+01 1.110349645577708655e+00 1.311540489654121400e+00
1.386342119830152209e+00 1.069391909137229257e+00 6.682095604333004868e-01 1.158955262397363573e+00 1.309874705376083748e+00 8.460168129333662801e-01 8.105563930625807600e-01 1.294690020573947553e+00 1.407776980225525998e+00 1.543031114527058989e+00 1.580043041113737612e+00 7.647236803450879750e-01 2.600996589060218800e-01 1.234400293133221416e+00 1.257465651779364979e+00 1.033153989236123005e+00 9.492371515671648163e-01 8.972156455777086093e-01 -2.065984105258616665e+01 1.188657062431128786e+00
1.177954001245542948e+00 8.938002613009738972e-01 5.440839165070441297e-01 9.734664108360943091e-01 1.108847773784856994e+00 6.975345569370067222e-01 6.667224232509538773e-01 1.095164688585346990e+00 1.197384163233093046e+00 1.320555641965963201e+00 1.354425545468474823e+00 6.270481619441936605e-01 2.036672688916759399e-01 1.040971207955704081e+00 1.061678693846179522e+00 8.617184442915473142e-01 7.877770542571204127e-01 7.421954896541214097e-01 8.324460624311287305e-01 -1.718744176638702115e+01
