-31.193670018829263	1.315067992618021	1.7813287186527125	1.6298206369440427	1.910957057740156	2.158497115261565	1.3946374709247158	1.2650152952172775	1.0853322146921713	1.3024452695328033	1.958162593997448	1.6487140402518938	1.510406338958014	1.4779480004929566	2.805194843208487	1.7515473100101429	2.012672341011105	1.388166177131946	1.439007067308047	1.3587495348757594
0.7397879926180206	-24.14311914890756	1.4007576864447777	1.268698884170569	1.515013249042291	1.7361722428153759	1.067158247965248	0.9580383676604862	0.8093106115668582	0.989396743342091	1.5568954766031124	1.2850758729069816	1.1658175217817723	1.1380460354757982	2.329529284932948	1.3746698751190158	1.6054338670461514	1.0616760931298481	1.104840451921663	1.0368006443645523
0.4894057186527123	0.6841146864447779	-16.825745892586454	0.8939559428637265	1.0931708102309108	1.2770011646056707	0.7357746659892485	0.6521178230178416	0.5405360392123969	0.6760087146554233	1.1276398505572718	0.9070073984469662	0.8126345637554591	0.7908855855827024	1.7899028373226735	0.9789084029970411	1.1677921059515697	0.7315372597240697	0.7649972031777993	0.7123551193981946
0.5580576369440424	0.7722158841705687	1.1141159428637266	-18.89780805004971	1.2138931983783776	1.4095628741702981	0.8285577355845819	0.737224909357892	0.6145935095581717	0.7633583669075251	1.2506987870707935	1.014078453866151	0.9120547546871203	0.8884660886451179	1.94862918139134	1.091467346972738	1.2935029629110557	0.8239431744528457	0.8603487492553983	0.8030384928619659
0.4381430577401561	0.6174792490422911	0.9122798102309111	0.8128421983783779	-15.239280350587398	1.173962593339032	0.6653887686527271	0.5878707230907344	0.485034472437063	0.6099735113364715	1.032531799746759	0.8250563345746568	0.7368988173730852	0.7166366136965411	1.664582643381019	0.8924670788079787	1.0704792880009653	0.6614542013095108	0.6925455964696948	0.643653592979425
0.35585611526156485	0.5088112428153758	0.7662831646056707	0.678684874170298	0.844135593339032	-12.61095370276077	0.5501778991801646	0.4833475151785485	0.39554369008143136	0.5023487648506255	0.8731382672922957	0.689405742283257	0.6122824953681284	0.5946427071454988	1.448595222350779	0.7487725674267298	0.9070551370466882	0.5467732002587022	0.5737131431449584	0.531386360961021
0.6879194709247154	0.9357202479652474	1.320979665989248	1.193602735584582	1.431484768652727	1.6461008991801647	-22.677478246830546	0.8956209590963683	0.7539165089684989	0.9255828614236032	1.4720577599474738	1.2093778672285609	1.0946472959710252	1.067979914787186	2.2257832537073154	1.2957863494688255	1.5191209746269867	0.9947482260233166	1.0361201868332182	0.9709283004514825
0.7748662952172772	1.043169367660486	1.453891823017842	1.318838909357892	1.5705357230907344	1.7958395151785485	1.1121899590963684	-25.121698566546833	0.846697484296915	1.0322642014864338	1.6132495554559296	1.3356015764110682	1.2134360979747918	1.1849537240773051	2.397767110987855	1.4272330542403036	1.6627236238609668	1.1065589462979009	1.150880549107174	1.0810010497310405
0.9192622146921718	1.2185206115668583	1.666389039212397	1.520286509558172	1.7917784724370631	2.0321146900814315	1.2945645089684992	1.1707764842969153	-29.054257322476868	1.2064733363234499	1.8375231553701465	1.5384778639393815	1.4055042377380083	1.3743651632186218	2.6645309392427667	1.637630551903113	1.8903985305863171	1.2883734992653473	1.3370423127157545	1.2602452013604526
0.7484472695328036	1.0106787433420845	1.4139337146554234	1.2811233669075255	1.5287895113364716	1.7509917648506257	1.0783028614236032	0.9684152014864357	0.8185453363234496	-24.385604155915615	1.570880893253706	1.2975971062670015	1.1776098953050602	1.1496603249127646	2.346512756523375	1.387702508991109	1.6196547106487584	1.0727834550133508	1.1162374788988465	1.0477372562432261
0.4209755939974477	0.5949884766031126	0.8823758505572717	0.785274787070794	0.9681587997467579	1.1385922672922961	0.6415887599474739	0.5662115554559298	0.46640615537014624	0.5876918932537059	-14.699703762880688	0.7971934782795483	0.7112241992134435	0.6914837969115709	1.6211366738448558	0.8630164062747804	1.0371601921502103	0.6377600611329254	0.6680227346835964	0.6204420810948206
0.5489250402518936	0.7605668729069817	1.099141398446966	0.9860524538661521	1.1980813345746566	1.3922577422832574	0.8163068672285612	0.7259615764110682	0.6047588639393813	0.7518061062670014	1.2345914782795482	-18.625378408478365	0.8989532230028553	0.8756000478503305	1.928057641340679	1.076690563994124	1.2770607728667058	0.8117407344240231	0.8477683332722822	0.7910573572718981
0.6200133389580138	0.850704521781772	1.2141645637554588	1.0934247546871205	1.3193198173730851	1.5245304953681285	0.9109722959710254	0.8131920979747917	0.681181237738008	0.8412148953050601	1.3580181992134432	1.1083492230028555	-20.72206172585478	0.974882385814433	2.0842407274730386	1.1902428247575834	1.402964783958595	0.9060422326855904	0.944908420684785	0.8836949093519937
0.6382180004929565	0.8735960354757981	1.2430785855827025	1.120499088645118	1.349720613696541	1.557553707145499	0.9349679147871858	0.8353727240773056	0.7007051632186218	0.8639283249127642	1.388940796911571	1.1356590478503303	1.0255453858144314	-21.25058815455491	2.1228700746101956	1.2188039757720444	1.434477070860068	0.9299492448814879	0.9695059089464357	0.9071964908738513
0.209184843208487	0.3087992849329481	0.48581583732267364	0.42438218139133965	0.5413866433810189	0.6552262223507789	0.3364912537073156	0.2919061109878549	0.23459093924276667	0.3045007565233748	0.5623136738448562	0.4318366413406788	0.3786237274730387	0.3665900746101954	-7.602481719230285	0.4734410464604239	0.5869374438384846	0.33420064066609934	0.35238033338295266	0.3238740645649981
0.5021083100101423	0.7005108751190157	1.0213924029970423	0.913791346972738	1.115842078807979	1.3019745674267296	0.7530653494688254	0.6679430542403034	0.5542615519031127	0.6922615089911092	1.15076440627478	0.9270405639941234	0.8311968247575834	0.8090949757720441	1.820012046460424	-17.213471298897915	1.1914317544894841	0.7487558096312178	0.782779480877139	0.7292443907041223
0.4020633410111048	0.5701048670461515	0.8491061059515695	0.7546569629110558	0.9326842880009655	1.0990871370466877	0.6152299746269866	0.5422636238609668	0.44585953058631683	0.5630437106487585	0.9637381921502113	0.7662407728667057	0.6827487839585948	0.663598070860068	1.5723384438384846	0.8302617544894846	-14.100141302264511	0.6115206573853833	0.6408483876456071	0.5947466973794109
0.6919701771319459	0.9407600931298474	1.3272642597240696	1.1995101744528458	1.4380722013095104	1.6532182002587021	1.005270226023312	0.9005119462979007	0.7582474992653472	0.93058545501335	1.4787510611329253	1.2153337344240231	1.1002392326855899	1.0734832448814875	2.234014640666099	1.3019988096312176	1.5259336573853834	-22.792775759566798	1.041515582445452	0.9760955637077863
0.6608980673080468	0.9020114519216633	1.278811203177799	1.1540027492553988	1.3872505964696948	1.5982451431449585	0.9647291868332192	0.8629205491071738	0.7250033127157544	0.8921264788988468	1.4271007346835967	1.1694483332722816	1.057192420684785	1.031126908946434	2.170281333382953	1.2541094808771391	1.4733483876456073	0.9596025824454532	-21.904564718908606	0.9363557981378011
0.7107495348757591	0.9640806443645531	1.3562781193981945	1.226801492861966	1.4684675929794249	1.686027360961021	1.029646300451482	0.9231500497310414	0.7783152013604524	0.9537352562432259	1.5096290810948207	1.2428463572718984	1.1260879093519938	1.0989264908738512	2.2718840645649983	1.3306833907041222	1.5573556973794107	1.024291563707785	1.0664647981378017	-23.325420906313802