-16.529208306756647	0.9708390841188563	1.230884371424723	0.289432474939027	0.28837420489647136	0.039692077833221484	1.7148299069711446	0.5941181467576252	0.6278489799797474	1.1669573619376812	1.5434296991713448	2.48447422365807	0.20747973523030167	1.3926909151646951	0.11946091066734839	1.6657994839121062	0.12851177533893837	0.8228297643865721	0.9259160480352864	0.3156391423334873
1.0297390841188563	-17.01280430396489	1.2648218169646828	0.3009518945350253	0.29985810718766104	0.041604880890447234	1.755742640411675	0.6146492950852231	0.6492515137726809	1.1997964072937195	1.5821195518629168	2.5328121111464688	0.21614014803389192	1.4292099509470193	0.12476589550026515	1.706101412882935	0.1341778607302411	0.8488709726755029	0.954163475757469	0.3280272841682115
0.799968371424723	0.7750058169646826	-13.260148466213568	0.21603300732062206	0.21521004915644024	0.028029101641095833	1.4311934256973486	0.45954258041531776	0.4872063396720941	0.9442078332598058	1.2768153379301985	2.142395039658211	0.1528679476400147	1.1425067202858565	0.08647709063036814	1.3868607682631375	0.09322395286712838	0.6494439755229295	0.7366915792532072	0.23646952861038498
2.4081064749390273	2.360725894535025	2.765623007320622	-39.52099491010513	0.9972475300070646	0.19649152292114141	3.4401884792296453	1.6857522930169726	1.7520945686239229	2.669492881284881	3.210525653695436	4.389036611789025	0.7753058707814513	3.000690579620209	0.49963322082397155	3.3753696835217104	0.5301659257100481	2.1108513057506486	2.2866071783190085	1.0670862282153197
2.4125582048964715	2.365142107187661	2.77031004915644	1.0027575300070584	-39.595197843002936	0.19725156254342943	3.445192576734843	1.6895245582521643	1.7559432121368166	2.6741219767636224	3.2154375263719435	4.394298279458737	0.7776177359285905	3.005504703890629	0.5012930695505715	3.3803491958229928	0.5319046575345211	2.1150610444167444	2.290965590687399	1.0699642616622949
4.844046077833222	4.787058880890447	5.263299101641096	2.882171522921142	2.8774215625434296	-82.49716049491532	6.01579825855948	3.924272582828272	4.014294371417167	5.152273028745587	5.764095462117506	7.023296462503764	2.471351686349463	5.530333137155425	1.8784451219944955	5.945155523681949	1.9507807310180656	4.479817701385261	4.697143423132249	2.9961058581973194
0.5182839069711449	0.5002966404116748	0.6655634256973485	0.12496847922964589	0.12446257673484332	0.01489825855948121	-8.57018465995817	0.28139062344856447	0.29991499648111986	0.6239404402510099	0.8778076447484754	1.5926432298726785	0.08666921104989452	0.7736766946166627	0.04772275257081589	0.9646466997170277	0.05161013256385577	0.41123559060017617	0.47286672526988605	0.1375866311638639
1.558553146757625	1.520184295085223	1.8548935804153177	0.5315132930169728	0.5297755582521644	0.08435358282827186	2.4423716234485644	-25.580750221187106	1.0487596261610097	1.774076416443512	2.2386649165731454	3.315355254240812	0.3938583340414831	2.0557600414558874	0.23750722743509842	2.3845271505332826	0.254088004765535	1.3216465801186101	1.460614596373944	0.5742469932406498
1.4962999799797474	1.4588025137726808	1.7865733396720942	0.5018715686239231	0.5002102121368168	0.07839137141716733	2.3649119964811196	0.9527756261610096	-24.571701670294246	1.7073003752057072	2.1639965061121376	3.229352934319912	0.3705822063269529	1.9839256156620717	0.22235311123665175	2.3078235112338934	0.2380203088617882	1.2651256962989936	1.4006280290818471	0.5427567677097331
0.8497813619376814	0.8237204072937196	1.0579478332598051	0.23364288128488117	0.23276197676362229	0.030743028745588062	1.5033104402510098	0.49246541644351194	0.5216733752057072	-14.077483439649622	1.3443237340354575	2.2306147385842796	0.16587654807837482	1.205599946991654	0.09425740677312519	1.4577023598721546	0.10155739249676145	0.6923205581355145	0.7836812920301706	0.2555027414666043
0.6021136991713445	0.5819035518629166	0.7664153379301984	0.15053565369543612	0.1499375263719436	0.018425462117506848	1.1330376447484753	0.3329139165731454	0.3542295061121374	0.7201837340354575	-9.981222152672785	1.766860924205629	0.10505969403871217	0.8858263857372102	0.05833750538817255	1.0946446430825214	0.06302711480068948	0.4813180841808477	0.551018155901835	0.16543361271860504
0.27182822365807	0.26126611114646875	0.36066503965821106	0.05771661178902532	0.057468279458736345	0.006296462503764187	0.5765432298726784	0.1382742542408114	0.1482559343199124	0.33514473858427946	0.495530924205629	-4.29234701861037	0.039184937480434986	0.4284006937610655	0.02097489351464856	0.5528631177372622	0.022758976990976832	0.2099500259222276	0.24528531407583123	0.06393924969033615
2.8152537352303018	2.765014148033892	3.1915579476400144	1.2644058707814516	1.2612077359285905	0.27477168634946286	3.8909892110498943	2.037197334041483	2.1099052063269528	3.090826548078375	3.6541496940387117	4.859604937480435	-46.369336759732995	3.436656759891083	0.6644695713931759	3.824261995922329	0.70236152947731	2.498402071378201	2.68622998608278	1.3420707906085527
0.6891349151646949	0.6667539509470193	0.8698667202858563	0.17846057962020925	0.1777647038906286	0.022423137155425297	1.266666694616663	0.38776904145588736	0.4119186156620716	0.8192199469916541	1.12358638573721	1.9374906937610654	0.12532675989108366	-11.430839515298741	0.0701753386301081	1.2254716452440362	0.07574188779517231	0.5548166628581093	0.6324820961380739	0.19576973945377452
3.4957849106673486	3.442189895500265	3.893717090630368	1.7572832208239721	1.7534330695505718	0.450415121994496	4.620592752570816	2.649396227435099	2.730226111236652	3.7877574067731254	4.375977505388172	5.609944893514648	1.4330195713931762	4.150055338630108	-58.11578517655779	4.551809841630558	1.0503889274923324	3.1556012982083033	3.357894394277494	1.850297598840298
0.5408134839121062	0.5222154128829348	0.6927907682631375	0.1317096835217108	0.1311791958229927	0.015815523681949512	1.0362066997170272	0.2951061505332823	0.3143865112338939	0.6498923598721547	0.910974643082521	1.6405231177372623	0.0915019959223294	0.804041645244036	0.050499841630558415	-8.951026762438655	0.05459865593200598	0.42999777005667017	0.4938372401920474	0.14493606320003577
3.405695775338938	3.3524618607302408	3.8013239528671283	1.688675925710048	1.6849046575345212	0.4236107310180655	4.525340132563856	2.566837004765535	2.646753308861788	3.6959173924967614	4.2815271148006895	5.512588976990976	1.37177152947731	4.056481887795172	0.9512489274923331	4.456768655932006	-56.53855309730332	3.0680422982192743	3.268761519058907	1.7798414456497769
1.2009417643865723	1.1680829726755027	1.4584719755229296	0.37028930575064917	0.3689890444167446	0.05357570138526025	1.9858935906001762	0.7353235801186102	0.7747866962989937	1.3876085581355149	1.800746084180848	2.800708025922228	0.2687400713782012	1.6364846628581093	0.15738929820830327	1.9330957700566704	0.1689702982192744	-19.78980462700252	1.1173032498413966	0.40240397704653297
1.0779340480352864	1.047281475757469	1.3196255792532072	0.3199511783190085	0.31879959068739866	0.04480742313224879	1.821430725269886	0.6481975963739441	0.6841950290818474	1.2528752920301707	1.6443521559018353	2.609949314075831	0.23047398608277953	1.4880560961380738	0.1335883942774934	1.7708412401920475	0.14359551905890727	0.8912092498413962	-17.795603013316256	0.34843911980742853
2.303013142333487	2.2565012841682113	2.654759528610385	0.9357862282153194	0.9331542616622943	0.1791258581973193	3.3215066311638637	1.5971859932406496	1.6616797677097332	2.560052741466604	3.0941236127186054	4.263959249690337	0.7216707906085528	2.8866997394537743	0.4613475988402976	3.2572960632000356	0.49003144564977696	2.011665977046533	2.1837951198074284	-37.773355033783204