-2.024106215759595528e+01 8.932731217797876822e-01 5.453191885329632393e-01 9.490030185856348499e-01 1.951768924465914878e+00 4.202185864834815376e-01 1.281467101183471957e+00 9.768794800831883673e-01 1.124926604578857736e+00 1.777852598932900374e+00 1.640600676883901876e+00 9.374018193748879790e-01 9.440663080294223186e-02 8.456962365226985412e-01 9.026013801704572126e-01 6.882322135954810349e-01 5.229421400090145111e-01 7.645987715177464672e-01 2.305727634591514086e+00 1.618146029501113636e+00
1.114907121779787902e+00 -2.248560403202388258e+01 6.203947875932472877e-01 1.060079519227981271e+00 2.118176072775252106e+00 4.816067540057316076e-01 1.415213514156532071e+00 1.090067184981080350e+00 1.248653141493862639e+00 1.937143590533406456e+00 1.793660754017247339e+00 1.047587205539196598e+00 1.114629696562468852e-01 9.485681662164213712e-01 1.010068566849654514e+00 7.773321567432621704e-01 5.956732351705065209e-01 8.605806868116802066e-01 2.484297618181789069e+00 1.770130986290998409e+00
1.656273188532963347e+00 1.509714787593247287e+00 -3.293201820374800093e+01 1.586718816467579618e+00 2.842412509808573517e+00 8.007384409019592253e-01 2.026665350800387344e+00 1.624843432335889126e+00 1.823305824583224100e+00 2.637719693763480588e+00 2.473105400182180613e+00 1.570776810848467431e+00 2.114589414216315189e-01 1.443099872091019087e+00 1.522679293429518133e+00 1.216159885249659123e+00 9.651153288320886148e-01 1.327535228215142915e+00 3.247805214019101161e+00 2.445890184671885681e+00
1.052792018585636091e+00 9.422345192279815151e-01 5.795538164675793080e-01 -2.127400411973576411e+01 2.028911022086248739e+00 4.481325505304218915e-01 1.343119274798440843e+00 1.028865505030738259e+00 1.181859766335761286e+00 1.851605238123378516e+00 1.711392273115535545e+00 9.879815370251638917e-01 1.020723635295645720e-01 8.928559167364839011e-01 9.519090356467241332e-01 7.289733829424112077e-01 5.560920068302626085e-01 8.085437560138619695e-01 2.388682799398810008e+00 1.688427337310759668e+00
4.232569244659147856e-01 3.680300727752519596e-01 2.029465098085736219e-01 3.966100220862489034e-01 -8.632071328882833683e+00 1.496034611424902627e-01 5.785433321321652445e-01 4.111179383386475705e-01 4.904881834421755404e-01 8.840921348213729436e-01 7.957667599246068812e-01 3.906138372003850057e-01 2.838165674257465965e-02 3.440839168299913986e-01 3.727742304405642915e-01 2.678826610788945795e-01 1.931585412682251257e-01 3.042450414752172483e-01 1.248887764556273705e+00 7.815883403532604135e-01
1.960292586483481703e+00 1.800046754005731664e+00 1.229858440901959282e+00 1.884417550530422147e+00 3.218189461142490604e+00 -3.875268969842856137e+01 2.359645997232368231e+00 1.926044747046215422e+00 2.141308915695577131e+00 3.004907831710478927e+00 2.832447044776509770e+00 1.866982950681705278e+00 2.832082161540160903e-01 1.726728443656285306e+00 1.814279632160878952e+00 1.474410093579225478e+00 1.189948505791341260e+00 1.598755905282612577e+00 3.637370130213235075e+00 2.803846491384023754e+00
7.631151011834720332e-01 6.752275141565322603e-01 3.973593508003872565e-01 7.209782747984410101e-01 1.588703332132165746e+00 3.012199972323686969e-01 -1.555991339350062397e+01 7.439799236386001047e-01 8.673825913311477009e-01 1.433070247278391607e+00 1.311586812571981620e+00 7.114285417439130121e-01 6.345717849785985354e-02 6.364232479125941921e-01 6.828633915830002454e-01 5.097595363193166973e-01 3.800003378512539776e-01 5.708396729403011349e-01 1.910687336189377694e+00 1.291831005339517002e+00
1.023482480083189206e+00 9.150361849810806358e-01 5.604924323358893012e-01 9.716795050307382997e-01 1.986232938338647891e+00 4.325737470462151513e-01 1.308934923638600312e+00 -2.070091153825796582e+01 1.150270334440402387e+00 1.810782497105213995e+00 1.672191876411092348e+00 9.598910178053846609e-01 9.778097413616658462e-02 8.666513327155387358e-01 9.245197755566902931e-01 7.063129141364251629e-01 5.376312915414648286e-01 7.841134622201564319e-01 2.342827185160584413e+00 1.649506665574489217e+00
8.846836045788578629e-01 7.867761414938628795e-01 4.721088245832240626e-01 8.378277663357616145e-01 1.778757183442175593e+00 3.609919156955766484e-01 1.145491591331147641e+00 8.634243344404023413e-01 -1.797280855096603958e+01 1.613050387770774696e+00 1.482920622638222774e+00 8.271870812973567411e-01 7.864726867555831002e-02 7.433243213226163881e-01 7.953099461838385453e-01 6.004361985268986679e-01 4.521447542566007227e-01 6.695504319723196707e-01 2.118487382650366069e+00 1.461688793770479000e+00
4.908695989329004417e-01 4.285265905334066927e-01 2.397826937634809918e-01 4.608332381233783970e-01 1.125621134821373159e+00 1.778508317104787739e-01 6.644392472783913206e-01 4.771964971052138349e-01 5.663103877707748035e-01 -1.003904602789684120e+01 9.037008004391380300e-01 4.540631595255262276e-01 3.451462659305850472e-02 4.013817632775273370e-01 4.338960997450128088e-01 3.144999702467483615e-01 2.284590191811690374e-01 3.560583307698101940e-01 1.392849067470913749e+00 8.881929706085402998e-01
5.528256768839014956e-01 4.842517540172471269e-01 2.743764001821806242e-01 5.198282731155353664e-01 1.236503759924606927e+00 2.045980447765094190e-01 7.421638125719816070e-01 5.378138764110920178e-01 6.353886226382224889e-01 1.102908800439138304e+00 -1.131361381978298475e+01 5.123804005683261220e-01 4.049924984814858714e-02 4.542882476709703687e-01 4.901710099267322374e-01 3.579105837844080984e-01 2.616572169329530184e-01 4.041050972237643646e-01 1.518558436608429707e+00 9.833845562588368061e-01
1.065324819374888543e+00 9.538762055391964978e-01 5.877458108484674426e-01 1.012115537025163325e+00 2.047048837200385218e+00 4.548319506817051772e-01 1.357703541743912945e+00 1.041211017805384387e+00 1.195353081297356734e+00 1.868969159525526225e+00 1.728078400568326289e+00 -2.151877845622377450e+01 1.039345616655128340e-01 9.040775964116970487e-01 9.636313755663349356e-01 7.386942291898193069e-01 5.640283686694615994e-01 8.190146458995811729e-01 2.408142818771984217e+00 1.704996498439070418e+00
3.785810630802942445e+00 3.581232969656246823e+00 2.791908941421631596e+00 3.689687363529564834e+00 5.248297656742574091e+00 2.434538216154015888e+00 4.273213178497859310e+00 3.742581974136166334e+00 4.010294268675558271e+00 5.012901626593057713e+00 4.819678249848148965e+00 3.667415561665512858e+00 -7.382290827827274882e+01 3.485537568636146055e+00 3.599650033740131150e+00 3.144333623663458699e+00 2.731900008474209773e+00 3.314949708164290243e+00 5.701620042112153008e+00 4.787356655759082535e+00
1.172020236522698378e+00 1.053258166216420877e+00 6.584698720910190373e-01 1.115390916736483273e+00 2.198919916829991550e+00 5.129784436562851990e-01 1.481099247912594175e+00 1.146372332715539066e+00 1.309891321322616653e+00 2.014688763277527439e+00 1.868387247670970419e+00 1.102478596411697431e+00 1.204575686361459563e-01 -2.359644231167180806e+01 1.063676751770461060e+00 8.221880141882143000e-01 6.326062187565304473e-01 9.087327000190486004e-01 2.570456540480356100e+00 1.844369456457209511e+00
1.104165380170457178e+00 9.899985668496534830e-01 6.132892934295181009e-01 1.049684035646725189e+00 2.102850230440564072e+00 4.757696321608785861e-01 1.402779391582999802e+00 1.079480775556689753e+00 1.237116946183838051e+00 1.922443099745012818e+00 1.779510009926732250e+00 1.037272375566335780e+00 1.098100337401314158e-01 9.389167517704608557e-01 -2.227634939717634310e+01 7.689372514822225835e-01 5.887842907094604783e-01 8.515567068895177893e-01 2.467909322951163276e+00 1.756075302373976355e+00
1.394136213595480678e+00 1.261602156743262482e+00 8.111098852496589906e-01 1.331088382942411164e+00 2.502298661078894426e+00 6.402400935792251779e-01 1.734015536319316375e+00 1.365613914136424967e+00 1.546583198526898517e+00 2.307386970246747993e+00 2.151589583784407900e+00 1.316675229189819385e+00 1.588336236634587673e-01 1.201768014188214106e+00 1.273277251482222594e+00 -2.789338286373172693e+01 7.809578662001196436e-01 1.098607371226800300e+00 2.891679150704665524e+00 2.125919760873696607e+00
1.704496140009014171e+00 1.555593235170506627e+00 1.035715328832087945e+00 1.633857006830262470e+00 2.903224541268225156e+00 8.314285057913406440e-01 2.079906337851253451e+00 1.672582291541464539e+00 1.873941754256600589e+00 2.696996019181168602e+00 2.530986216932952892e+00 1.617659368669461362e+00 2.220500084742094982e-01 1.487836218756530160e+00 1.568774290709460617e+00 1.256607866200119439e+00 -3.385645016906330085e+01 1.370167969850797363e+00 3.311101735925256140e+00 2.503525332812588378e+00
1.279372771517746532e+00 1.153720686811680718e+00 7.313552282151432049e-01 1.219528756013862125e+00 2.347531041475217073e+00 5.734559052826123660e-01 1.603965672940301124e+00 1.252284462220156325e+00 1.424567431972319831e+00 2.157815330769810469e+00 2.006654097223764754e+00 1.205865645899581118e+00 1.383197081642905113e-01 1.097182700019049051e+00 1.164766706889518444e+00 9.074773712268006109e-01 7.033879698507978784e-01 -2.567732052795552278e+01 2.728276647695049295e+00 1.981792393767818794e+00
3.149316345915138537e-01 2.718676181817892279e-01 1.460552140191010428e-01 2.940977993988100336e-01 7.866037645562737879e-01 1.065001302132351363e-01 4.382433361893776080e-01 3.054281851605844533e-01 3.679343826503658765e-01 6.890360674709138378e-01 6.155374366084296334e-01 2.894238187719842537e-01 1.942004211215283410e-02 2.533365404803560317e-01 2.755493229511635778e-01 1.949791507046658157e-01 1.387517359252563587e-01 2.227066476950488871e-01 -6.334213962341119775e+00 6.038111346600966156e-01
5.637880295011136189e-01 4.941389862909983388e-01 2.805781846718854999e-01 5.302803373107596308e-01 1.255742340353260600e+00 2.094144913840234878e-01 7.558250053395167978e-01 5.485456655744890275e-01 6.475737937704788560e-01 1.120817970608540382e+00 1.016801556258837724e+00 5.227154984390702808e-01 4.159465575908288110e-02 4.636874564572092683e-01 5.001533023739764827e-01 3.656577608736966134e-01 2.676133328125882560e-01 4.126603937678183232e-01 1.540249134660096608e+00 -1.153783789620744216e+01
