-2.918373115363013781e+01 1.412937537583637937e+00 8.202273651438022339e-01 1.049820858513387245e+00 3.153967856447541074e+00 2.084124554002249052e+00 1.437302499943070355e+00 3.070298655162271850e-01 1.887574272512824836e+00 2.474203247993037813e+00 2.774265110505524046e+00 1.673737466515889727e+00 3.230607912605084064e-01 1.767433067348775699e+00 1.632982969870483858e+00 9.685468453395035260e-01 5.841508562907368196e-01 5.682033617260239255e-01 1.909214398989602435e+00 2.354948228127313747e+00
6.766175375836375183e-01 -2.117434987080643438e+01 5.422860756826383133e-01 7.145818046914075294e-01 2.523349587335721900e+00 1.561643540279069375e+00 1.019662202172207488e+00 1.857296385950320539e-01 1.393162941597798854e+00 1.904357833780846887e+00 2.174555626245316731e+00 1.213482539484846967e+00 1.961475257371688152e-01 1.291725080213974142e+00 1.179696067389177205e+00 6.528099222603277463e-01 3.728136783708750346e-01 3.616767642588791798e-01 1.411562178871354600e+00 1.798489326256157872e+00
1.204297365143802256e+00 1.662676075682638421e+00 -3.395100133545636112e+01 1.260349550888519854e+00 3.499537945153382790e+00 2.384618054288128786e+00 1.689326592449786668e+00 3.933487562844066310e-01 2.175550860419597221e+00 2.795061118372952791e+00 3.107469799037493541e+00 1.946031610599322281e+00 4.130070135563300715e-01 2.046883913733926530e+00 1.902016538341033680e+00 1.168789869455602481e+00 7.260095338398919740e-01 7.072263638214021375e-01 2.198653209557744237e+00 2.670147164830394271e+00
9.517808585133886723e-01 1.352861804691407599e+00 7.782395508885199265e-01 -2.803039707121327595e+01 3.067389755704738707e+00 2.010293158460779495e+00 1.376619381309445833e+00 2.877389042084942394e-01 1.817189151308347572e+00 2.394682401002739880e+00 2.691240884023902158e+00 1.607619176503173986e+00 3.029203975651773573e-01 1.699374470146681526e+00 1.567744931225999228e+00 9.213658049724365862e-01 5.515717285870345155e-01 5.363170212498510336e-01 1.838428587865969188e+00 2.277019102985188503e+00
1.575978564475409016e-01 2.632995873357220629e-01 1.190979451533829558e-01 1.690597557047384125e-01 -5.775924266301666776e+00 4.897068061044963505e-01 2.703119645175885988e-01 3.321839137587792590e-02 4.161333259724430134e-01 6.541424831508690918e-01 7.975248879942011815e-01 3.429982157386956554e-01 3.536336755681388638e-02 3.741669625440255942e-01 3.298632000465756553e-01 1.505400036080001558e-01 7.520744379702812288e-02 7.251179802973217736e-02 4.239333723299740231e-01 6.012468988939607684e-01
3.786605540022486838e-01 5.924995402790692589e-01 2.950840542881286721e-01 4.028691584607794196e-01 1.780612806104496348e+00 -1.294902702698094110e+01 6.060311309898538390e-01 9.135229096068972487e-02 8.734268606677325630e-01 1.267608946308045992e+00 1.487231011525359081e+00 7.424095387419081815e-01 9.686353894363895767e-02 7.989392926671676776e-01 7.182554990213414481e-01 3.636085218079142534e-01 1.946574184415166275e-01 1.882709304113951432e-01 8.870789560834646537e-01 1.183566977276187204e+00
6.619124999430701095e-01 9.805922021722093262e-01 5.298665924497867330e-01 6.992693813094458255e-01 2.491291964517588386e+00 1.536105130989853684e+00 -2.079188728215855875e+01 1.806713562015160868e-01 1.369237435763005717e+00 1.876026963859581453e+00 2.144414972872502823e+00 1.191479909463002418e+00 1.908398348075517337e-01 1.268857796216758205e+00 1.158080508785836127e+00 6.384941181728519544e-01 3.636234215732669361e-01 3.527141551798492203e-01 1.387451981638893272e+00 1.770957056241986738e+00
2.336489865516227393e+00 2.951509638595031682e+00 2.038738756284406595e+00 2.415238904208494297e+00 5.059048391375878140e+00 3.826276290960689774e+00 2.985521356201516152e+00 -5.837393421708330266e+01 3.581538360545597488e+00 4.292022297478237824e+00 4.636316204590230861e+00 3.305490187341037611e+00 1.039301762977228760e+00 3.427832434997754696e+00 3.251539805525614835e+00 2.285993641655288400e+00 1.605794528930342357e+00 1.574328945239132027e+00 3.608874312577467602e+00 4.152078532083133489e+00
4.469312725128246622e-01 6.888399415977987106e-01 3.508378604195970252e-01 4.745861513083475813e-01 1.971860325972442984e+00 1.138247860667732647e+00 7.039844357630057337e-01 1.114353605455976753e-01 -1.493856754279132382e+01 1.427321063145118307e+00 1.661802676095792242e+00 8.556908457347449648e-01 1.180399334634170266e-01 9.181163178091457100e-01 8.289392211638957342e-01 4.296975529805451277e-01 2.339019439147244639e-01 2.264024550305656636e-01 1.014963902940994478e+00 1.336968421725033052e+00
2.741292479930375059e-01 4.406038337808465544e-01 2.109171183729526555e-01 2.926484010027398663e-01 1.450438483150868985e+00 7.729989463080458867e-01 4.513429638595815030e-01 6.248829747823787112e-02 6.678900631451181180e-01 -9.727688920839694831e+00 1.190593716915075317e+00 5.607962048968092583e-01 6.637062598846640848e-02 6.067811307816812771e-01 5.412546788838603629e-01 2.626606396949522360e-01 1.366122381026617927e-01 1.319554581309701491e-01 6.791516400875102777e-01 9.280552322662779519e-01
2.145181105055237736e-01 3.511286262453167106e-01 1.636527990374937735e-01 2.295338840239017353e-01 1.234147887994201165e+00 6.329480115253589556e-01 3.600579728725027961e-01 4.710920459023038714e-02 5.426986760957921430e-01 8.309207169150755190e-01 -7.765701965242197247e+00 4.517824606033606916e-01 5.009109371668676175e-02 4.906862767317470286e-01 4.353138967019282712e-01 2.052440887088864685e-01 1.047264997902823680e-01 1.010689109089731169e-01 5.523215559230910676e-01 7.677512923518443611e-01
5.370914665158892376e-01 8.131565394848471184e-01 4.253156105993222691e-01 5.690131765031740674e-01 2.202722215738695422e+00 1.311227538741908116e+00 8.302239094630021743e-01 1.393841873410373300e-01 1.159687845734745260e+00 1.624224204896809409e+00 1.874883460603360641e+00 -1.745957506637730816e+01 1.474630620409362602e-01 1.069279552845159298e+00 9.702117844845968841e-01 5.171454533814058285e-01 2.872156173389954215e-01 2.782679627676313827e-01 1.176155231160798786e+00 1.526906246734994310e+00
2.274920791260507613e+00 2.884327525737168330e+00 1.980797013556329533e+00 2.352820397565177135e+00 4.983593367556813369e+00 3.754187538943638547e+00 2.918089834807551686e+00 9.617017629772276477e-01 3.510542933463416837e+00 4.218304625988466228e+00 4.561698093716686664e+00 3.235969062040935817e+00 -5.709656978705744024e+01 3.357623704627008099e+00 3.182340412200796997e+00 2.224992251351590511e+00 1.554512313450785665e+00 1.523605385401346712e+00 3.537747426087254343e+00 4.078795346324736393e+00
4.952870673487755893e-01 7.558990802139741172e-01 3.906679137339263974e-01 5.252684701466813211e-01 2.098390962544025573e+00 1.232257292667167548e+00 7.721017962167580073e-01 1.262264349977546551e-01 1.086613317809145274e+00 1.534709130781681141e+00 1.778287276731747024e+00 9.337795528451587890e-01 1.336177046270081437e-01 -1.630420060872993204e+01 9.053488540341393387e-01 4.765759564691389727e-01 2.622921299906293968e-01 2.540127895442690908e-01 1.102412502773095548e+00 1.440452375254854145e+00
5.565169698704836021e-01 8.395500673891768129e-01 4.414805383410339013e-01 5.893189312259990986e-01 2.249767200046575599e+00 1.347253499021341394e+00 8.570045087858363386e-01 1.456138055256148423e-01 1.193116221163895485e+00 1.664862678883860303e+00 1.918594896701928176e+00 1.030391784484597562e+00 1.540144122007972571e-01 1.101028854034139526e+00 -1.798918384475401666e+01 5.360099020947972637e-01 2.989135326915702273e-01 2.896572272998167441e-01 1.209878677834066218e+00 1.566210137158486670e+00
1.032126845339503607e+00 1.452709922260327913e+00 8.482998694556023178e-01 1.082985804972436794e+00 3.210490003608000187e+00 2.132652521807913981e+00 1.477464118172852281e+00 3.201136416552887720e-01 1.933920552980544993e+00 2.526314639694952735e+00 2.828571088708886627e+00 1.717371453381405955e+00 3.367122513515909410e-01 1.812301956469138942e+00 1.676055902094797379e+00 -2.994566761253831189e+01 6.060534879860611790e-01 5.896493355925012114e-01 1.955814757023556671e+00 2.406059459982947679e+00
1.577740856290736682e+00 2.102723678370874705e+00 1.335529533839891814e+00 1.643201728587034394e+00 4.065167443797028213e+00 2.893711418441516248e+00 2.132603421573266989e+00 5.699245289303424000e-01 2.668134943914724388e+00 3.330276238102662045e+00 3.658063499790282336e+00 2.417451617338995273e+00 5.962423134507859324e-01 2.528028129990629314e+00 2.368969532691570290e+00 1.536063487986061071e+00 -4.229167503990131394e+01 9.764626181680647887e-01 2.693183490508122002e+00 3.198196558128729716e+00
1.609243361726024002e+00 2.139036764258879231e+00 1.364196363821402525e+00 1.675397021249851237e+00 4.109921798029732898e+00 2.934774930411395477e+00 2.169144155179849598e+00 5.859089452391325059e-01 2.708085455030565747e+00 3.373069458130970588e+00 3.701855910908973701e+00 2.455953962767631893e+00 6.127853854013475265e-01 2.567198789544269388e+00 2.407163227299817354e+00 1.567109335592501429e+00 1.023912618168067556e+00 -4.297854270105098351e+01 2.733265978180799749e+00 3.240519240109774657e+00
4.387913989896021216e-01 6.774591788713542062e-01 3.441602095577443454e-01 4.660455878659691131e-01 1.949880372329974021e+00 1.122119956083464487e+00 6.924189816388934826e-01 1.089913125774675112e-01 9.851839029409938941e-01 1.408802640087510438e+00 1.641645555923091138e+00 8.423782311607987960e-01 1.154644260872546013e-01 9.041355027730954008e-01 8.159216778340663279e-01 4.218117570235562774e-01 2.291704905081219379e-01 2.218029781807993317e-01 -1.470533412841788312e+01 1.319149967984127425e+00
3.023892281273129479e-01 4.822503262561576576e-01 2.335181648303943369e-01 3.225001029851881640e-01 1.545057898893960946e+00 8.364719772761870509e-01 4.937880562419865726e-01 7.005953208313368819e-02 7.250524217250328141e-01 1.075570232266277904e+00 1.274939292351844333e+00 6.109932467349945551e-01 7.437634632473745511e-02 6.600393752548542325e-01 5.901171371584867931e-01 2.899204599829469098e-01 1.520475581287301370e-01 1.469202401097744470e-01 7.370139679841273272e-01 -1.062302556471612824e+01
