-19.669251381388044	0.9885470599480739	0.9849764971449574	0.9127352061534729	1.1146333352513285	1.3066281265725803	1.1782876052305635	0.9024731123039013	0.9034837366132282	0.9572884679293076	1.3389204392160903	1.0766244250082928	0.938507560750417	1.0158059081258501	0.8428593591625613	0.9426183865896762	1.083630871292517	1.1760313757661558	1.1437199382253174	0.8614799701037543
1.0115410599480752	-19.90422439477884	0.9964018259983336	0.923587357954133	1.1270202076529037	1.3202956618871735	1.1911170972924867	0.9132415413133655	0.9142604367508202	0.9684974163083805	1.3527880012391185	1.0887379756147721	0.9495674180454086	1.0274674730072721	0.8531296442935727	0.9537110395707158	1.0957953249939847	1.1888454947210734	1.156311373263776	0.8719080449234722
1.015175497144961	1.0036068259983475	-19.978211433700245	0.9270058838207749	1.1309195714083196	1.3245958195041996	1.195155028503587	0.9166338195495426	0.9176553081157602	0.9720277807530211	1.357150721961696	1.092551748461686	0.9530510534281137	1.0311396657201715	0.8563657153475746	0.9572049544540767	1.099625039579227	1.1928786140078895	1.1602747838630927	0.8751936020782035
1.0926572061534723	1.0805153579541333	1.0767288838207758	-21.554515175437537	1.2138903659528513	1.4158347161850477	1.2809892847103848	0.9890815292536138	0.9901570082887197	1.047347978601543	1.4496763302740667	1.1737512369437109	1.0273997678246298	1.1094048018739313	0.9255577096358841	1.0317674275760111	1.1811545927649159	1.2786135199341264	1.2445697349362967	0.9454177227534257
0.8935093352513284	0.8829022076529033	0.8795965714083198	0.8128443659528513	-17.498935985036468	1.1795814373927151	1.0593755710038106	0.8033823795695086	0.8043139787369593	0.8539830804899804	1.2099256000995928	0.9646271768355426	0.8366299181976259	0.908157817495504	0.7485204117658477	0.8404267978783454	0.9711430305115604	1.057268153555152	1.027110654050141	0.7656374971887802
0.7455641265725806	0.7362376618871733	0.7333328195041997	0.6748487161850476	0.8396414373927152	-14.476429072630289	0.8924323668261561	0.6665861913262024	0.6673993865179751	0.7108522410268002	1.0272938889366385	0.8083040846077516	0.6956495141662851	0.7584574650055991	0.6188178857066201	0.6989739339939803	0.8140701351738189	0.8905546835043447	0.8637165696360023	0.6336959646603971
0.8406736052305634	0.8305090972924866	0.8273420285035871	0.7634532847103846	0.9428855710038113	1.1158823668261557	-16.420552283076404	0.7544074838040192	0.7552979907002387	0.802812444442516	1.1451862732996914	0.9089014171488685	0.7862040557427143	0.8547158425311515	0.7020109192616814	0.789837251087693	0.9151590845587134	0.9979713736329342	0.9689531086764667	0.7183490846227243
1.1043121123039012	1.0920865413133662	1.0882738195495423	1.0109985292536146	1.2263453795695085	1.4294891913262024	1.293860483804019	-21.79146402384452	1.001083390962972	1.0586869846789337	1.4635168482988299	1.1859483899384737	1.038596640671052	1.1211740882046128	0.9359985339951309	1.0429955826191724	1.1933998193461575	1.2914702929346777	1.2572173086260132	0.9560100864483452
1.103156736613228	1.0909394367508205	1.08712930811576	1.0099080082887242	1.2251109787369592	1.4281363865179753	1.2925849907002387	0.9989173909629211	-21.76797659740562	1.0575628192971815	1.4621456854121553	1.1847394537747329	1.0374865195145335	1.1200074132923155	0.9349631363515165	1.041882370367176	1.1921861354710397	1.2901962240417353	1.255963894122368	0.9549597090742378
1.043963467929307	1.0321784163083823	1.0285037807530215	0.954100978601543	1.1617820804899806	1.3585912410268002	1.2271014444425161	0.9435229846789338	0.9445648192971827	-20.564101953407217	1.3916345789547646	1.1227443467559428	0.9806568506171411	1.060223463606767	0.8820287393304573	0.9848913652884164	1.1299424352009326	1.2247874033463795	1.1916383815118865	0.9012451752668633
0.7237564392160905	0.7146300012391186	0.711787721961696	0.6545903302740667	0.815885600099593	0.9731938889366405	0.8676362732996914	0.6465138482988299	0.6473086854121554	0.6897955789547646	-14.030088973339883	0.7851834260849937	0.6749274931640821	0.7363753501854318	0.5998425835872683	0.6781784343043528	0.7908315935530117	0.8657949641982913	0.8394817662252948	0.6143749943445095
0.9271004250082923	0.9162199756147726	0.9128287484616863	0.8443052369437107	1.0362271768355416	1.2198440846077516	1.096991417148869	0.8345853899384735	0.8355424537747328	0.8865453467559431	1.2508234260849938	-18.183975393266575	0.8687314650317882	0.9421230782721104	0.77819374288987	0.872629629111448	1.0066747851562834	1.0948356616689339	1.0639788336396527	0.7957945163217214
1.0641215607504164	1.0521874180454076	1.048466053428113	0.9730917678246284	1.183367918197626	1.3823275141662852	1.2494320557427143	0.9623716406710505	0.9634275195145353	1.0195958506171428	1.415705493164082	1.1438694650317889	-20.974199828019657	1.0805853351422767	0.9000304936068301	1.004290117544511	1.1511534044163039	1.2470921744464707	1.2135686291033565	0.9195154166061145
0.984358908125854	0.9730264730072707	0.9694936657201708	0.8980358018739314	1.097834817495504	1.288074465005599	1.1608828425311517	0.8878880882046127	0.8888874132923157	0.942101463606767	1.3200923501854316	1.0602000782721104	0.9235243351422768	-19.350731247844173	0.8289546062459738	0.9275903393166927	1.0671368504623224	1.1586476756426694	1.1266412837761377	0.8473597899373811
1.1755543591625617	1.162830644293573	1.1588617153475747	1.0783307096358838	1.302339411765848	1.51257688570662	1.3723199192616815	1.0668545339951316	1.0679851363515165	1.1280487393304577	1.5477015835872683	1.26041274288987	1.1071114936068296	1.1930966062459742	-23.23898508557503	1.1116968738835984	1.268149479519837	1.369844343137379	1.3343525658908435	1.0209173419625797
1.0596643865896762	1.0477630395707163	1.0440519544540763	0.9688914275760102	1.1785967978783451	1.3770839339939802	1.2444972510876928	0.9582025826191722	0.9592553703671761	1.0152623652884178	1.4103884343043525	1.1391996291114483	0.995722117544507	1.0760833393166924	0.8960478738835983	-20.883533736759034	1.1464646933935785	1.242163047918613	1.2087218081673547	0.9154736836936236
0.920786871292517	0.9099573249939846	0.9065820395792267	0.8383885927649157	1.0294230305115606	1.2122901351738187	1.089929084558714	0.8287168193461572	0.8296691354710397	0.8804234352009324	1.2431515935530117	0.9933547851562782	0.8626954044163041	0.9357398504623227	0.7726104795198371	0.8665746933935784	-18.055252091704354	1.0877823133114628	1.0570554880648204	0.79012101493387
0.8424773757661556	0.8322974947210735	0.82912561400789	0.7651375199341265	0.9448381535551519	1.1180646835043444	1.0020313736329514	0.7560772929346781	0.7569692240417355	0.8045584033463795	1.1474049641982917	0.910805661668934	0.7879241744464709	0.8565406756426696	0.7035953431373786	0.7915630479186133	0.9170723133114628	-16.457385814072623	0.9709420265309462	0.7199604717733684
0.8688559382253169	0.8584533732637757	0.8552117838630924	0.7897837349362968	0.9733706540501413	1.1499165696360023	1.031703108676465	0.7805143086260132	0.7814268941223681	0.8300993815118867	1.179781766225295	0.9386388336396528	0.8130906291033563	0.8832242837761377	0.7267935658908432	0.8168118081673545	0.9450354880648206	1.0296320265309467	-16.99589414144164	0.7435499931318762
1.1526279701037545	1.1400620449234724	1.136142602078204	1.056643722753425	1.27790949718878	1.485907964660397	1.3471110846227243	1.0453190864483446	1.0464347090742376	1.1057181752668628	1.5206869943445094	1.2364665163217214	1.0850494166061138	1.1699547899373812	0.9793703419625804	1.0895756836936228	1.2441130149338702	1.3446624717733684	1.3095619931318765	-22.77331807982525