-6.953488118311536	0.3936605012482414	0.3319670753112539	0.10634749429485156	0.07761764265155273	0.03559812178641049	0.4155825108385151	0.16312014870794095	0.3586971725816462	0.39795162233808845	0.36989269289991483	0.485367540986683	0.4476184246889738	0.5427580515567951	0.5011006547052071	0.6112298356309264	0.46760879485799467	0.3952588991976224	0.4006686066686505	0.451442327360267
2.037795501248241	-18.511950240017303	0.8728907589910081	0.3366303458380916	0.2554742042345248	0.12675940322165588	1.043764391262811	0.48577228762994284	0.9287167190510772	1.0086211331493922	0.9517489369706311	1.178793684485661	1.1065263547555486	1.2854906568260054	1.2084093961481568	1.4083343502826386	1.145014247443784	1.0032144368379645	1.0140658371462872	1.1139275944938807
2.2420990753112537	1.1388877589910085	-21.122758701909635	0.3990267600354721	0.3051627619222434	0.15384224275222136	1.1864632314747616	0.5691356907916721	1.0611336746594309	1.148269132404404	1.0862933462178883	1.3325304157864504	1.2544869351847212	1.4472383520243952	1.3644298259480467	1.5786007404640878	1.2960876432502304	1.1423862069021269	1.154191546949102	1.2624933608401128
3.639137494294852	2.2252853458380915	2.0216847600354724	-41.485936795545406	0.8063540454564015	0.4562105586021117	2.293163516836411	1.320511514749081	2.112355224618097	2.238740928143424	2.149179418142798	2.4963678248175913	2.388727880519876	2.651056495667318	2.5397892069080914	2.8236220254919853	2.4463599103847424	2.23030726028392	2.2472172440290525	2.399866140726096
4.026467642651553	2.5601892042345247	2.343880761922243	1.2224140454564012	-47.79682216535322	0.5849766887034252	2.6319235591711054	1.5822941497520189	2.4404308113657223	2.5744235760326615	2.4795400987838883	2.8456516360184043	2.7326206483964453	3.007419662777328	2.8911370612864333	3.187038940722874	2.793188780380464	2.5655026230497344	2.5833868015911956	2.7443354730567973
4.9756081217864105	3.4226344032216556	3.1837202427522215	1.8634305586021116	1.5761366887034258	-64.19848327793541	3.5011093011525176	2.3063973400959172	3.29080407140484	3.4382345702603674	3.333972602816879	3.732948067068047	3.6106917197364226	3.906662099667579	3.781936300041588	4.097990990124231	3.6762978916396785	3.4284593107754784	3.448050557120809	3.623398440965228
1.9734295108385154	0.9574763912628106	0.8341782314747617	0.3182205168364108	0.24092055917110577	0.11894630115251731	-17.711028759455544	0.4609035052084998	0.888291231048898	0.9658503115998303	0.9106348245711886	1.1314143030802848	1.0610426825858341	1.2354674996810693	1.16027808798586	1.3554809476221639	1.098510051631611	0.9605984916628901	0.9711395985012786	1.0682457135400143
3.111490148707941	1.7900072876299424	1.6073736907916718	0.7360915147490807	0.581814149752019	0.31475734009591655	1.8514265052085	-33.319134331733146	1.6884026849642666	1.8021621518785216	1.7214523759842901	2.036761534668659	1.9383207803611444	2.1792193154624795	2.0766349274557627	2.339418572231576	1.9909547059087174	1.7945425565160043	1.8098242892520304	1.948479800114625
2.148956172581646	1.0748407190510767	0.9412606746594309	0.36982422461809716	0.28183981136572245	0.1410530714048395	1.1207032310488985	0.5302916849642668	-19.919671799157	1.0838802160856156	1.02420113664354	1.2618214408703026	1.1863655013344072	1.3729489875772987	1.2926992005681412	1.500514706633014	1.2265711425537027	1.0782114385010828	1.0895878504549812	1.1941005882409417
2.0248936223380887	0.9914281331493857	0.8650791324044036	0.33289292814342364	0.2525155760326614	0.12516657026036646	1.0349453115998304	0.4807341518785217	0.920563216085615	-18.350568510036325	0.9434580762406686	1.1692551965664513	1.0973649701099035	1.2754268329261034	1.1987214269468423	1.3977088853017707	1.135649812697501	0.9946241678513974	1.0054137343863783	1.1047267651170138
2.112133692899915	1.0498549369706314	0.918402346217889	0.3586304181427979	0.2729310987838886	0.13620360281687832	1.0950288245711888	0.5153233759842902	0.9761831366435397	1.0587570762406688	-19.449945207274578	1.2341518941765879	1.1597401449873406	1.343830786323205	1.2646167380991464	1.4698554543405782	1.1993830984709064	1.053174342803285	1.0643783968306033	1.1673658419712385
1.7909785409866832	0.840269684485661	0.7280094157864505	0.2691888248175914	0.20241263601840445	0.09854906706804724	0.8791783030802842	0.3940025346686592	0.7771734408703027	0.8479241965664517	0.797521894176588	-15.498522657733393	0.9351944317222151	1.096248806089612	1.0266490996699418	1.207852489489638	0.9696685088644725	0.84312312762797	0.8527609939105374	0.9418166618338809
1.8857674246889737	0.9005403547555489	0.7825039351847213	0.2940868805198755	0.22191964839644532	0.10883071973642214	0.9413446825858343	0.42809978036114443	0.834255501334407	0.9085719701099031	0.8556481449873407	1.0677324317222148	-16.637234811120162	1.1680929270973741	1.0955473953453139	1.284137481567744	1.0360474992126874	0.9035346150204079	0.9136459956004299	1.0069274228933762
1.6616770515567951	0.7602746568260054	0.6560253520243956	0.23718549566731795	0.17748866277732828	0.08557109966757889	0.7965394996810691	0.3497683154624796	0.7016089875772985	0.7674038329261035	0.7205087863232053	0.9095568060896121	0.8488629270973739	-13.983356922803079	0.934563240259359	1.1052942066447062	0.881128803509818	0.7629319635512998	0.7719100053266463	0.855057229834686
1.7538786547052072	0.8170523961481567	0.7070758259480466	0.2597772069080912	0.1950650612864334	0.09470430004158796	0.8552090879858598	0.38104292745576274	0.7552182005681412	0.8245574269468423	0.7751537380991467	0.9738160996699411	0.9101763953453141	1.0684222402593586	-15.05924637171205	1.1782453454446495	0.9440240837297917	0.8198500258474261	0.8293001643010746	0.9166771910212189
1.5264698356309265	0.6794393502826385	0.583708740464088	0.20607202549198533	0.1534289407228742	0.07322099012423035	0.7128739476221639	0.3062885722315767	0.6254957066330141	0.6860068853017709	0.6428544543405781	0.8174814894896381	0.7612284815677443	0.9016152066447063	0.8407073454446495	-12.447012248007894	0.7911122107769145	0.6818870092898562	0.690159393740242	0.7669616622082954
1.834508794857995	0.8677792474437841	0.7528556432502307	0.2804699103847424	0.21123878038046423	0.10318789163967802	0.9075630516316118	0.4094847059087173	0.803212142553703	0.875607812697501	0.8240420984709063	1.0309575088644722	0.9647984992126863	1.129109803509818	1.0581460837297914	1.2427722107769146	-16.01854777932329	0.8706976826727169	0.8805541143177095	0.9715617970198462
2.0329718991976224	0.996792436837983	0.8699672069021268	0.33523026028391995	0.25436562304973476	0.12616231077547804	1.040464491662891	0.4838855565160042	0.925665438501083	1.005395167851386	0.9486463428032847	1.1752251276279697	1.1030986150204078	1.2817259635512996	1.204785025847426	1.404360009289856	1.1415106826727164	-18.451565586978397	1.0108283041355948	1.1104851244516118
2.0168026066686506	0.9860648371462858	0.8601935469491021	0.33056124402905246	0.2506708015911958	0.12417455712080842	1.0294265985012783	0.4775882892520305	0.9154628504549811	0.9946057343863889	0.9382713968306028	1.1632839939105375	1.0916309956004298	1.2691250053266465	1.1926561643010745	1.391053393740242	1.1297881143177089	0.9892493041355954	-18.24957741508144	1.098967980818832
1.8757683273602674	0.894118594493881	0.7766873608401127	0.2914021407260958	0.21981147305679727	0.10771444096522789	0.934724713540014	0.4244358001146251	0.8281675882409416	0.9021107651170146	0.8494508419712384	1.06053166183388	0.9931044228933789	1.1604642298346863	1.0882251910212184	1.2760476622082957	1.028987797019845	0.8970981244516115	0.9071599808188321	-16.51601111650796