-1.792986657798898165e+01 9.483978336014691202e-01 1.166010300451943538e+00 9.528719469660397179e-01 1.082487946191015293e+00 8.705216199104408581e-01 9.054601066566266843e-01 5.500429794215486723e-01 9.882121846941926968e-01 1.059674257096209216e+00 1.201701585927537508e+00 1.095675868285893806e+00 2.618728301086271082e-01 1.109642436278262201e+00 1.072037374613844740e+00 1.145635256153077153e+00 8.954933759555963046e-01 4.492122616858794659e-01 1.091584918168796881e+00 1.083331495821985291e+00
1.053440833601469340e+00 -1.894342862512618453e+01 1.224944627043320855e+00 1.004636142536800891e+00 1.138735925669756455e+00 9.192211211246547053e-01 9.554814055330661526e-01 5.849304456928086093e-01 1.041238749766933314e+00 1.115161620878007076e+00 1.261738481441144977e+00 1.152358183224253541e+00 2.809994432089465977e-01 1.166780510854789732e+00 1.127938394937124444e+00 1.203928177809147293e+00 9.451409050360453090e-01 4.790133665658901641e-01 1.148132916471897635e+00 1.139607373730124662e+00
8.505483004519435175e-01 8.044396270433205043e-01 -1.509816122053842591e+01 8.084306075465124142e-01 9.246022877985918820e-01 7.351868416197403500e-01 7.662058632914002798e-01 4.549296936954123627e-01 8.400003318947716346e-01 9.040794643189962176e-01 1.032341310033916271e+00 9.364801688844649474e-01 2.110012311174397637e-01 9.490705993431235443e-01 9.151972281084010952e-01 9.815696363799996105e-01 7.573487103595214487e-01 3.685730964464523640e-01 9.327944906871993291e-01 9.253617315172192326e-01
1.048656946966039616e+00 9.953781425367876912e-01 1.219677607546512554e+00 -1.885267414285083021e+01 1.133704978803564023e+00 9.148553877885416963e-01 9.509989895100208201e-01 5.817890919570147812e-01 1.036491355560064331e+00 1.110197579177009786e+00 1.256374670607381283e+00 1.147289043922914198e+00 2.792672392724034891e-01 1.161671305011750643e+00 1.122937963780154647e+00 1.198717492453160727e+00 9.406914752590290751e-01 4.763253122336732481e-01 1.143075587067931664e+00 1.134573973396876934e+00
9.218129461910149480e-01 8.730179256697563339e-01 1.079389287798591779e+00 8.772449788035636686e-01 -1.644794297232414593e+01 7.995573978971796114e-01 8.324875060162285623e-01 4.998245901943297320e-01 9.106582899015944754e-01 9.783534809849973035e-01 1.113379300512272296e+00 1.012520824783168960e+00 2.347769292995646462e-01 1.025786915089366813e+00 9.900820072490995605e-01 1.060002615552403826e+00 8.230891003929670102e-01 4.065219431994315236e-01 1.008636219188544292e+00 1.000800713600071168e+00
1.141721619910441188e+00 1.085378121124654038e+00 1.321848841619740256e+00 1.090270387788541573e+00 1.231432397897179509e+00 -2.061903607330780019e+01 1.038357227137595151e+00 6.435347895393386253e-01 1.128866259746708067e+00 1.206663525555820016e+00 1.360364632632004467e+00 1.245736160695871675e+00 3.136712742198216053e-01 1.260873117313283887e+00 1.220090132779645176e+00 1.299829322664770137e+00 1.027424202437864809e+00 5.293262358798084266e-01 1.241300189890100381e+00 1.232347634474612486e+00
1.100902106656626467e+00 1.045880405533065050e+00 1.277109863291400416e+00 1.050655989510020927e+00 1.188604506016228912e+00 9.625992271375948262e-01 -1.984406230585605613e+01 6.162885567095931494e-01 1.088344121973643386e+00 1.164378669484123829e+00 1.314844346185676027e+00 1.202598560449142262e+00 2.983979701779100879e-01 1.217410830360336149e+00 1.177509844038448383e+00 1.255545680797631514e+00 9.893371701756041858e-01 5.058962802804926051e-01 1.198258336156339254e+00 1.189499840922182416e+00
1.646381979421548625e+00 1.576226445692808342e+00 1.866730693695412224e+00 1.582343091957014725e+00 1.756838590194329752e+00 1.468673789539338692e+00 1.517185556709593319e+00 -3.023219383491780832e+01 1.630430254639460230e+00 1.726488724106527206e+00 1.913135187944277948e+00 1.774315996717865662e+00 5.260000780989468883e-01 1.792772814023285255e+00 1.742954204060718437e+00 1.840094133164797086e+00 1.503390802150081473e+00 8.413739097032829628e-01 1.768899616013000164e+00 1.757957967085517437e+00
1.011881184694189528e+00 9.598647497669318129e-01 1.179131331894771817e+00 9.643753555600644845e-01 1.095002289901593873e+00 8.813352597467077887e-01 9.165711219736427662e-01 5.577602546394604399e-01 -1.815515757946689845e+01 1.072016960319852164e+00 1.215071843020136821e+00 1.108288251362864685e+00 2.660826096453088874e-01 1.122357715964575675e+00 1.084473416010226510e+00 1.158611362902581376e+00 9.065202827033389532e-01 4.557944722984348385e-01 1.104166980816916555e+00 1.095852136245300423e+00
9.426092570962094630e-01 8.930536208780071039e-01 1.102476464318996596e+00 8.973475791770093579e-01 1.021963480984998673e+00 8.183985255558199334e-01 8.518716694841239612e-01 5.130847241065271680e-01 9.312829603198515827e-01 -1.684199827328793475e+01 1.136929608710008477e+00 1.034665538363502835e+00 2.418808602847720146e-01 1.048121986718941523e+00 1.011900838666560887e+00 1.082820889272778420e+00 8.423195485297325646e-01 4.177700216074637374e-01 1.030724868805150019e+00 1.022775830407480546e+00
8.222395859275376528e-01 7.772334814411446802e-01 9.683413100339175461e-01 7.811276706073813081e-01 8.945923005122724536e-01 7.097026326320045042e-01 7.399403461856762787e-01 4.373341879442779745e-01 8.119408430201369153e-01 8.745326087100084855e-01 -1.456221166030596592e+01 9.062049934536703377e-01 2.018013222647024596e-01 9.185165858368963265e-01 8.853987011960944287e-01 9.503064539994416915e-01 7.313046028025032008e-01 3.537579271434673767e-01 9.026013801704578787e-01 8.953347264243740611e-01
9.100628682858943330e-01 8.617021832242540702e-01 1.066329168884465162e+00 8.658910439229137168e-01 9.875828247831710538e-01 7.889231606958717613e-01 8.215435604491424515e-01 4.923639967178659038e-01 8.990062513628643837e-01 9.661175383635022262e-01 1.100053993453670165e+00 -1.622533238008157852e+01 2.307962270097521362e-01 1.013157202678898638e+00 9.777475465188598669e-01 1.047096416537796726e+00 8.122328391187239038e-01 4.002012137579666895e-01 9.961474600971654825e-01 9.883768842187995451e-01
2.529980830108626844e+00 2.444064443208946447e+00 2.794571231117439769e+00 2.451590239272403604e+00 2.663559929299564644e+00 2.310579274219821233e+00 2.371063970177909930e+00 1.697769078098946727e+00 2.510521609645308683e+00 2.627053860284771947e+00 2.849371322264702133e+00 2.684517227009751927e+00 -4.722334351700988719e+01 2.706598167737161109e+00 2.646877226635184321e+00 2.762978717165972320e+00 2.353911822849081847e+00 1.475403530892096526e+00 2.678027437831006718e+00 2.664903599191192907e+00
8.978294362782622828e-01 8.499245108547898164e-01 1.052719599343124424e+00 8.540733050117508274e-01 9.746489150893653530e-01 7.778601173132837499e-01 8.101558303603362265e-01 4.846208140232853845e-01 8.868757159645761501e-01 9.533739867189409134e-01 1.086165585836897041e+00 9.869572026788989705e-01 2.266771677371610672e-01 -1.599358982133691853e+01 9.649005214306458633e-01 1.033648647784916941e+00 8.009370466089643648e-01 3.936470833693436755e-01 9.831383504312698474e-01 9.754359845011048025e-01
9.312643746138447032e-01 8.821223949371241879e-01 1.089886228108401189e+00 8.863799637801542675e-01 1.009984007249102422e+00 8.081171327796451420e-01 8.412948440384480087e-01 5.058422040607184478e-01 9.200314160102264216e-01 9.881928386665566055e-01 1.124087701196094358e+00 1.022587546518859192e+00 2.379962266351844102e-01 1.035940521430645633e+00 -1.662702219143030646e+01 1.070376792739912375e+00 8.318263457427650387e-01 4.116242688049879805e-01 1.018677352830482219e+00 1.010790031287151391e+00
8.672632561530773110e-01 8.205131778091471206e-01 1.018659636380000455e+00 8.245604924531605429e-01 9.423056155524048849e-01 7.502573226647700766e-01 7.817316807976314452e-01 4.653831331647969582e-01 8.565703629025814836e-01 9.215138892727783304e-01 1.051396453999440928e+00 9.543374165377955798e-01 2.164987171659724929e-01 9.670896477849157957e-01 9.327777927399133473e-01 -1.541467358782848329e+01 7.727455279432247082e-01 3.773904160864534618e-01 9.506041105493406862e-01 9.430749378710754360e-01
1.112337375955596119e+00 1.056941905036044016e+00 1.289654710359521284e+00 1.061750475259028770e+00 1.200608100392966726e+00 9.730682024378636275e-01 1.010739170175606327e+00 6.238958021500812245e-01 1.099695282703338828e+00 1.176228548529732576e+00 1.327610602802502981e+00 1.214689839118723969e+00 3.026478228490820932e-01 1.229594046608964319e+00 1.189443345742765112e+00 1.267961527943224587e+00 -2.006112967533324820e+01 5.124313418613528626e-01 1.210322505922099667e+00 1.201509069484755443e+00
1.881588261685879448e+00 1.806346366565890094e+00 2.116411096446452422e+00 1.812916312233672889e+00 1.999572943199431574e+00 1.690502235879808524e+00 1.742830280280492472e+00 1.177410909703282771e+00 1.864501472298434770e+00 1.967211021607463639e+00 2.165595927143467048e+00 2.018190213757966589e+00 6.396715308920967180e-01 2.037836083369343410e+00 1.984773268804987945e+00 2.088138416086453120e+00 1.727963341861353141e+00 -3.473464745129740550e+01 2.012422035536734377e+00 2.000765733944195102e+00
9.136869181687972130e-01 8.651919164718978594e-01 1.070358490687199904e+00 8.693925870679314327e-01 9.914132191885450807e-01 7.922021898901003834e-01 8.249183361563390271e-01 4.946626160129999894e-01 9.025999808169163918e-01 9.698918688051491044e-01 1.104165380170457178e+00 1.003862460097163289e+00 2.320214378310070380e-01 1.017053350431267544e+00 9.815523528304791467e-01 1.051078110549340972e+00 8.155805059220998521e-01 4.021480355367346715e-01 -1.629398909379203531e+01 9.922093371576101717e-01
9.210554958219849819e-01 8.722883737301243556e-01 1.078547731517219388e+00 8.765129733968772818e-01 9.991997136000984048e-01 7.988716344746125131e-01 8.317818409221819920e-01 4.993429670855173974e-01 9.099071362453005074e-01 9.775648304074807671e-01 1.112520726424374162e+00 1.011713884218801596e+00 2.345195991911933620e-01 1.024972984501104412e+00 9.892870312871478999e-01 1.059170937871075191e+00 8.223890694847553196e-01 4.061137339441953098e-01 1.007831337157616192e+00 -1.643359200128166364e+01
