-10.815301864561368	1.6019568334678518	0.6662942819727427	0.3289161098226727	0.0351337596251992	1.2971764264594494	0.06263846271480412	1.0263463903787868	2.289465461225148	0.8965297137144942	1.4221762494256114	0.09186195750433442	0.023851320280315787	0.2680332688405368	0.4223489842613412	0.040664289224142336	0.007646357268134739	0.04452468659247725	0.28973731178332246	2.6893335125814654e-24
0.5718468334678519	-5.991074018139347	0.35788484828140743	0.16241358869025274	0.015079501426641578	0.7770122295169477	0.02754714616924048	0.5895084004873873	1.5426756329429643	0.5035348411785626	0.8670101038091794	0.04120081368903386	0.01010001831236587	0.12979046731172386	0.21417294294869213	0.01755179970500527	0.0031413129668327886	0.019288547141427647	0.14131499009382836	9.769562832627404e-25
1.4299752819727425	2.1516758482814073	-15.658594767667642	0.5294952872865886	0.06430698633693092	1.7932015687238265	0.11204486691978334	1.4628305423324326	2.9238932974134784	1.2995328201605132	1.941728048121763	0.1613161676736893	0.04421566791610068	0.4389335892855147	0.6645710336435056	0.07403454276218646	0.014583482633458138	0.08078288241245785	0.47147285379126413	5.696190200641449e-24
2.253236109822673	3.116843588690253	1.6901342872865885	-25.233644473555472	0.15360711912192623	2.6977218302155843	0.25592160181123835	2.294442154732434	3.9754982143652864	2.087348888386015	2.8733977522032337	0.35571686143652576	0.10829973906017172	0.8533274698508604	1.2089760683695907	0.1750063824823491	0.03778536748770376	0.18967126502644258	0.9067097732065951	1.7815555759011678e-23
4.9914537596252	6.001509501426642	4.256945986336931	3.185607119121926	-62.439115502490424	5.523941548627826	1.4089383123436474	5.0422428530729295	6.933394027600007	4.783438399203546	5.726517562030313	1.737137478800994	0.7806334996039751	2.9141860061439218	3.5396467154350475	1.0938807840125029	0.348788963039137	1.155301677459867	3.0155513086060166	3.496137435757066e-22
0.7520984264594497	1.2620442295169478	0.48444256872382685	0.22832383021558425	0.022543548627825274	-8.031346399230705	0.04074761671318438	0.773739470683611	1.8763939976467388	0.6677931088158684	1.1065883326441912	0.060423856685251694	0.015188377003697238	0.18404873113520748	0.2975360360197256	0.026175216659208776	0.004786952901813336	0.028719366484801147	0.19975273229377155	1.5738349795445298e-24
4.289088462714804	5.284107146169241	3.574813866919784	2.5580516018112385	0.6790683123436474	4.812275616713185	-51.99035118873766	4.33882777843969	6.20936287192986	4.085792159088041	5.0121656932012995	1.2700945807880424	0.5152737506721562	2.3073734777092874	2.889771626687608	0.7510484248925282	0.21393548536692925	0.7987114978102715	2.400588835480044	1.7080776421006536e-22
0.9741083903787863	1.5673804004873872	0.6469115423324326	0.31788415473243437	0.0336848530729296	1.266579470683611	0.060139778439689914	-10.524885427857054	2.2482973705708185	0.8725025017709626	1.3898533414189531	0.08829753041889044	0.022849920029609543	0.25876031937404975	0.40878522877965107	0.03899999082255811	0.007312592348930383	0.04271142414085406	0.2798266180545047	2.5547399015922563e-24
0.3191954612251482	0.6025156329429643	0.18994229741347854	0.08090821436528611	0.006804027600006642	0.4512019976467391	0.012642871929860047	0.3302653705708188	-3.0658389227191227	0.27693211253950867	0.5113403487825932	0.019170282044693558	0.004514261261071632	0.0637492042012354	0.10880078467591137	0.007950859808888214	0.0013740499395157302	0.008760003761397135	0.06977114201000595	3.8760766901610255e-25
1.1111407137144944	1.7482558411785623	0.7504628201605132	0.37763988838601475	0.041729399203546146	1.427482108815868	0.0739531590880404	1.139351501770963	2.4618131125395086	-12.062506737362396	1.5594427087029825	0.10793366961766039	0.028422962887588568	0.30915724691698826	0.48192567725498814	0.04823125825683329	0.009179689103127756	0.05276243563029397	0.3336225441344247	3.320843868769397e-24
0.6709962494256116	1.1459401038091794	0.42686704812176296	0.19789775220323333	0.019017562030313295	0.9004863326441914	0.03453569320129994	0.690911341418953	1.7304303487825932	0.5936517087029827	-7.116166754046596	0.051406351380173916	0.012779625063480784	0.15891806445484769	0.2592289311740613	0.02210513969929454	0.004004347748923613	0.02427077440109573	0.17271937978459673	1.2851909697240955e-24
3.8194319575043347	4.798880813689034	3.12520516767369	2.158966861436526	0.5083874788009944	4.333071856685253	0.7712145807880426	3.8681055304188905	5.7170102820446935	3.620892669617661	4.530156351380174	-45.36136037495187	0.37873132695630124	1.926424557567223	2.4705602665687865	0.5663833597453313	0.150257492984246	0.6051038680858492	2.012575953004839	1.0467243420403974e-22
5.456591320280316	6.472950018312366	4.713274667916101	3.6167197390601724	1.2570534996039755	5.993006377003697	1.721563750672156	5.507827920029609	7.407524261261072	5.2465519628875885	6.196699625063482	2.083901326956301	-69.70178042830008	3.335225384363694	3.9813064168202628	1.3652179344159612	0.4703328625937404	1.435454429218556	3.4405789318410314	5.579583278003309e-22
2.501613268840537	3.393480467311724	1.9088325892855151	1.1625874698508605	0.1914460061439218	2.9627067311352073	0.3145034777092874	2.5445783193740494	4.267599204201235	2.3281262469169883	3.143678064454848	0.4324345575672229	0.1360653843636939	-28.239374807176333	1.3914998789713462	0.21739515037011609	0.048343542667309725	0.23510887700865607	1.0593755710038109	2.4139150135169985e-23
1.9543089842613408	2.776242942948692	1.4328500336435057	0.8166160683695907	0.11528671543504762	2.3745740360197254	0.19528162668760815	1.992983228779651	3.6110307846759113	1.7992746772549881	2.542368931174061	0.2749502665687864	0.08052641682026247	0.6898798789713458	-21.694613088912053	0.13185733043645123	0.027511246922510158	0.1432649860675416	0.7358049338750313	1.2117404961576656e-23
4.814754289224142	5.821751799705006	4.0844435427621875	3.0247763824823495	0.9116507840125031	5.345343216659209	1.2986884248925288	4.865327990822559	6.752310859808888	4.607710258256834	5.547375139699295	1.6129033597453313	0.7065679344159613	2.757905150370116	3.3739873304364516	-59.75070156791269	0.3097554406154723	1.0579737808926615	2.8574758831111913	2.923661031181966e-22
6.797766357268133	7.823371312966833	6.041022482633458	4.903585367487703	2.182588963039136	7.339984952901814	2.7776054853669288	6.8496705923489305	8.761764049939515	6.584688689103126	7.545304347748924	3.212807492984245	1.8277128625937398	4.6048835426673085	5.285671246922509	2.325785440615471	-91.9984345534732	2.417115129373896	4.717106237511546	2.1125966371597296e-21
4.704824686592476	5.709698547141428	3.9774018824124573	2.925651265026442	0.8592816774598663	5.234097366484801	1.232561497810271	4.755249424140854	6.639330003761397	4.498451435630294	5.435750774401094	1.5378338680858485	0.6630144292185552	2.6618288770086553	3.2716049860675414	0.9441837808926601	0.2872951293738964	-58.098258960400074	2.7601993288915425	2.614750529718188e-22
2.4068273117833225	3.2885149900938284	1.824881853791265	1.099479773206595	0.17632130860601672	2.861920732293772	0.29122883548004413	2.449154618054505	4.157131142010006	2.236101544134425	3.0409893797845973	0.402095953004839	0.12492893184103208	0.942885571003811	1.3209349338750318	0.20047588311119136	0.04407623751154728	0.21698932889154324	-27.084938328477374	2.1529393180982645e-23
58.33902	59.36913	57.575339	56.414699999999996	53.3827	58.884097999999994	54.11257	58.391258	60.30929	58.124409	59.090199999999996	54.61145	52.906279999999995	56.105439999999994	56.80706	53.56493	51.548899999999996	53.67872	56.22193	-1069.437424