-3.147083216922687399e+01 1.345682004031736323e+00 8.089022777167053091e-01 8.745271323144407916e-01 3.339299822848644794e+00 6.731275555835264379e-01 2.304852537303654803e+00 2.353598937119669277e+00 1.526211782703351671e+00 3.680167283938193368e+00 3.984190493697286950e+00 1.441317825578533274e+00 1.054286652042808026e+00 1.709870568333444751e+00 1.511039396022441972e+00 6.963562552539102057e-01 8.925772376739299352e-01 1.895989321210940659e+00 5.614815577291745186e-01 8.173535281244832529e-01
7.192890040317360123e-01 -2.437862162678539590e+01 5.696985848687697862e-01 6.205789987012392261e-01 2.789213402512530138e+00 4.661751501540827847e-01 1.831937424716459928e+00 1.875879582256558598e+00 1.151148472932542521e+00 3.113733667588201026e+00 3.405945740663679278e+00 1.079711094611450983e+00 7.625500454455790278e-01 1.307754244787995068e+00 1.138335452272831727e+00 4.837125106171906164e-01 6.346655722376965958e-01 1.469124941533980655e+00 3.829465850643123392e-01 5.762211517885550416e-01
1.219057277716705245e+00 1.606246584868770144e+00 -3.670072980309537769e+01 1.075691411914519557e+00 3.713921578980377891e+00 8.416657871645198963e-01 2.639317916088671279e+00 2.690668980072199901e+00 1.804690519365474533e+00 4.062810127747491507e+00 4.372511396554052077e+00 1.711656419713872612e+00 1.280577137712623825e+00 2.004388613323908164e+00 1.788098734193299233e+00 8.689309007013090724e-01 1.096421946743624698e+00 2.204803484207666031e+00 7.094943312183649153e-01 1.009776654807925889e+00
1.136936132314440240e+00 1.509380998701239207e+00 9.279454119145198465e-01 -3.476473447933084060e+01 3.577860327766873461e+00 7.778126449397805287e-01 2.516815376294562867e+00 2.567278268852579703e+00 1.701536168168593210e+00 3.924078881284293718e+00 4.231899303096106735e+00 1.611353991014511156e+00 1.195869349167568263e+00 1.895642928664141191e+00 1.685440988384833805e+00 8.036051020987995397e-01 1.019764520861761392e+00 2.091106243220630212e+00 6.531654181290729166e-01 9.372424244565336071e-01
1.356168228486445138e-01 2.119234025125296961e-01 1.000835789803777437e-01 1.117683277668730518e-01 -6.202253549303858193e+00 7.759575410028399234e-02 5.129047332478562371e-01 5.319646929183566852e-01 2.582322097979875553e-01 1.198415684587043062e+00 1.390608221804529476e+00 2.358874756700930497e-01 1.465581150718397452e-01 3.101027123312152800e-01 2.541639278346869424e-01 8.128317758226831502e-02 1.150765562044755858e-01 3.677259103078022728e-01 6.078393916996668173e-02 1.015583065670281893e-01
1.418662555583526164e+00 1.838103150154082766e+00 1.177045787164519464e+00 1.260938644939780584e+00 4.026813754100284193e+00 -4.130582029297302427e+01 2.924999676938820681e+00 2.978161900557842134e+00 2.050018505233758503e+00 4.380938852120732641e+00 4.694300510874847454e+00 1.950896327004262076e+00 1.485907964660396985e+00 2.261549979329297244e+00 2.032369133115100368e+00 1.030647329817182767e+00 1.283837870305396534e+00 2.472329266936233783e+00 8.503916516823348815e-01 1.187907432454614609e+00
3.151595373036544800e-01 4.686374247164599716e-01 2.394699160886706868e-01 2.647133762945633184e-01 1.726894733247856140e+00 1.897716769388207159e-01 -1.270730961978917684e+01 1.030901896576745358e+00 5.570456608523998154e-01 1.995521735625824133e+00 2.245258509369139510e+00 5.147773953764114285e-01 3.378637390199505930e-01 6.526488512160784072e-01 5.494014882658343479e-01 1.980298470555694468e-01 2.717946691993721187e-01 7.552309501285748849e-01 1.515117520981836829e-01 2.426764604150687954e-01
3.027259371196691640e-01 4.513995822565586846e-01 2.296409800721995742e-01 2.539962688525796985e-01 1.684774692918356465e+00 1.817539005578422129e-01 9.697218965767451238e-01 -1.229868663756360725e+01 5.372872835073982944e-01 1.950235927724262242e+00 2.197476910497165647e+00 4.962035147286467662e-01 3.246814215538981196e-01 6.303409878545958023e-01 5.298546218592846690e-01 1.897050420058148112e-01 2.608320188273948737e-01 7.303713031146762402e-01 1.449507803243968440e-01 2.327335672121230159e-01
6.113697827033516274e-01 8.626994729325424549e-01 4.796935193654742746e-01 5.242851681685932741e-01 2.547073209797987570e+00 3.896415052337586227e-01 1.631896660852399483e+00 1.673318283507398530e+00 -2.148365650430522678e+01 2.862172801791218468e+00 3.147444530997673073e+00 9.349497568201505793e-01 6.497616492113419406e-01 1.143529500531126786e+00 9.883123912528757327e-01 4.048298361057759420e-01 5.366672276169900391e-01 1.292652102976973527e+00 3.179609814593306605e-01 4.853981229802631914e-01
1.028642839381932739e-01 1.628236675882010487e-01 7.535212774749132369e-02 8.436688128429348232e-02 8.247956845870429987e-01 5.810085212073314714e-02 4.079117356258241123e-01 4.238059277242621214e-01 1.997118017912186960e-01 -4.800857699759780495e+00 1.172145488806872082e+00 1.818692615854679562e-01 1.113920110488807597e-01 2.414236887051151859e-01 1.964573747607798737e-01 6.092025755591927438e-02 8.692510236602495055e-02 2.882062597221792255e-01 4.529725634259807593e-02 7.648803645868136603e-02
8.033749369728657164e-02 1.284857406636790156e-01 5.850339655405230321e-02 6.563730309610744940e-02 6.904382218045298503e-01 4.491251087484753740e-02 3.310985093691396486e-01 3.444969104971655760e-01 1.584335309976730166e-01 8.455954888068721864e-01 -3.767549134791095877e+00 1.439195282171660262e-01 8.714090609566736700e-02 1.925584267036237474e-01 1.557823647437472925e-01 4.712787185622629993e-02 6.766550310244494326e-02 2.311309146861782460e-01 3.488335784313927046e-02 5.940115518154995972e-02
6.595258255785328982e-01 9.243120946114509184e-01 5.197094197138725225e-01 5.671529910145109987e-01 2.657778475670093066e+00 4.235693270042619751e-01 1.722678395376411542e+00 1.765284514728646670e+00 1.067999756820150914e+00 2.977380261585467647e+00 3.265980528217165890e+00 -2.278990012066329029e+01 7.001387626100538109e-01 1.217586764101568964e+00 1.055792002600101087e+00 4.398171375024775287e-01 5.803091029585468741e-01 1.372406551007527398e+00 3.466935953766427381e-01 5.257846141858079081e-01
9.476096520428077818e-01 1.282266045445579206e+00 7.637451377126237562e-01 8.267833491675684598e-01 3.243564115071840170e+00 6.336959646603972374e-01 2.220879739019950616e+00 2.268877421553898266e+00 1.457926649211342074e+00 3.582018011048881068e+00 3.884316906095667932e+00 1.375253762610054276e+00 -3.018562244656716587e+01 1.637166351096407846e+00 1.443142586371759961e+00 6.559074383417439202e-01 8.441413813091350749e-01 1.819296866557375214e+00 5.271741241973919578e-01 7.718569450527382747e-01
5.205135683334445318e-01 7.447902447879950483e-01 4.048766133239077858e-01 4.438769286641412459e-01 2.324428712331215507e+00 3.266579793292970213e-01 1.452984851216078122e+00 1.491856987854595973e+00 8.690145005311270543e-01 2.629369688705115227e+00 2.907054426703624017e+00 8.100217641015690084e-01 5.544863510964073150e-01 -1.894487801134140170e+01 8.583975121188835988e-01 3.397971389477466020e-01 4.547361788149618667e-01 1.137195464894914743e+00 2.649627223611126792e-01 4.098563772252627468e-01
6.196643960224419434e-01 8.733534522728314542e-01 4.865687341932989907e-01 5.316569883848337730e-01 2.566471927834687250e+00 3.954591331151003919e-01 1.647719488265834586e+00 1.689352621859284920e+00 1.011779391252881188e+00 2.882385374760779939e+00 3.168260364743747726e+00 9.462090026001004350e-01 6.584445863717598435e-01 1.156379512118883790e+00 -2.171043895022606307e+01 4.108312592932704121e-01 5.441739619168775022e-01 1.306511991763034342e+00 3.228789368949899208e-01 4.923378265614233862e-01
1.381210255253910280e+00 1.794959510617190945e+00 1.143629900701309543e+00 1.226050102098799943e+00 3.969820177582268794e+00 9.699663298171841141e-01 2.872576847055569704e+00 2.925432042005815081e+00 2.004525836105776282e+00 4.323077257555919317e+00 4.635834871856227224e+00 1.906463137502477867e+00 1.447438438341744016e+00 2.214008138947746840e+00 1.987060259293270459e+00 -4.045145226825323448e+01 1.248560913784026338e+00 2.423003931456263693e+00 8.235379362599750674e-01 1.154296382017764300e+00
1.115714237673929521e+00 1.484195572237696936e+00 9.094039467436244584e-01 9.804925208617615295e-01 3.541896556204475743e+00 7.614398703053962825e-01 2.484624669199372526e+00 2.534842018827395016e+00 1.674646227616990446e+00 3.887365102366024949e+00 4.194655503102445060e+00 1.585238102958547168e+00 1.173955381309134571e+00 1.867230178814961894e+00 1.658685961916877449e+00 7.868439137840262942e-01 -3.425991275344823350e+01 2.061338954610886898e+00 6.387703256183112632e-01 9.185737092963751627e-01
4.437463212109405419e-01 6.432749415339804600e-01 3.424054842076659222e-01 3.764542432206301470e-01 2.119165910307802214e+00 2.745512669362339953e-01 1.292680950128574757e+00 1.329001303114676125e+00 7.552511029769736206e-01 2.413266259722179008e+00 2.682740914686178257e+00 7.019555510075276006e-01 4.737308665573748967e-01 8.743094648949144565e-01 7.456439917630341974e-01 2.859069314562632247e-01 3.859589546108869729e-01 -1.670826735041164923e+01 2.214775940917467212e-01 3.467452979840646154e-01
1.622828557729174559e+00 2.070686585064312801e+00 1.360686331218365019e+00 1.452103418129073065e+00 4.325813939169966815e+00 1.166203651682335085e+00 3.202551752098183879e+00 3.257170780324396997e+00 2.294149981459331133e+00 4.683947256342598564e+00 5.000083357843139176e+00 2.189832595376643098e+00 1.695198124197392131e+00 2.515666722361113106e+00 2.275600936894989879e+00 1.200030936259975256e+00 1.476980325618311385e+00 2.735067594091746823e+00 -4.589715033284218038e+01 1.372547486981132492e+00
1.208018528124483071e+00 1.593279151788554948e+00 9.902866548079271025e-01 1.065498424456532867e+00 3.695906306567028121e+00 8.330374324546147013e-01 2.623034460415068825e+00 2.674271567212123113e+00 1.790905122980263053e+00 4.044456036458680792e+00 4.353919155181549705e+00 1.698241614185807880e+00 1.269198945052737892e+00 1.989878377225262618e+00 1.774377826561423399e+00 8.601073820177641549e-01 1.086101709296375395e+00 2.189653297984064384e+00 7.018654869811322694e-01 -3.644203747975139862e+01
