-2.053762158665210791e+01 1.093023444498181673e+00 1.050775846119676338e+00 1.164932323785059731e+00 1.161083369757628603e+00 9.023593142342362095e-01 1.126686144978815030e+00 9.379768474184577709e-01 1.142649601823611416e+00 9.939960640562242045e-01 1.299446594014876277e+00 1.206797289981347054e+00 3.882442050581712545e-01 1.193167781337571398e+00 1.310186275432117187e+00 1.234646433073804950e+00 1.252661580221491322e+00 6.989428396261189169e-01 1.238261870048959823e+00 1.141783761185758861e+00
9.124104444981812057e-01 -1.871403109062854497e+01 9.601809713807563096e-01 1.067919867993186278e+00 1.064279929536682934e+00 8.208269983341121012e-01 1.031773042843568966e+00 8.541913700566888812e-01 1.046854170892026037e+00 9.067682634301652556e-01 1.195434440364561368e+00 1.107543394885762922e+00 3.459043035476698780e-01 1.094637215016800669e+00 1.205639996937031277e+00 1.133933449060625431e+00 1.151018067442480142e+00 6.313178971803963258e-01 1.137361305256745503e+00 1.046035961971098383e+00
9.508868461196754440e-01 1.040904971380756772e+00 -1.951593868834012113e+01 1.110610438476109518e+00 1.106876879796415691e+00 8.566014003526052356e-01 1.073523586130173291e+00 8.909702206326720608e-01 1.088999714602696178e+00 9.450831413233254930e-01 1.241264006160773592e+00 1.151238337626317554e+00 3.643305748660130572e-01 1.138007957805475590e+00 1.251709390110067543e+00 1.178282600732550423e+00 1.195784604351488811e+00 6.609092536876136625e-01 1.181794585194982261e+00 1.088160178990409621e+00
8.514223237850598869e-01 9.350228679931869014e-01 8.969894384761095685e-01 -1.744008322737980166e+01 9.965145588667970733e-01 7.642589777577610821e-01 9.654034166459461996e-01 7.959824239405197677e-01 9.798334136954341966e-01 8.460449064446130540e-01 1.122321052475010683e+00 1.037964606084648800e+00 3.172584620039515801e-01 1.025594197120885953e+00 1.132128737520569528e+00 1.063272674614495594e+00 1.079666395496834852e+00 5.847930932426171902e-01 1.066561310416879627e+00 9.790503707984808957e-01
8.545523697576286049e-01 9.383619295366835145e-01 9.002348797964158100e-01 1.003493558866789703e+00 -1.750555391274051686e+01 7.671579750001268350e-01 9.688155536599488693e-01 7.989671279192095410e-01 9.832797406938047491e-01 8.491610961734081808e-01 1.126087909351993321e+00 1.041545374374209576e+00 3.187117449101305455e-01 1.029146790952947255e+00 1.135916564904695614e+00 1.066910367215099242e+00 1.083340455224795607e+00 5.871692933658274605e-01 1.070206330082359658e+00 9.824948509544420006e-01
1.104442314234236111e+00 1.203522998334112470e+00 1.158573400352605365e+00 1.279851977757761050e+00 1.275771975000126846e+00 -2.270368535149883726e+01 1.239282358634324677e+00 1.038153728568605993e+00 1.256223078735182686e+00 1.098033638148880220e+00 1.422068492087685820e+00 1.324190812745568602e+00 4.405442207783081265e-01 1.309763737835235808e+00 1.433393095641798842e+00 1.353646567345028862e+00 1.372684770455593783e+00 7.807653408654894323e-01 1.357468334618475270e+00 1.255304509359816079e+00
8.831861449788152019e-01 9.688860428435694949e-01 9.299125861301741347e-01 1.035413416645944773e+00 1.031846553659948817e+00 7.936993586343247253e-01 -1.810403054815379065e+01 8.262850197587420231e-01 1.014773038762408763e+00 8.776694710456678372e-01 1.160473592496935602e+00 1.074252517981133526e+00 3.320914345935553347e-01 1.061599633928979491e+00 1.170491286407661757e+00 1.100131174023265990e+00 1.116889332952504477e+00 6.089652351875709524e-01 1.103493240737467573e+00 1.013971467385117231e+00
1.064698847418458438e+00 1.161526370056688906e+00 1.117581220632672290e+00 1.236214423940519724e+00 1.232220127919209540e+00 9.627927285686064263e-01 1.196507019758742185e+00 -2.188044651326832124e+01 1.213084990544963881e+00 1.058440909441414002e+00 1.375578139568772285e+00 1.279636058173676760e+00 4.204125187210123182e-01 1.265504590990394362e+00 1.386686440630850559e+00 1.308496616060208506e+00 1.327156001190938683e+00 7.494815483534245093e-01 1.312241971237878779e+00 1.212185990059886365e+00
8.697476018236113271e-01 9.545651708920261935e-01 9.159867146026967610e-01 1.020441413695436061e+00 1.016908740693803326e+00 7.812380787351825839e-01 9.853710387624111666e-01 8.134609905449640133e-01 -1.782325119099894195e+01 8.642894783132641923e-01 1.144351964646232567e+00 1.058913365385291794e+00 3.257929572796949280e-01 1.046379063954547828e+00 1.154281562034903397e+00 1.084552525228149822e+00 1.101157741262696499e+00 5.987227992051216141e-01 1.087883773793567377e+00 9.992062101453407230e-01
1.006028064056228244e+00 1.099413263430165211e+00 1.057004141323325763e+00 1.171586906444613163e+00 1.167724096173408110e+00 9.079826381488796949e-01 1.133201471045667708e+00 9.437509094414148203e-01 1.149223478313264213e+00 -2.066287891320562764e+01 1.306564133154884955e+00 1.213600347286477144e+00 3.912095100465037834e-01 1.199922948150520030e+00 1.317339055609951348e+00 1.241546026674700265e+00 1.259622692174749758e+00 7.036308861983406882e-01 1.245173867802850109e+00 1.148354477729683021e+00
7.505225940148761987e-01 8.271234403645616462e-01 7.922290061607735190e-01 8.869070524750106710e-01 8.836949093519934628e-01 6.710614920876857292e-01 8.550495924969353512e-01 6.999321395687722047e-01 8.683299646462329102e-01 7.456081331548849445e-01 -1.532406409293975358e+01 9.219326822071530758e-01 2.714028543188336529e-01 9.105123422877544614e-01 1.009097421482945345e+00 9.453195063423538436e-01 9.604846103348642083e-01 5.088866280028796485e-01 9.483606816512213378e-01 8.676090419900192030e-01
8.182952899813470404e-01 8.996543948857629314e-01 8.626253376263172123e-01 9.629726060846486302e-01 9.595743743742101151e-01 7.336058127455683531e-01 9.292505179811333393e-01 7.644120581736768560e-01 9.433133653852913136e-01 8.130663472864768648e-01 1.082354682207152585e+00 -1.674655739936586585e+01 3.019904195002787728e-01 9.879324360451340326e-01 1.091936621427225029e+00 1.024696010004349178e+00 1.040698577505534184e+00 5.597225447824569766e-01 1.027905846277296531e+00 9.425501570920066241e-01
2.054300205058170903e+00 2.192573303547669550e+00 2.130275574866013155e+00 2.296824462003951517e+00 2.291298744910130303e+00 1.904517220778308095e+00 2.241647434593555310e+00 1.959746518721012354e+00 2.264750957279694887e+00 2.045233510046503778e+00 2.486382854318833768e+00 2.356548419500279046e+00 -4.211808511231183161e+01 2.337180010627630367e+00 2.501236169972434364e+00 2.395904164793487556e+00 2.421209253891497770e+00 1.573963576006377263e+00 2.400992162902647831e+00 2.263500568493632681e+00
8.288987813375718883e-01 9.109812150168007383e-01 8.736279578054759742e-01 9.748351971208879529e-01 9.714087909529476317e-01 7.434117378352358418e-01 9.408306339289796982e-01 7.745135909903944071e-01 9.550120639545482959e-01 8.236219481505197004e-01 1.095167342287754142e+00 1.012165436045134426e+00 3.068550106276304867e-01 -1.696866830958295935e+01 1.104822304227101926e+00 1.037059285126655572e+00 1.053188313068722959e+00 5.677316563289452889e-01 1.040294595782743414e+00 9.542424489949083988e-01
7.431222754321172852e-01 8.191889969370312885e-01 7.845343901100675366e-01 8.785747375205701371e-01 8.753835649046954881e-01 6.642460956417985951e-01 8.469272864076621277e-01 6.929004406308505448e-01 8.601195620349039173e-01 7.382430556099510710e-01 9.909574214829425243e-01 9.133746214272251418e-01 2.681161699724345371e-01 9.020273042271022002e-01 -1.516842638261476495e+01 9.366136407732601477e-01 9.516841287968237362e-01 5.033735241807157923e-01 9.396357651546942691e-01 8.594034013699164420e-01
7.971524330738047892e-01 8.770524490606252943e-01 8.406776007325501565e-01 9.392886746144957222e-01 9.359473672150995238e-01 7.140695673450287995e-01 9.061371740232657679e-01 7.442806160602082333e-01 9.199605252281499723e-01 7.920200266747001727e-01 1.056749506342353095e+00 9.757040100043489206e-01 2.923541647934877474e-01 9.638342851266558098e-01 1.066183640773260333e+00 -1.630332454726630687e+01 1.015746796070201574e+00 5.437971346037359099e-01 1.003158318006130090e+00 9.192102575182066193e-01
7.838375802214915256e-01 8.628070674424800357e-01 8.268496043514887983e-01 9.243523954968339007e-01 9.210474552247958080e-01 7.017777704555937524e-01 8.915653329525046189e-01 7.316100011909386636e-01 9.052357412626962363e-01 7.787666921747495863e-01 1.040584610334866156e+00 9.603765775055354004e-01 2.863292538914981034e-01 9.486333130687227833e-01 1.049924128796824174e+00 9.844167960702014941e-01 -1.602394884973509903e+01 5.337986247737264156e-01 9.875421661557391984e-01 9.044937383644119366e-01
1.377132839626118876e+00 1.490120897180396531e+00 1.438988253687613517e+00 1.576493093242617327e+00 1.571890293365827640e+00 1.256872340865489379e+00 1.530655235187571073e+00 1.300949548353424801e+00 1.549814799205121663e+00 1.369788886198340716e+00 1.736000628002879687e+00 1.626414544782456950e+00 5.860975760063773521e-01 1.610190656328945202e+00 1.748627524180716097e+00 1.659481134603736141e+00 1.680812624773726505e+00 -2.832287328595771925e+01 1.663765789325857725e+00 1.548776621040504509e+00
7.944578700489599576e-01 8.741703052567459942e-01 8.378795851949822904e-01 9.362673104168784954e-01 9.329333300823594577e-01 7.115813346184753918e-01 9.031892407374674248e-01 7.417159712378785796e-01 9.169817737935679336e-01 7.893378678028502016e-01 1.053480681651221218e+00 9.726038462772984561e-01 2.911321629026480395e-01 9.607595957827428368e-01 1.062895765154694638e+00 9.968483180061428195e-01 1.012562166155736909e+00 5.417717893258574557e-01 -1.624680208584027952e+01 9.162331713937732491e-01
8.704697611857586947e-01 9.553349619710985730e-01 9.167351789904099046e-01 1.021246370798478909e+00 1.017711850954441832e+00 7.819075093598158999e-01 9.861574673851200012e-01 8.141499900598865302e-01 1.000794210145294683e+00 8.650084777296827010e-01 1.145219041990019226e+00 1.059738157092007693e+00 3.261305684936326998e-01 1.047197448994909408e+00 1.155153401369916510e+00 1.085390257518207058e+00 1.102003738364411678e+00 5.992726210405043830e-01 1.088723171393772837e+00 -1.783834418483737139e+01
