-7.873408956442693	0.8634677582168901	0.10380090303796981	0.3908916926221725	0.10414645075933573	0.026446575875380678	0.00016927183851097544	0.19904384584631715	0.2814884907756047	5.827447716380821	0.006292302148940405	0.010046103122321596	0.015634110337342206	0.019008902029540406	0.0064221403276781865	0.019097253840260956	2.122905203420745e-6	6.732308366261411e-9	3.3096460951792153e-6	2.038351239988278e-27
1.1502177582168898	-8.698350492544366	0.12839239458491425	0.4671350878806421	0.12881151660225965	0.03338081082107484	0.00021965637300352752	0.2426529649884825	0.3399074246428502	6.1104798867854075	0.008041824610565686	0.012795744042647989	0.019838561430826636	0.02407615945003232	0.008206632273163534	0.024186957941314896	2.7766592063417444e-6	8.850640206917176e-9	4.326390444003853e-6	2.7034082592598384e-27
3.6690009030379698	3.4068423945849142	-24.657143627616385	2.2419093187486956	1.0022216427994635	0.3701054833399256	0.004061849688238276	1.515281867206294	1.8616451771912057	9.375975110529813	0.11289751549179847	0.16838083552193545	0.24307187457762905	0.2848134906560345	0.11491021387992036	0.28587780556559483	0.000058131714241886815	1.992297567158557e-7	0.00008981385295178822	6.813545743333931e-26
2.0462016926221724	1.8356950878806424	0.3320193187486959	-13.754852942013766	0.33297905264373917	0.09730899607440548	0.0007538784894385159	0.57794341742477	0.7685998186108693	7.469567216040708	0.025264960861329584	0.03939126627236211	0.05971077716086207	0.07166022766172588	0.025761569668602054	0.07197022224554382	9.950322042624884e-6	3.257825593181607e-8	0.00001545670760215994	1.0401089623461155e-26
3.664906450759335	3.402821516602259	0.9977816427994672	2.2384290526437383	-24.625844493692924	0.36905785673043595	0.0040462314273477995	1.5124162596534523	1.8584508783544649	9.371538270737936	0.11252560359779619	0.1678480700048595	0.2423371254850089	0.2839720325821262	0.11453227976636093	0.285033679362798	0.00005789514127843359	1.9839516189966546e-7	0.0000894496490958701	6.783845836880407e-26
5.33298657587538	5.053170810821074	2.1114454833399248	3.7485389960744047	2.114837856730436	-39.25812997004178	0.01785568740528615	2.842261443604926	3.287510121669997	11.11668524640325	0.3772747299410546	0.5288687175280387	0.7152338450057864	0.8126432325067539	0.3830219018373626	0.8150730640415585	0.0002845389114078236	1.0286715699884441e-6	0.00043668967356405423	3.7780770407966266e-25
11.090239271838513	10.803539656373003	7.528931849688239	9.43551387848944	7.533356231427349	5.801385687405286	-115.52311576133192	8.424671691945278	8.930792523149961	16.900050773195915	4.142887156203641	4.666840058684273	5.177016833517179	5.406883681803635	4.165401598489684	5.4123699220407895	0.041980128260267736	0.00021775499660711824	0.06103706382286407	1.1098476513339098e-22
2.8662938458463176	2.623152964988483	0.617331867206294	1.5898834174247698	0.6189062596534531	0.20297144360492692	0.0018516919452790698	-18.910285670414943	1.2747069476006578	8.47899494089159	0.05685559821870603	0.08682741239437014	0.12863106746754363	0.1526354758574272	0.057924699066878686	0.1532531569167491	0.000025417755019097025	8.514151961282912e-8	0.000039378434956478625	2.816019057708691e-26
2.441948490775604	2.2136174246428504	0.45690517719120566	1.273749818610869	0.45815087835446544	0.1414301216699976	0.0011825231499602103	0.7679169476006573	-16.162602744519702	7.973194953499603	0.038043558549292956	0.05874617280220452	0.08810329362671843	0.10517760605953888	0.03877627407622214	0.10561887862557183	0.000015902120316492444	5.264282850250477e-8	0.000024670521798666246	1.7100960268268139e-26
0.01746771638082045	0.01374988678540813	0.0007951105298130273	0.004277216040706863	0.000798270737937944	0.00016524640325147195	7.73195914319831e-7	0.0017649408915902502	0.002754953499603296	-0.042223072171532594	0.00003444535089849384	0.000057069390675613915	0.00009243352266678432	0.00011459499627417883	0.00003520953846190996	0.00011518250658677764	8.699743516588941e-9	2.5532979464756076e-11	1.3675646589253606e-8	6.650729754024786e-30
7.0240623021489395	6.739061824610565	3.565467515491798	5.38772496086133	3.5695356035977968	2.088504729941055	0.07058715620364056	4.407375598218706	4.895353558549294	12.827784445350897	-58.113437786360805	1.2992552551568373	1.6317278637365924	1.7938804775586652	1.0119472028877101	1.797839243262331	0.0013190280397837057	5.107338013571427e-6	0.002005913406849931	2.032137321057298e-24
6.479216103122321	6.195215744042647	3.0723508355219344	4.853251266272361	3.0762580700048594	1.6914987175280387	0.0459400586842727	3.8887474123943693	4.367456172802204	12.279207069390674	0.7506552551568368	-51.6084921650193	1.285950709999437	1.4283755406680803	0.7604465874494181	1.4318749465912755	0.0008095015872321049	3.059558626178335e-6	0.0012351142447168451	1.1850707989321456e-24
5.958804110337342	5.676258561430826	2.6210418745776285	4.347570777160862	2.624747125485009	1.3518638450057863	0.030116833517178337	3.4045510674675428	3.8708132936267186	11.753242433522665	0.5571278637365922	0.7599507099994368	-45.769680482425635	1.1221625456195798	0.5649650220562165	1.1251841860795135	0.0005052662574807802	1.8697107424693624e-6	0.0007730968345164625	7.065597394544189e-25
5.7270589020295395	5.445376159450031	2.4276634906560335	4.1244002276617255	2.431262032582126	1.2141532325067539	0.024863681803634404	3.193435475857426	3.652767606059538	11.518144594996276	0.48416047755866476	0.6672555406680802	0.8870425456195795	-43.29260841081509	0.49118505148915853	1.0028026133319765	0.00040890017432541854	1.4997347563684937e-6	0.0006263786354679921	5.607182012787801e-25
7.000392140327679	6.7154266322731635	3.5436802138799206	5.364421569668602	3.5477422797663616	2.0704519018373637	0.06930159848968295	4.384644699066879	4.872286274076222	12.80398520953846	0.9881472028877125	1.2852465874494188	1.6157650220562172	1.7771050514891593	-57.82290219150508	1.7810450111286407	0.0012914821510869757	4.995192502794604e-6	0.0019643202260017285	1.985149052397196e-24
5.721547253840261	5.439886957941316	2.4231278055655947	4.119110222245544	2.4267236793627984	1.2109830640415593	0.02474992204078959	3.188453156916749	3.6476088786255723	11.512545182506587	0.48251924326233103	0.6651549465912757	0.8844641860795144	0.997202613331969	0.48952501112864055	-43.234633699353594	0.00040684173050144586	1.4918754064316353e-6	0.000623242267184876	5.576390539383591e-25
15.824272122905207	15.537522776659207	12.259128131714242	14.168969950322046	12.26356789514128	10.518014538911409	4.776180128260269	13.157045417755022	13.663825902120319	21.634250008699745	8.807819028039786	9.355909501587234	9.881605266257482	10.116628900174328	8.831591482151087	10.122226841730503	-192.18845959790343	0.01395921576177996	1.2559424897124989	1.1531187118921774e-20
21.90297000673231	21.61622000885064	18.337770199229755	20.247660032578256	18.34221019839516	16.596431028671567	10.813117754996608	19.235720085141523	19.74251005264283	27.712950000025536	14.885205107338015	15.433803059558626	15.959801869710743	16.194921499734757	14.9090049951925	16.200521491875403	6.092659215761778	-300.78603183435297	6.562555227916967	4.4188060723361015e-18
15.349773309646096	15.063024326390442	11.78465981385295	13.6944754567076	11.789099449649095	10.043666689673564	4.320737063822863	12.682559378434954	13.189334670521797	21.159750013675648	8.334005913406848	8.881835114244717	9.407373096834517	9.64234637863547	8.357764320226	9.647943242267182	0.7814424897124963	0.009355227916966793	-184.13914595561923	7.242996195822055e-21
65.64187	65.35512	62.07666999999999	63.98655999999999	62.081109999999995	60.33532999999999	54.55179999999999	62.974619999999994	63.48141	71.45185	58.62409999999999	59.17269999999999	59.698699999999995	59.93382	58.64789999999999	59.93941999999999	49.81759999999999	43.738899999999994	50.29209999999999	-1131.8015799999998