-2.296201238396750455e+01 9.274087985612180507e-01 1.139768537383831104e+00 1.160523711088611520e+00 1.378921651394238390e+00 1.104500481404672163e+00 1.053082762957798568e+00 1.095676399185994354e+00 1.232999016801195724e+00 1.191910558597726766e+00 1.394728004027408597e+00 1.050499982693809287e+00 1.250676283615363538e+00 1.289219129738543135e+00 1.349425216080094581e+00 9.922148085275991347e-01 1.041923986124264623e+00 1.015643734352712935e+00 1.978502308786938002e+00 1.314387012645483743e+00
1.076283798561218363e+00 -2.465783835101278854e+01 1.222658707237846976e+00 1.244341937283068855e+00 1.471753466165120594e+00 1.185783134261624294e+00 1.131950915112328593e+00 1.176550734637185291e+00 1.319957018177434938e+00 1.277107525626147932e+00 1.488162206318627501e+00 1.129244578807501620e+00 1.338376973631856703e+00 1.378508727809222956e+00 1.441115714038428752e+00 1.068111503281318209e+00 1.120256734125970155e+00 1.092699073091552675e+00 2.090283513832078999e+00 1.404692089014251799e+00
8.721535373838306127e-01 8.061687072378471708e-01 -2.009518384538635871e+01 1.019069697967774024e+00 1.220958081360009384e+00 9.676451553024448815e-01 9.205882749669732634e-01 9.595597842123833043e-01 1.085823003777492302e+00 1.047947660356755906e+00 1.235651913720004602e+00 9.182281731374811740e-01 1.102142291628646742e+00 1.137774069908418006e+00 1.193566298760903255e+00 8.650628271223430588e-01 9.103940942676770343e-01 8.864117488220250030e-01 1.784961215904996124e+00 1.161077309548354419e+00
8.550087110886118724e-01 7.899519372830686725e-01 9.811696979677725361e-01 -1.970817302987185826e+01 1.199528730497631868e+00 9.492279786102245653e-01 9.027879740215668525e-01 9.412472338641949543e-01 1.065938515177264678e+00 1.028521100845971148e+00 1.214062584878799145e+00 9.004593224259499484e-01 1.082063961359146953e+00 1.117279594799279296e+00 1.172439255075645503e+00 8.480157588713023165e-01 8.927299945011303306e-01 8.690717514712524849e-01 1.758353087406778981e+00 1.140315839726267155e+00
6.978066513942383642e-01 6.417634661651208106e-01 8.074580813600091833e-01 8.239287304976318227e-01 -1.612789020269903872e+01 7.795797649071223301e-01 7.391869048063975933e-01 7.726263666889782167e-01 8.818084003919979263e-01 8.489255052250747058e-01 1.012930254597715907e+00 7.371659060067269342e-01 8.960102811839044668e-01 9.270880725193454408e-01 9.759361748362472833e-01 6.917657201070300799e-01 7.304608204415659056e-01 7.099672008080599728e-01 1.506018355931237451e+00 9.474635448306332197e-01
9.023084814046726798e-01 8.347161342616240542e-01 1.033068155302445223e+00 1.052550978610225396e+00 1.258502764907122096e+00 -2.077435200818855421e+01 9.518771111917614380e-01 9.917339024020902505e-01 1.120709156381893390e+00 1.082044476447078019e+00 1.273471516174949247e+00 9.494626320863630564e-01 1.137362392785342236e+00 1.173710743568502801e+00 1.230591276178123472e+00 8.950485569021003895e-01 9.414474192059292257e-01 9.169044428065155072e-01 1.831368395155622331e+00 1.197473472416196172e+00
9.487317629577984857e-01 8.787249151123283086e-01 1.083852274966973672e+00 1.103951974021566418e+00 1.315950904806397537e+00 1.049718111191761949e+00 -2.181626883762994851e+01 1.041181745706207362e+00 1.174205044708101164e+00 1.134363877721982439e+00 1.331327458694918864e+00 9.975040800004695285e-01 1.191355604921776168e+00 1.228770252283594155e+00 1.287268045644116121e+00 9.412179525834805105e-01 9.892175346493418120e-01 9.638342851266554767e-01 1.901876890633303452e+00 1.253216121899176638e+00
9.100623991859944084e-01 8.420617346371851442e-01 1.041560784212383517e+00 1.061148233864194657e+00 1.268127366688978519e+00 1.008311902402095894e+00 9.599187457062086093e-01 -2.094868372374228116e+01 1.129661960222792416e+00 1.090797559257776550e+00 1.283165511579584583e+00 9.574904743776571081e-01 1.146399657867959609e+00 1.182929170215716752e+00 1.240084656877161962e+00 9.027595167429895984e-01 9.494293146914567494e-01 9.247440878337434000e-01 1.843222633267460608e+00 1.206808014110935634e+00
7.983840168011957505e-01 7.364670181774346513e-01 9.188230037774928194e-01 9.368385151772643527e-01 1.128308400391997868e+00 8.882861563818933437e-01 8.439410447081011624e-01 8.806609602227921663e-01 -1.842534227021176463e+01 9.641440704498269731e-01 1.142294055060599556e+00 8.417191057994366510e-01 1.015463898163339262e+00 1.049258152531776567e+00 1.102254208227284371e+00 7.917221606678985779e-01 8.343451406874016207e-01 8.117857774622621037e-01 1.669264959022407124e+00 1.071381626501360707e+00
8.298855585977266136e-01 7.662075256261476897e-01 9.535376603567569109e-01 9.720111008459723090e-01 1.168015505225074691e+00 9.222114764470782378e-01 8.766898777219825911e-01 9.143865592577764545e-01 1.036734070449826461e+00 -1.913990262159688527e+01 1.182309967730125644e+00 8.744080266078460006e-01 1.052570115656037641e+00 1.087164170908784699e+00 1.141378246373805361e+00 8.230379283425114378e-01 8.668345606497082079e-01 8.436584042965721286e-01 1.719060453818323841e+00 1.109801412684831234e+00
6.878630040274086310e-01 6.324222063186276666e-01 7.964019137200045728e-01 8.127125848787990492e-01 9.871802545977180765e-01 7.687985161749494312e-01 7.288134586949186478e-01 7.619145115795843415e-01 8.700440550605993417e-01 8.374699677301260525e-01 -1.589934247194331007e+01 7.268131646072810703e-01 8.841146663610681689e-01 9.149095302110854533e-01 9.633246271546883621e-01 6.818858643571075184e-01 7.201769798079872276e-01 6.998959559737037983e-01 1.489498537164693825e+00 9.351026735229577280e-01
9.511449826938090935e-01 8.810145788075018913e-01 1.086488173137480917e+00 1.106619322425950180e+00 1.318925906006726878e+00 1.052299632086362458e+00 1.002500080000458871e+00 1.043749474377657638e+00 1.176979105799436987e+00 1.137078026607845516e+00 1.334323164607280843e+00 -2.187031308737788748e+01 1.194154978651081667e+00 1.231623871174468476e+00 1.290203868540912735e+00 9.436181892089428036e-01 9.916995934440900884e-01 9.662734029416789605e-01 1.905512262291791270e+00 1.256104474574415208e+00
7.852912836153634890e-01 7.241169736318565642e-01 9.043722916286462965e-01 9.221939613591472185e-01 1.111740281183904555e+00 8.741693927853425583e-01 8.303216049217760908e-01 8.666286578679595065e-01 9.846938981633371890e-01 9.492101156560369679e-01 1.125594666361067864e+00 8.281249786510817001e-01 -1.812767693352743237e+01 1.033454956060304131e+00 1.085933847013951459e+00 7.787078279758085086e-01 8.208352923784976163e-01 7.985364012849341941e-01 1.648390150319261060e+00 1.055360352669156176e+00
7.576541297385427365e-01 6.980687278092230219e-01 8.738240699084180996e-01 8.912295947992792122e-01 1.076638072519345402e+00 8.443377435685027743e-01 8.015562522835941728e-01 8.369781702157166325e-01 9.523081525317772522e-01 9.176241709087846754e-01 1.090209530211085243e+00 7.994138711744687154e-01 9.672749560603037811e-01 -1.749799436082022908e+01 1.051365443743362160e+00 7.512385103695461419e-01 7.923047762704251706e-01 7.705638381043490304e-01 1.603968338089538204e+00 1.021436012513966096e+00
7.168302160800946732e-01 6.596457140384287543e-01 8.285862987609031727e-01 8.453592550756454660e-01 1.024456174836248623e+00 8.001882761781237141e-01 7.590240456441160743e-01 7.931036568771617778e-01 9.042742082272841042e-01 8.708082463738053836e-01 1.037594627154690308e+00 7.569638685409126877e-01 9.187238470139522661e-01 9.503354437433618740e-01 -1.656440161358515439e+01 7.106684794718395315e-01 7.501283958431136378e-01 7.292323621746749085e-01 1.537423716138084373e+00 9.710547814127135080e-01
1.007825808527593292e+00 9.348475032813173824e-01 1.148288827122342592e+00 1.169141758871302006e+00 1.388491720107030369e+00 1.112851556902100914e+00 1.061179952583480413e+00 1.103984516742990030e+00 1.241948160667898593e+00 1.200673928342511410e+00 1.404361864357107192e+00 1.058584189208943593e+00 1.259703827975808599e+00 1.298414510369546360e+00 1.358874479471839702e+00 -2.313646724226974527e+01 1.049964922393760602e+00 1.023550522304188082e+00 1.990089458783938170e+00 1.323689734256040751e+00
9.592159861242632868e-01 8.886737341259698386e-01 1.095301094267677078e+00 1.115536994501130419e+00 1.328867820441565817e+00 1.060931419205928705e+00 1.010860534649341114e+00 1.052335314691457580e+00 1.186252140687401591e+00 1.146151560649707912e+00 1.344333979807987189e+00 1.008346593444090944e+00 1.203512292378497772e+00 1.241161776270425232e+00 1.300015395843113764e+00 9.516459223937603351e-01 -2.205098113388604375e+01 9.744307153952088685e-01 1.917649858129931273e+00 1.265758000878584255e+00
9.845177343527110603e-01 9.126980730915532636e-01 1.122900748822025285e+00 1.143460751471252701e+00 1.359956200808059901e+00 1.087970442806514892e+00 1.037059285126655128e+00 1.079232087833744025e+00 1.215274777462262534e+00 1.174557404296572516e+00 1.375634955973703999e+00 1.034502402941677168e+00 1.232795401284934034e+00 1.271002838104348998e+00 1.330701362174674829e+00 9.768135223041871651e-01 1.026012715395207886e+00 -2.261654169335189479e+01 1.955494835418874811e+00 1.295956153682936041e+00
4.138073087869382771e-01 3.767135138320791832e-01 4.878812159049960573e-01 4.991730874067790702e-01 6.224383559312374192e-01 4.688653951556223665e-01 4.415328906333035319e-01 4.641416332674607181e-01 5.391849590224071509e-01 5.163904538183237136e-01 6.316685371646936220e-01 4.401722622917910166e-01 5.490801503192609401e-01 5.708383380895379888e-01 6.053237161380845555e-01 4.097834587839381260e-01 4.356628581299311631e-01 4.219258354188747950e-01 -9.479764705468680219e+00 5.851807353734226336e-01
7.402520126454834593e-01 6.816820890142516465e-01 8.545573095483542936e-01 8.716958397262674074e-01 1.054443544830634405e+00 8.255304724161963703e-01 7.834321218991762148e-01 8.182870141109356288e-01 9.318616265013609512e-01 8.976914126848315467e-01 1.067832673522956854e+00 7.813244745744151176e-01 9.466103526691567183e-01 9.788660125139672097e-01 1.029514781412714353e+00 7.339437342560406474e-01 7.743310008785843079e-01 7.529471536829360767e-01 1.575740735373422741e+00 -1.710054436226168662e+01
