-1.654830547909499572e+01 8.861809797141783074e-01 3.501181365851127603e-01 6.550591495152821020e-01 1.635033786769624076e-02 5.150364639713299608e-01 2.874002821057493051e-01 1.691838715777487456e+00 1.542560192716128986e+00 2.456673541237924141e+00 2.410340816636344918e+00 6.591617920059428259e-01 5.887672047364022054e-01 1.150152587721133379e+00 1.306788118358982453e+00 4.726432557402950874e-01 4.249918553940486010e-01 1.132540291222302820e+00 1.683002963293831920e-03 1.875482536169892540e-05
1.123170979714178674e+00 -1.850862375963716389e+01 4.070683581045166921e-01 7.472907586229612376e-01 1.990377552358684257e-02 5.921816461314306501e-01 3.358394477576747139e-01 1.858318560467768110e+00 1.701345028493890466e+00 2.652471622834740028e+00 2.604758291217942112e+00 7.518106154910104699e-01 6.740673761399954556e-01 1.284555014447335219e+00 1.451716390340666907e+00 5.448696303050103440e-01 4.914730452964972685e-01 1.265685927029134072e+00 2.073939038771376205e-03 2.335268005427176534e-05
2.178018136585112785e+00 1.997978358104516960e+00 -3.519764658679183356e+01 1.604601378980453408e+00 7.117559544375250125e-02 1.342335726348868441e+00 8.568722242155076829e-01 3.149230319490150531e+00 2.953337222339110557e+00 4.080729147144958269e+00 4.026928498829946967e+00 1.611974577294963629e+00 1.483129881175640596e+00 2.404761359512203267e+00 2.630445595727723518e+00 1.258292520526425928e+00 1.160768816201469322e+00 2.378731510260967852e+00 8.234861593574654276e-03 1.008570164870876149e-04
1.448879149515281961e+00 1.304120758622960841e+00 5.705213789804534086e-01 -2.366084641678651579e+01 3.139532387472319247e-02 8.075702700685141178e-01 4.766559528331500428e-01 2.278935046528827169e+00 2.105692456415439118e+00 3.132725529834182066e+00 3.082289058582708741e+00 1.005535175187627583e+00 9.097781551945882672e-01 1.635665086956969994e+00 1.826125630500598396e+00 7.478255654749766945e-01 6.797343850755943606e-01 1.613981510481458770e+00 3.376941936080358683e-03 3.904072238146387696e-05
5.905790337867694362e+00 5.672353775523585995e+00 4.132715595443751333e+00 5.127015323874722696e+00 -9.750305584731246711e+01 4.726129573956892926e+00 3.849792327970872563e+00 7.058673065391073642e+00 6.836816894084841501e+00 8.070539358198306701e+00 8.013539153354495070e+00 5.137785542002838213e+00 4.945885366809116945e+00 6.188935188036079893e+00 6.460977817860596772e+00 4.589076177889017671e+00 4.423604165712840874e+00 6.156971101703438976e+00 2.026373270607055022e-01 3.817754571600838302e-03
1.722096463971329650e+00 1.562251646131430416e+00 7.214957263488681605e-01 1.220810270068514392e+00 4.374957395689414025e-02 -2.797345691820899560e+01 6.087829404710848324e-01 2.614550636324760369e+00 2.431061787932925267e+00 3.504271695360009709e+00 3.452252319312399287e+00 1.227102014735804270e+00 1.117801155424247073e+00 1.926205741320103693e+00 2.132153870970624698e+00 9.305463976363120837e-01 8.508088297324433169e-01 1.902625373291850774e+00 4.833378562826762780e-03 5.709665657042014002e-05
2.416670282105748857e+00 2.228119447757674010e+00 1.158242224215507488e+00 1.812105952833149791e+00 8.962232797087309188e-02 1.530992940471084696e+00 -3.900514296645613399e+01 3.419479932232906361e+00 3.218784344724089586e+00 4.366626129675015733e+00 4.312176233935355540e+00 1.819961516688849201e+00 1.682326872564135378e+00 2.652757362543996855e+00 2.886418490904811840e+00 1.440149318522743860e+00 1.334215163203134269e+00 2.625726332756859183e+00 1.063528787368450690e-02 1.328054765116796695e-04
5.287127157774871300e-01 4.582025604677678610e-01 1.582043194901506800e-01 3.219890465288274828e-01 6.107065391074096780e-03 2.443646363247605757e-01 1.270839322329067878e-01 -8.879455489949123148e+00 8.925744604442382713e-01 1.592207855689426799e+00 1.554541132654293056e+00 3.243213536096924421e-01 2.847535332375729089e-01 6.249677823165445956e-01 7.291028641726446935e-01 2.216494895813316268e-01 1.965760895704794231e-01 6.134927074531548730e-01 5.975784772439484381e-04 6.366529525525556208e-06
6.025771927161288621e-01 5.243720284938904186e-01 1.854542223391100753e-01 3.718894564154390237e-01 7.393894084841878128e-03 2.840187879329253429e-01 1.495313447240895488e-01 1.115717460444238140e+00 -1.010938681387523985e+01 1.743981275263782882e+00 1.704429385471297520e+00 3.745177213778664305e-01 3.298376485469247110e-01 7.086458688454219113e-01 8.225949686463464028e-01 2.581480911928596411e-01 2.294998242510219721e-01 6.960400162003259616e-01 7.297899956591850923e-04 7.836933068973569059e-06
2.781035412379239680e-01 2.369116228347397379e-01 7.425914714495784885e-02 1.603355298341824497e-01 2.529358198306643889e-03 1.186416953600098606e-01 5.878612967501635478e-02 5.767638556894267854e-01 5.053942752637826663e-01 -4.551161860343057697e+00 9.717069716141619740e-01 1.616112478134257846e-01 1.401468738458059304e-01 3.359137807015558641e-01 4.003908889527409976e-01 1.067358353533261472e-01 9.375990262733042979e-02 3.289296053152819810e-01 2.391327947841048491e-04 2.466086298875267143e-06
2.889008166363445929e-01 2.463282912179418083e-01 7.758849882994700575e-02 1.670290585827086949e-01 2.659153354496447859e-03 1.237523193123993559e-01 6.146623393535582264e-02 5.962271326542929462e-01 5.229723854712973186e-01 1.028836971614162099e+00 -4.744633544438497275e+00 1.683519990552138912e-01 1.460837945822131001e-01 3.485620713565069639e-01 4.149962311394839176e-01 1.113792494943337680e-01 9.788557778969748935e-02 3.413593159308266345e-01 2.518419282448283226e-04 2.601553029587999659e-06
1.441931792005942459e+00 1.297590615491009958e+00 5.668445772949631811e-01 9.944851751876219170e-01 3.111554200283898897e-02 8.028120147358041025e-01 4.734615166888494486e-01 2.270217353609692346e+00 2.097270721377866298e+00 3.122951247813425368e+00 3.072561999055213988e+00 -2.355118519391696807e+01 9.046058530046573454e-01 1.628233651249643810e+00 1.818256727052184551e+00 7.433231016101079502e-01 6.755367302411539043e-01 1.606603344298966896e+00 3.344585884462779671e-03 3.864531255954602824e-05
1.568807204736401895e+00 1.417117376139994889e+00 6.352698811756402053e-01 1.095998155194587653e+00 3.648536680911674407e-02 8.907811554242467400e-01 5.330968725641355155e-01 2.427919533237572924e+00 2.249860648546924580e+00 3.298756873845805959e+00 3.247563794582212893e+00 1.101875853004657291e+00 -2.555352349784653399e+01 1.763596052662955049e+00 1.961252069941434417e+00 8.266894575135438350e-01 7.534023632183214358e-01 1.741033895900529149e+00 3.970601527869672270e-03 4.634182058657881892e-05
8.635215877211328550e-01 7.609340144473348833e-01 2.902303595122027735e-01 5.552140869569698323e-01 1.286418803608029363e-02 4.325147413201037017e-01 2.368563625439967513e-01 1.501462782316544287e+00 1.361997868845421955e+00 2.227852780701555790e+00 2.183371071356507098e+00 5.588326512496439857e-01 4.969250526629552245e-01 -1.436165348108207596e+01 1.143632083375900832e+00 3.956933845839380459e-01 3.545020793284903715e-01 9.839280362452597073e-01 1.305969689611830237e-03 1.438018842487447800e-05
7.454541183589823428e-01 6.533923903406668732e-01 2.412115957277236322e-01 4.709716305005982595e-01 1.020381786059762312e-02 3.637598709706244549e-01 1.958144909048122329e-01 1.330894864172644576e+00 1.201243968646345861e+00 2.017626888952741115e+00 1.975102231139483910e+00 4.741527270521845860e-01 4.198780699414343953e-01 8.689290833759009125e-01 -1.245216273459828038e+01 3.318500921621955757e-01 2.963102565097224250e-01 8.543323448005526455e-01 1.023149218143731701e-03 1.114396292638407939e-05
1.821983255740294849e+00 1.657219630305009961e+00 7.797325205264256098e-01 1.303345565474976597e+00 4.897617788901868080e-02 1.072826397636312823e+00 6.602193185227439587e-01 2.734115489581331548e+00 2.547471091192859305e+00 3.634645835353325971e+00 3.582159249494333508e+00 1.309893101610108079e+00 1.195989457513543686e+00 2.031664384583937721e+00 2.242524092162195615e+00 -2.955195459667582369e+01 9.161813315828469806e-01 2.007477934817420984e+00 5.464698715190397828e-03 6.506397394927456595e-05
1.946931855394048450e+00 1.776423045296497083e+00 8.548088162014689795e-01 1.407854385075594683e+00 5.610416571284115861e-02 1.165688829732443477e+00 7.268851632031345655e-01 2.881642089570479293e+00 2.691422824251021417e+00 3.794269902627330548e+00 3.741265577789697261e+00 1.414706730241154009e+00 1.295302363218321595e+00 2.163073079328490245e+00 2.379584256509722717e+00 1.088781331582846956e+00 -3.152934609121212972e+01 2.138186423992923135e+00 6.339029633614747840e-03 7.622185049871538719e-05
8.782272912223026973e-01 7.743829270291341382e-01 2.965185102609678713e-01 5.658485104814590105e-01 1.321810170343978678e-02 4.412523732918510189e-01 2.421433327568594807e-01 1.522305707453154966e+00 1.381710016200325963e+00 2.253186605315282254e+00 2.208486315930827004e+00 5.695203442989672515e-01 5.066808959005292268e-01 1.016246036245255446e+00 1.161353344800553078e+00 4.038249348174212106e-01 3.619334239929231090e-01 -1.459819741758954414e+01 1.343928221937119817e-03 1.481766635480101296e-05
8.532773002963292441e+00 8.296173939038771650e+00 6.711424861593573432e+00 7.740646941936080161e+00 2.844287327060705639e+00 7.328863378562826547e+00 6.412455287873684462e+00 9.694813578477242899e+00 9.471802789995658500e+00 1.070989913279478500e+01 1.065278184192824362e+01 7.751664585884462610e+00 7.555020601527870028e+00 8.819026969689611306e+00 9.093447149218143011e+00 7.187214698715189698e+00 7.015489029633614315e+00 8.786746928221935704e+00 -1.446397145026228941e+02 3.518245750719027620e-02
1.348570875482536024e+01 1.324872335268005408e+01 1.165789085701648631e+01 1.269190904072238268e+01 7.600067754571601775e+00 1.227868709665657043e+01 1.135655280547651280e+01 1.464882236652952585e+01 1.442568083693306846e+01 1.566426246608629924e+01 1.560713260155302962e+01 1.270295864531255958e+01 1.250569634182058820e+01 1.377233538018842474e+01 1.404703514396292618e+01 1.213641506397394920e+01 1.196382622185049982e+01 1.374001781766635411e+01 4.989782457507191182e+00 -2.385235050053333623e+02
