-2.114894549686291469e+01 1.092905243136391480e+00 5.713320627393613238e-01 6.713496721541327705e-01 6.979491343168148232e-01 4.217820586759420398e-01 1.704795492083395481e-01 3.643676483176858216e+00 6.346825738171395503e-01 2.675584394082207051e+00 4.273150435008079562e+00 6.106952365946123340e-01 1.664025644779092983e-01 6.568315194259944922e-01 5.000617756690722837e-01 4.359054298067158162e-01 1.122027772149445601e+00 2.319028934500342309e+00 3.869093437186694323e-02 4.464097235516871209e-01
9.125152431363915406e-01 -1.962989188494542603e+01 5.135035632493638591e-01 6.058358832354792112e-01 6.304770314679798426e-01 3.764892194244526258e-01 1.497761478829491011e-01 3.478478901499259202e+00 5.719260348791134208e-01 2.525537871651696520e+00 4.102266089421153339e+00 5.497797002124696908e-01 1.461441477824681201e-01 5.924013430930858970e-01 4.480412200477587037e-01 3.893702868185243693e-01 1.027487326965528469e+00 2.177437399733376022e+00 3.346554500384337633e-02 3.989589294405367914e-01
1.602983062739361309e+00 1.725544563249364005e+00 -3.139743351639445734e+01 1.147294511693426111e+00 1.185691579893641379e+00 7.697187551261649441e-01 3.440587855678489126e-01 4.617226133714492420e+00 1.093847903370361418e+00 3.585801642753515317e+00 5.269231855435407397e+00 1.058544734094917228e+00 3.365836125289681235e-01 1.126205703022697513e+00 8.919117990370116766e-01 7.920579039446566938e-01 1.763490988979576457e+00 3.192003720744959416e+00 8.665017888423810766e-02 8.085860816138464857e-01
1.421592672154132542e+00 1.536468883235478922e+00 8.658865116934255646e-01 -2.833412773770618287e+01 1.035149930527194062e+00 6.587514105977564371e-01 2.860478373082419035e-01 4.347668975816984194e+00 9.512005801170257957e-01 3.329987238736319632e+00 4.994964673827383628e+00 9.190506198765976409e-01 2.796492694791435363e-01 9.807269307874636466e-01 7.682529154971564633e-01 6.786974246631420904e-01 1.572148630386916324e+00 2.944563248150670276e+00 6.984355405261512273e-02 6.934764307985363807e-01
1.378697134316814621e+00 1.491615031467979913e+00 8.347885798936411916e-01 9.656549305271936445e-01 -2.760873194176739887e+01 6.332783868534991312e-01 2.730696608017204596e-01 4.281496683719201890e+00 9.180039999115306992e-01 3.267580973384347054e+00 4.927483455342739127e+00 8.866310410436250011e-01 2.669194761997796816e-01 9.468310721500150517e-01 7.397077730413091912e-01 6.526473736376992019e-01 1.526714943569378757e+00 2.884420676976488185e+00 6.618678910534303572e-02 6.670039598250921964e-01
1.955898058675942242e+00 2.090995219424452767e+00 1.272183755126164995e+00 1.442624410597756590e+00 1.486646386853499369e+00 -3.736580238613304772e+01 4.717387171050596018e-01 5.103841661277256136e+00 1.381074921557237767e+00 4.053163086247821845e+00 5.762259960912769152e+00 1.340238165998833608e+00 4.620671156021694537e-01 1.418377074856670195e+00 1.145371970417321750e+00 1.026748319750556471e+00 2.132608024698869009e+00 3.647301250680799800e+00 1.261765065093218563e-01 1.046487779840547638e+00
3.057079549208339575e+00 3.216766147882949234e+00 2.199007785567848927e+00 2.422404837308242076e+00 2.478921660801720606e+00 1.824222717105059566e+00 -5.639669239111686494e+01 6.434754827604233895e+00 2.342601957429247594e+00 5.355650932188669167e+00 7.102171818048960361e+00 2.289124508231775934e+00 9.831358786947689277e-01 2.391078208477601219e+00 2.027466012124522710e+00 1.862200858644827983e+00 3.265451273747958183e+00 4.931075472060241438e+00 3.235253093376463940e-01 1.890052636652251872e+00
1.059564831768581433e-01 1.211489014992591512e-01 4.785513371449243158e-02 5.970597581698521006e-02 6.302868371920256063e-02 3.200566127725643084e-02 1.043482760423440452e-02 -3.198530117610601575e+00 5.524388210860091408e-02 5.506006621690548997e-01 1.373333467694247467e+00 5.239857004233824250e-02 1.013952239437501679e-02 5.792288659315186078e-02 4.002392255349145750e-02 3.340728857843085903e-02 1.261110140481642161e-01 4.228175037375870304e-01 1.933120197292414588e-03 3.446261068557833485e-02
1.484165573817139316e+00 1.601799034879113348e+00 9.116799033703613109e-01 1.050440580117025346e+00 1.086738999911530668e+00 6.964419215572377198e-01 3.054849574292473058e-01 4.442446882108600725e+00 -2.939136525015180013e+01 3.419649469377753714e+00 5.091508198438321031e+00 9.667381656549888236e-01 2.987196641526307928e-01 1.030525927818179754e+00 8.103772904193979887e-01 7.172222890772159687e-01 1.638293625566229927e+00 3.031129577650426121e+00 7.539155275382346255e-02 7.326116360525752880e-01
2.324843940822071131e-01 2.628278716516963542e-01 1.110506427535148805e-01 1.366442387363196731e-01 1.437329733843470403e-01 7.594708624782156581e-02 2.595093218866978760e-02 1.645220662169055048e+00 1.270664693777535104e-01 -6.500726655026360490e+00 2.130770195389975363e+00 1.209227313299127554e-01 2.524099157494150841e-02 1.328250509573268012e-01 9.384376241267033958e-02 7.909761371475916569e-02 2.726345909114750721e-01 7.979796135835618420e-01 5.023505967939906336e-03 8.146332859241225965e-02
6.346043500807957427e-02 7.296608942115319352e-02 2.789085543540748349e-02 3.503167382738465313e-02 3.704545534273922386e-02 1.845396091276932729e-02 5.881818048960890492e-03 7.013634676942476220e-01 3.233519843832111801e-02 3.641801953899752031e-01 -1.842197545752363386e+00 3.062060594267945052e-02 5.712671843930698656e-03 3.395304461462495677e-02 2.321058512213516195e-02 1.928267314871770846e-02 7.608689634211258934e-02 2.737481422890695737e-01 1.066348608454409635e-03 1.990742832160059816e-02
1.527456236594612271e+00 1.646930700212469789e+00 9.436547340949159590e-01 1.085568619876597918e+00 1.122644041043624696e+00 7.228831659988333991e-01 3.192855082317753723e-01 4.506879570042337413e+00 1.034016165654986885e+00 3.480783731329912811e+00 5.157071605942679327e+00 -3.012239239460159368e+01 3.122635617230332117e-01 1.065219518376521846e+00 8.398521473003400795e-01 7.442354455359724286e-01 1.683968346242450176e+00 3.090254517594338335e+00 7.938193590992673188e-02 7.600428428962622274e-01
3.086922564477909248e+00 3.247054147782468370e+00 2.225452612528968199e+00 2.449926269479143937e+00 2.506691476199780055e+00 1.848471115602169590e+00 1.017055878694766990e+00 6.468379522394374526e+00 2.369756664152631309e+00 5.388860991574941472e+00 7.135922671843930587e+00 2.316022561723033668e+00 -5.692399490799008532e+01 2.418457957086079801e+00 2.052971300489243145e+00 1.886696824140989159e+00 3.295865644794631066e+00 4.964002036968623521e+00 3.307583289404468774e-01 1.914726339115953913e+00
1.445871519425994345e+00 1.561831343093086133e+00 8.835947030226976029e-01 1.019523930787461063e+00 1.055123072150014885e+00 6.733010748566703452e-01 2.935182084776008504e-01 4.384682886593152418e+00 9.700829278181785087e-01 3.364965050957327009e+00 5.032683044614625345e+00 9.374985183765228713e-01 2.869779570860794826e-01 -2.874445352383659014e+01 7.845297404246344142e-01 6.935718837980383578e-01 1.597831543953198263e+00 2.978311787430828694e+00 7.196578500569270065e-02 7.085885459647860429e-01
1.756287775669072015e+00 1.884657220047758486e+00 1.116486799037010869e+00 1.274235915497156535e+00 1.315185773041309014e+00 8.674819704173217794e-01 3.970920121245226642e-01 4.833969922553492005e+00 1.217120290419397843e+00 3.793169762412670121e+00 5.489126585122135360e+00 1.179317147300340096e+00 3.886773004892426497e-01 1.251715740424634182e+00 -3.398654864903931383e+01 8.917790300108604518e-01 1.924307153562432982e+00 3.393549233512434871e+00 1.026540094232435418e-01 9.097350079742856366e-01
1.916993429806715499e+00 2.050848286818524269e+00 1.241494903944656336e+00 1.409542424663142279e+00 1.452987373637699031e+00 9.737203197505561736e-01 4.566888586448278331e-01 5.052215288578430830e+00 1.348827289077215719e+00 4.003285613714758995e+00 5.710060673148717569e+00 1.308562445535972341e+00 4.472648241409886705e-01 1.385619883798038243e+00 1.116641030010860458e+00 -3.670613023526625796e+01 2.092099492576500630e+00 3.598537215663840438e+00 1.213420429470642159e-01 1.019398838807745955e+00
8.871577721494452451e-01 9.730073269655286072e-01 4.969699889795763381e-01 5.870356303869165293e-01 6.110969435693789364e-01 3.636220246988686733e-01 1.439812737479577442e-01 3.428961014048164557e+00 5.539406255662299161e-01 2.480864590911474821e+00 4.050906896342112873e+00 5.323373462424503266e-01 1.404756447946305942e-01 5.739215439531980545e-01 4.332111535624329490e-01 3.761414925765008688e-01 -1.918655376323058803e+01 2.135435179293305730e+00 3.202394963833128660e-02 3.854633658040808042e-01
3.114889345003421517e-01 3.502873997333758593e-01 1.528127207449589964e-01 1.867802481506704304e-01 1.961326769764882294e-01 1.056452506807995378e-01 3.693547206024073298e-02 1.952997503737587293e+00 1.741065776504260587e-01 1.233539613583561678e+00 2.475898142289069792e+00 1.659535175943385177e-01 3.594203696862370567e-02 1.817317874308288783e-01 1.297832335124348424e-01 1.099092156638409312e-01 3.627651792933058728e-01 -8.283119837971836930e+00 7.303582821812632138e-03 1.131067445791311687e-01
4.874950934371866218e+00 5.050115545003843742e+00 3.891259178884237890e+00 4.155860554052615008e+00 4.221698789105342797e+00 3.428320506509321408e+00 2.273185309337646398e+00 8.375913120197292727e+00 4.062168552753823825e+00 7.284383505967939598e+00 9.047016348608453384e+00 3.998880935909926659e+00 2.246498328940446321e+00 4.119185785005692324e+00 3.682688009423243702e+00 3.476514042947064009e+00 5.103153949638331355e+00 6.851103582821812310e+00 -8.965455247354864809e+01 3.511655494069761740e+00
1.888947723551686941e+00 2.021886929440536829e+00 1.219473081613846377e+00 1.385771430798536263e+00 1.428793959825092053e+00 9.549097798405477011e-01 4.459906366522514709e-01 5.014720610685579061e+00 1.325666636052575287e+00 3.967101328592412379e+00 5.672135428321600337e+00 1.285819842896262610e+00 4.367443391159537835e-01 1.362086545964786177e+00 1.096047007974285004e+00 9.808488388077447606e-01 2.062871365804081147e+00 3.563184744579130925e+00 1.179334940697616546e-01 -3.623093372458667005e+01
