-2.398240034461448644e+01 1.057088164113388684e+00 8.639106772567919368e-01 1.113855158254312361e+00 1.906747862386152903e+00 7.387460359314401703e-01 9.956079489257778636e-01 1.556815502857481492e+00 1.919994609592151180e+00 1.932332721529371078e+00 1.644590531761587648e+00 9.807140989556852873e-01 5.270489417082296901e-01 1.694181290774501747e+00 1.440820735703739919e+00 7.399893797093177739e-01 9.913903514065627309e-01 1.205260401844591378e+00 1.068563266382996702e+00 1.604742665520407341e+00
9.450051641133885294e-01 -2.274562449811830689e+01 8.142289824219391958e-01 1.054759965880690098e+00 1.825983055795569632e+00 6.943884607989261326e-01 9.407773680950809458e-01 1.484305356613501825e+00 1.838951493987556862e+00 1.851032461627023507e+00 1.569836946739405104e+00 9.264439985262833410e-01 4.927941772152652500e-01 1.618213646121266391e+00 1.371470854286875207e+00 6.955767003164591289e-01 9.367179396498741539e-01 1.143082133082854890e+00 1.011063501848249668e+00 1.530992290998095084e+00
1.149681677256792156e+00 1.212082982421939459e+00 -2.731216553437535310e+01 1.273921952874558228e+00 2.120212578908266643e+00 8.610582365502374991e-01 1.144871724166740545e+00 1.750233270941733199e+00 2.134128832731419401e+00 2.147085162834359018e+00 1.843492652804690657e+00 1.128550785151699820e+00 6.227692217517533102e-01 1.896040157093537681e+00 1.626467578192847707e+00 8.624449904153113078e-01 1.140251570692059069e+00 1.373076530320013644e+00 1.224600004439663437e+00 1.801195624827733210e+00
8.941811582543124359e-01 9.471689658806893286e-01 7.684769528745583056e-01 -2.159549692385708042e+01 1.750098615808035607e+00 6.536870985840221859e-01 8.901106368292536208e-01 1.416533757094939672e+00 1.762792046798409507e+00 1.774618832907130628e+00 1.499868717806598140e+00 8.763137000368934615e-01 4.615885627888563492e-01 1.547054146169649647e+00 1.306783377692341430e+00 6.548232272743318427e-01 8.862026269440917980e-01 1.085350154987296589e+00 9.578372545534454829e-01 1.462007090572225776e+00
4.397108623861525900e-01 4.710290557955697510e-01 3.674045789082662772e-01 5.027356158080356074e-01 -1.089936426264895530e+01 3.039233467538752231e-01 4.373252583632591950e-01 7.685573346214418233e-01 1.009107481982279841e+00 1.017612197944425256e+00 8.249139555212620101e-01 4.292610056637115590e-01 2.035147014685534383e-01 8.572659702767330137e-01 6.958978206621647677e-01 3.045393101245239542e-01 4.350376379347808964e-01 5.549502015599153681e-01 4.773932319471992369e-01 7.991846949268055500e-01
1.316599035931440120e+00 1.384324460798926237e+00 1.153140236550237452e+00 1.451214098584022283e+00 2.348813346753875209e+00 -3.097147502983697365e+01 1.311368865862203803e+00 1.959970840502146316e+00 2.363351172405906642e+00 2.376880970157118966e+00 2.058438776299774453e+00 1.293611331971640466e+00 7.336118532556815675e-01 2.113779387832607437e+00 1.828763552717713514e+00 1.001535785408219636e+00 1.306343725803375211e+00 1.558025839342674468e+00 1.397881553485530670e+00 2.013820196173876198e+00
1.004404948925767149e+00 1.061657368095080267e+00 8.678977241667408249e-01 1.118581636829254045e+00 1.913159258363259285e+00 7.423128658622039078e-01 -2.408113214841729999e+01 1.562587933337219459e+00 1.926427484956044767e+00 1.938785439071150529e+00 1.650536976116547150e+00 9.850621289274545944e-01 5.298143014207443713e-01 1.700221794341006065e+00 1.446347593907791440e+00 7.435605663638001905e-01 9.957699812248577143e-01 1.210228077975567418e+00 1.073164740825989449e+00 1.610611327706821250e+00
5.950305028574812694e-01 6.346033566135016457e-01 5.026772709417327567e-01 6.744227570949397066e-01 1.273809334621441636e+00 4.203328405021461989e-01 5.920059333372192922e-01 -1.465529163580138317e+01 1.284432443602813168e+00 1.294342966501029979e+00 1.067400424564419525e+00 5.817708070606575355e-01 2.872209685248694466e-01 1.105869846880725760e+00 9.123296189047718219e-01 4.211380470319570080e-01 5.891042100550133442e-01 7.394934800281275367e-01 6.426152596402526784e-01 1.036691567038281914e+00
4.347976095921510797e-01 4.658374939875569720e-01 3.631608327314193585e-01 4.972690467984097751e-01 9.909474819822773339e-01 3.003011724059067022e-01 4.324334849560448890e-01 7.610204436028131791e-01 -1.077830919269516130e+01 1.008453688187774144e+00 8.169858270007661627e-01 4.244421396357069831e-01 2.009500814717200823e-01 8.491199650405046873e-01 6.888883923874045134e-01 3.009109410891747105e-01 4.301664995040181960e-01 5.490448508916661030e-01 4.721459343228394112e-01 7.914333071070067671e-01
4.302757215293708803e-01 4.610584616270233527e-01 3.592571628343587675e-01 4.922358329071305216e-01 9.825921979444270926e-01 2.969709701571191518e-01 4.279314390711503879e-01 7.540709665010297824e-01 9.915936881877800424e-01 -1.066676026860299942e+01 8.096736978672344209e-01 4.200074399233718059e-01 1.985944414338329800e-01 8.416058065369339536e-01 6.824275765251289760e-01 2.975750259529643671e-01 4.256835152403093403e-01 5.436059046966928987e-01 4.673153939221014186e-01 7.842850257450426632e-01
5.509035317615872396e-01 5.882329467394049605e-01 4.640346528046906949e-01 6.258557178065980997e-01 1.198263955521261748e+00 3.868987762997745383e-01 5.480529761165472413e-01 9.354984245644192287e-01 1.208495827000766409e+00 1.218043697867234432e+00 -1.360111158220427185e+01 5.384094441082883931e-01 2.629342104912583689e-01 1.036869781794135248e+00 8.517910169543725374e-01 3.876514904610989798e-01 5.453185442611054867e-01 6.874620724039901543e-01 5.957980520291061843e-01 9.705964632186294683e-01
1.019537098955683563e+00 1.077349998526283104e+00 8.816027851516998748e-01 1.134810700036892994e+00 1.935121005663711369e+00 7.545813319716405676e-01 1.015088128927451816e+00 1.582378807060657477e+00 1.948462139635706913e+00 1.960887439923371778e+00 1.670919444108288188e+00 -2.441994004717332345e+01 5.393382497396390640e-01 1.720923916064251102e+00 1.465303115289730673e+00 7.558439350860495232e-01 1.010815714276571908e+00 1.227279383890361508e+00 1.088967457699545172e+00 1.630729395165787743e+00
1.695471941708229791e+00 1.773300177215265450e+00 1.505421221751753080e+00 1.849685562788856430e+00 2.838974701468553352e+00 1.324181853255681718e+00 1.689440301420744195e+00 2.417428968524869770e+00 2.854570081471720311e+00 2.869074441433832945e+00 2.525044210491258045e+00 1.668938249739639224e+00 -3.911535234691355356e+01 2.585253387873472253e+00 2.272998383935084465e+00 1.326016316963251729e+00 1.683642172122696401e+00 1.970731174858066037e+00 1.788819700381510724e+00 2.476359499509062090e+00
5.276392907745014460e-01 5.637546461212661342e-01 4.437271570935374942e-01 6.001861461696497146e-01 1.157760970276733303e+00 3.693843878326074637e-01 5.248827943410060426e-01 9.011128468807256819e-01 1.167774965040504487e+00 1.177120806536933850e+00 9.640147817941359110e-01 5.155589160642509716e-01 2.502883878734725731e-01 -1.304145756489315744e+01 8.195853073598856620e-01 3.701090267635699371e-01 5.222387730386605087e-01 6.599086319904110542e-01 5.710776484204101999e-01 9.353320805208955591e-01
6.598207357037397802e-01 7.025538542868751124e-01 5.596965781928476824e-01 7.454573776923413275e-01 1.381934820662164665e+00 4.699105527177133701e-01 6.565505939077913578e-01 1.093114618904772462e+00 1.393085392387404475e+00 1.403484576525128924e+00 1.164478016954372697e+00 6.454801152897304828e-01 3.235753839350841154e-01 1.205127307359885380e+00 -1.618702623560329101e+01 4.707910642227652875e-01 6.534127246056439242e-01 8.153719410690174474e-01 7.111938861672257861e-01 1.131986695018786682e+00
1.314772379709317596e+00 1.382442700316458994e+00 1.151456990415311354e+00 1.449280227274331923e+00 2.346359310124523923e+00 9.984657854082152895e-01 1.309546566363799958e+00 1.957706047031956720e+00 2.360890941089174966e+00 2.374415025952964164e+00 2.056121490461098933e+00 1.291803935086049515e+00 7.323763169632515613e-01 2.111434026763569616e+00 1.826574064222765026e+00 -3.093170003597268192e+01 1.304525626161876284e+00 1.556013268582102427e+00 1.395989048950692979e+00 2.011526285095219357e+00
1.008659351406562932e+00 1.066069939649875176e+00 8.717495706920587173e-01 1.123145626944091591e+00 1.919343637934781022e+00 7.457597258033753507e-01 1.004241981224849756e+00 1.568158210055013324e+00 1.932632499504018275e+00 1.945009515240309517e+00 1.656274544261105541e+00 9.892617142765730565e-01 5.324881721226960574e-01 1.706049773038660566e+00 1.451681724605644153e+00 7.470116261618763298e-01 -2.417644434961421140e+01 1.215024230161694030e+00 1.077608383558773752e+00 1.616274122972252592e+00
8.194824018445908687e-01 8.693871330828548682e-01 7.015275303200136925e-01 9.192461549872966708e-01 1.636209201559915227e+00 5.943948393426742305e-01 8.156530779755675198e-01 1.315500480028127583e+00 1.648463850891666027e+00 1.659884904696692809e+00 1.395371072403990054e+00 8.026783838903617241e-01 4.165301748580658714e-01 1.440672631990411068e+00 1.210593941069017410e+00 5.954522685821026506e-01 8.119772301616936527e-01 -1.989153378691539231e+01 8.794472067396661430e-01 1.359061302490685019e+00
9.344342663829966478e-01 9.890175018482481040e-01 8.047000044396631635e-01 1.043382254553444799e+00 1.810301231947199385e+00 6.858995534855306664e-01 9.302387408259894519e-01 1.470271259640252515e+00 1.823213934322839291e+00 1.835243393922101562e+00 1.555356052029106095e+00 9.160154576995448439e-01 4.862677003815105148e-01 1.603490648420410114e+00 1.358064886167225760e+00 6.870770489506933254e-01 9.262103835587740530e-01 1.131096206739666377e+00 -2.250699181116720027e+01 1.516711285851999103e+00
5.704506655204070187e-01 6.087832909980952500e-01 4.811326248277330575e-01 6.473890905722257116e-01 1.231929694926805707e+00 4.016751961738763699e-01 5.675223277068212058e-01 9.641845670382825917e-01 1.242338307107006878e+00 1.252050025745042872e+00 1.029991463218627556e+00 5.576143951657877018e-01 2.736444995090620003e-01 1.067582080520895760e+00 8.786946950187869421e-01 4.024512850952196574e-01 5.647131229722526236e-01 7.105473024906848734e-01 6.165482858519992782e-01 -1.406924292045961344e+01
