-28.41267370365883	1.166284865227011	1.5247339578796753	1.5133014342611943	1.427090748589024	0.5913470219006602	1.68338098329572	1.814885085607018	1.4686947273409239	1.3767550700854683	1.518416850539324	1.4791338914780638	1.636851085070938	1.6518756061926048	2.1213865307220465	1.6284627117940087	1.4015783942706854	1.618530326401678	1.6528505032932213	1.1371139097095673
0.8503258652270111	-24.607386824114474	1.3277882815773743	1.3172360451921534	1.237859897146181	0.4904309616624847	1.4748189978178456	1.5974944570618768	1.2761218469356461	1.191679821605754	1.321956841327539	1.2857353410690167	1.4315829326592338	1.4455338565556959	1.8859369165437208	1.4237981617185218	1.2144382333338883	1.4145843974231476	1.4464394230904907	0.973624546166892
0.6121719578796755	0.7311852815773742	-18.28832793471847	0.9911860483976296	0.9252127501828487	0.33741513594438827	1.1238292009834037	1.2285339667156756	0.9569413366842344	0.8871024621222653	0.995127938120729	0.9649346931781696	1.0872222771725286	1.099016918975563	1.47925365691783	1.0806479488034608	0.9058584494428862	1.0728735310708584	1.0997830906770205	0.7100312898719285
0.6184194342611946	0.7383130451921535	1.0088660483976266	-18.45904667919428	0.9336267836096027	0.34130231667405525	1.1333956952910051	1.2386495833171551	0.9655499242140911	0.8952772091648165	1.0039652271945412	0.9735916408082573	1.096587668439534	1.108447637918502	1.4905412170490195	1.089976704115428	0.9141517362553512	1.082158756069954	1.1092180356290122	0.7170080155929808
0.6680287485890241	0.794756897146181	1.0787127501828477	1.0694467836096024	-19.804314868984076	0.3724205407158912	1.208608814301409	1.3180560940945267	1.033419184481162	0.9598083237710222	1.0735911730294687	1.0418325356514782	1.1702620522486042	1.1826220515850483	1.5788570381316218	1.1633705952702944	0.9795956950492525	1.1552193003674025	1.1834247900784685	0.7722815006807744
1.5638500219006604	1.7788929616624847	2.2224801359443878	2.2086873166740553	2.103985540715891	-41.95553813094523	2.4118235644524386	2.5661052148297405	2.154668323739425	2.042261771481831	2.2148614189691096	2.1673395868267793	2.356674116156632	2.374515410593901	2.9177392001904336	2.3466989756452636	2.07275762247275	2.3348745359064327	2.3756719656691776	1.7416504471138392
0.5326089832957204	0.6400059978178456	0.8856192009834037	0.8775056952910051	0.8168988143014089	0.28854856445243876	-16.086669705442105	1.0972570936145731	0.8460190425532041	0.7819905845086367	0.8811338498178768	0.8533633600135475	0.9661116754500287	0.9770237116206328	1.3319603240235183	0.9600320952086248	0.7991611374059346	0.9528453249786218	0.9777327707788175	0.6208514793262652
0.4755230856070182	0.5740914570618766	0.8017339667156756	0.7941695833171554	0.7377560940945265	0.2542402148297408	0.908667093614574	-14.472771795868752	0.7648411329553517	0.7053385063297762	0.7975518327132939	0.771678147064	0.8769294466097513	0.887143944418888	1.221799679672286	0.8712405850543656	0.7212769396895362	0.8645176294396598	0.8878078437589555	0.5564646129223184
0.643522727340924	0.766908846935646	1.0443313366842346	1.0352599242140914	0.967309184481163	0.356993323739425	1.171619042553204	1.2790311329553519	-19.142039890288462	0.9280148211482175	1.0393171509743184	1.00823246793237	1.1340197435618278	1.1461368070431643	1.5355169816416185	1.127264578345957	0.9473574699635235	1.1192752725084558	1.1469238342977277	0.7450052439672437
0.6991830700854684	0.8300668216057534	1.122092462122265	1.1125872091648163	1.0412983237710218	0.39218677148183106	1.2551905845086364	1.3671285063297762	1.075614821148217	-20.640150931564442	1.1168388095724697	1.0842508754715547	1.2159273711008691	1.228585330757307	1.6331874949217926	1.2088687100080437	1.0203360096335508	1.200518645502755	1.229407335706646	0.8068817786716636
0.6156148505393241	0.7351138413275389	1.004887938120733	0.9960452271945441	0.9298511730294686	0.3395564189691097	1.1291038498178763	1.2341118327132938	0.9616871509743189	0.8916088095724692	-18.38244565435643	0.969707202513556	1.092385891132468	1.1042166015981252	1.4854788040942446	1.0857913356275999	0.9104302244880547	1.0779928845634406	1.1049851065820604	0.7138765114982061
0.6375418914780638	0.7601023410690164	1.035904693178171	1.026881640808256	0.9593025356514773	0.3532445868267794	1.1625433600135473	1.2694481470639998	0.9918124679323767	0.9202308754715552	1.0309172025135565	-18.979744573644226	1.1251301826413576	1.1371867654977068	1.5248557834397116	1.1184089434012394	0.939463167794915	1.1104599556362909	1.1379698809461352	0.7383401522800709
0.5546390850709376	0.6653299326592336	0.917572277172529	0.9092576684395342	0.8471120522486044	0.301959116156632	1.0346716754500276	1.1340794466097515	0.8769797435618276	0.8112873711008689	0.9129758911324679	0.8845101826413573	-16.701582339721536	1.0111662548679377	1.3734311235086714	0.9937779583747456	0.8289115285238844	0.9864220157641407	1.011891767570892	0.6456072488674922
0.547413606192605	0.6570308565556959	0.907116918975563	0.8988676379185024	0.8372220515850484	0.29755041059390086	1.0233337116206345	1.122043944418888	0.8668468070431645	0.8016953307573068	0.9025566015981246	0.8743167654977072	0.988916254867943	-16.50036626129815	1.359890057441826	0.9827404545150882	0.81917199655501	0.9754394267167484	1.0007201728000124	0.6374932556443841
0.3670445307220467	0.4475539165437208	0.63747365691783	0.6310812170490196	0.5835770381316219	0.19089420019043374	0.7283903240235182	0.8068196796722863	0.6063469816416187	0.5564174949217925	0.6339388040942444	0.612105783439712	0.7013011235086715	0.7100100574418258	-11.3135490531535	0.696454714024835	0.5697578968475052	0.6907310037583728	0.7105764150568782	0.4330742151675666
0.5587207117940088	0.6700151617185217	0.9234679488034615	0.9151167041154274	0.8526905952702942	0.30445397564526383	1.041062095208623	1.1408605850543654	0.8826945783459569	0.8166987100080436	0.9188513356275999	0.8902589434012401	1.0062479583747466	1.017460454515088	1.3810547140248348	-16.81505081433553	0.834405640045287	0.9926132779415182	1.0181889597588571	0.6501884646823923
0.6836063942706854	0.8124252333338882	1.1004484494428863	1.0910617362553516	1.0206856950492513	0.3822826224727499	1.2319611374059347	1.3426669396895363	1.0545574699635243	0.9799360096335492	1.0952602244880554	1.0630831677949149	1.1931515285238843	1.20566199655501	1.6061278968475055	1.1861756400452865	-20.223083213539255	1.177923979796654	1.2064744649879298	0.7895926269826552
0.563598326401678	0.6756113974231475	0.9305035310708577	0.9221087560699545	0.8593493003674022	0.3074395359064329	1.048685324978623	1.1489476294396597	0.8895152725084559	0.8231586455027553	0.9258628845634402	0.8971199556362908	1.0137020157641363	1.0249694267167493	1.3901410037583728	1.0074232779415155	0.840963979796654	-16.9504626585739	1.0257014857015572	0.6556609090262175
0.5469485032932212	0.6564964230904904	0.9064430906770204	0.8981980356290122	0.8365847900784684	0.29726696566917743	1.0226027707788181	1.1212678437589554	0.866193834297728	0.8010773357066456	0.9018851065820606	0.8736598809461354	0.9882017675708873	0.9992801727999411	1.3590164150568782	0.9820289597588603	0.8185444649879295	0.9747314857015549	-16.4873986243244	0.6369707779406146
0.8743779097095674	1.0268475461668904	1.3598572898719288	1.3491540155929809	1.2686075006807744	0.5064114471138392	1.5088874793262654	1.6330906129223184	1.3074412439672436	1.2217177786716635	1.3539425114982062	1.317196152280071	1.4650832488674923	1.4792192556443844	1.9246802151675666	1.4571944646823927	1.2448286269826552	1.4478569090262177	1.4801367779406145	-25.226530986113072