-1.889820156886299785e+01 8.624413747002109831e-01 1.000950300833311601e+00 1.309418409740431555e+00 1.259306293052127046e+00 6.520166762931998150e-01 4.728243863256455515e-01 1.097586590093251990e+00 8.217043127347108955e-01 1.283235258143311519e+00 2.287662053581555721e+00 7.132624615572478177e-01 9.445446100934893341e-01 1.073166836046486106e+00 9.891991682264981156e-01 6.699782457269541913e-01 6.653126948219268977e-01 9.427510112705028700e-01 9.530147462221123522e-01 8.998261394000215407e-01
1.151461374700211149e+00 -2.183679876207398962e+01 1.152502941941929482e+00 1.487555006977986150e+00 1.433507604240196409e+00 7.653235304894346891e-01 5.620274031184150365e-01 1.258101407898160051e+00 9.548666385274469093e-01 1.459332854602062746e+00 2.520849577546106612e+00 8.340382754801325405e-01 1.090569415630729955e+00 1.231475263453805757e+00 1.139618807160166059e+00 7.855129535552820563e-01 7.802717552819418145e-01 1.088596283415013355e+00 1.099884208489006809e+00 1.041303459565959821e+00
9.990503008332829449e-01 8.615829419419291924e-01 -1.887976812132943039e+01 1.308291430639799691e+00 1.258205648950742050e+00 6.513156167652188744e-01 4.722774192609109911e-01 1.096577044768934694e+00 8.208745807627987334e-01 1.282121932013980503e+00 2.286159669241963677e+00 7.125131828515988142e-01 9.436306912985853446e-01 1.072171905903593236e+00 9.882563342706243148e-01 6.692628264594318033e-01 6.646009878059042641e-01 9.418382720579527856e-01 9.520952760897930522e-01 8.989420594123834762e-01
7.436484097404314486e-01 6.327650069779859887e-01 7.444214306397998193e-01 -1.391504941647284177e+01 9.578785435631278489e-01 4.673467819616566321e-01 3.310293731386551586e-01 8.235086210364325199e-01 6.003286767026682069e-01 9.779642746026713240e-01 1.859831864375981469e+00 5.149341797498016016e-01 6.987018928221502279e-01 8.034352614439030926e-01 7.348690667069347482e-01 4.812529479101565477e-01 4.776367731197420641e-01 6.972536170732920313e-01 7.055459108884998276e-01 6.626967840189491588e-01
7.789962930521268092e-01 6.641776042401963398e-01 7.797956489507421596e-01 1.043338543563128606e+00 -1.460337297061636264e+01 4.922432662834814732e-01 3.498652709998227861e-01 8.615016476715440241e-01 6.305277835604380376e-01 1.020670489685798543e+00 1.921809271425467092e+00 5.417916611890674083e-01 7.324929639874294685e-01 8.407774926200741739e-01 7.699168267522676912e-01 5.067301752342505683e-01 5.029636048293163464e-01 7.309936741522503612e-01 7.395773284419487892e-01 6.952034239770104040e-01
1.454064676293200131e+00 1.278351530489434618e+00 1.455263616765219092e+00 1.835164781961656555e+00 1.774601266283481360e+00 -2.770648045000309168e+01 7.514487100667012198e-01 1.576201366252464098e+00 1.225432327699375046e+00 1.803571696468918795e+00 2.955210369504194912e+00 1.082356789064822689e+00 1.383755483984836943e+00 1.545819791705575152e+00 1.440424138609556870e+00 1.024276830848555031e+00 1.017980996981735498e+00 1.381469921743320839e+00 1.394538935388045520e+00 1.326547219891998752e+00
1.821535386325645600e+00 1.621718403118414864e+00 1.822888419260911164e+00 2.245510373138654980e+00 2.178886270999822461e+00 1.298111710066701452e+00 -3.484466282434871687e+01 1.958704025542369775e+00 1.560908208267347330e+00 2.210788169833896255e+00 3.441533318296685184e+00 1.394865965820848874e+00 1.741951108844701945e+00 1.924705818712941996e+00 1.806132254225440770e+00 1.326727803629210500e+00 1.319314453508050544e+00 1.739355999679779607e+00 1.754188084228939903e+00 1.676837050848358768e+00
9.083765900932523341e-01 7.798714078981601183e-01 9.092670447689344959e-01 1.200068621036432415e+00 1.152601647671544605e+00 5.849433662524642363e-01 4.207830255423699040e-01 -1.711910243009917920e+01 7.419713344906652130e-01 1.175257326468493790e+00 2.140127754971962393e+00 6.414563863263123000e-01 8.564763557141648054e-01 9.770384801621695425e-01 8.982584717067524371e-01 6.014969401359402390e-01 5.971954977560867128e-01 8.547998329293896580e-01 8.643954003994142044e-01 8.147169457746710197e-01
1.202391312734710782e+00 1.046533638527446852e+00 1.203461580762798633e+00 1.546785676702667978e+00 1.491524783560437939e+00 8.040713276993749492e-01 5.928842082673474456e-01 1.311868334490665422e+00 -2.282460220722423827e+01 1.517935254499719999e+00 2.596644671173409691e+00 8.751999945921185020e-01 1.139785961349962129e+00 1.284552668527360719e+00 1.190221001066384732e+00 8.249822953002371451e-01 8.195547835834936512e-01 1.137756121636539053e+00 1.149367439935536472e+00 1.089081152814029618e+00
7.618652581433115190e-01 6.489428546020630240e-01 7.626519320139806268e-01 1.022364274602669987e+00 9.796104896858014444e-01 4.801536964689187559e-01 3.407071698338962062e-01 8.430973264684937796e-01 6.158782544997198904e-01 -1.426984741660736056e+01 1.891907917770005332e+00 5.287548578746756878e-01 7.161118232467732492e-01 8.226863453419863692e-01 7.529303282910503325e-01 4.943600210473645951e-01 4.906661086588525733e-01 7.146371124068248148e-01 7.230803922223824065e-01 6.794412534285904082e-01
3.196720535815558706e-01 2.638395775461068737e-01 3.200696692419638389e-01 4.576118643759816140e-01 4.341292714254670893e-01 1.851723695041947171e-01 1.248323182966849798e-01 3.613477549719625315e-01 2.479676711734097594e-01 4.452879177700054814e-01 -5.586187290579066378e+00 2.072144299926392819e-01 2.967508560622952873e-01 3.507594375809406917e-01 3.151642910543460130e-01 1.915629993682419763e-01 1.898971239699672187e-01 2.960187912811765298e-01 3.002158483685943291e-01 2.786730450135320170e-01
1.354884461557247732e+00 1.186640275480132622e+00 1.356035182851598853e+00 1.722326179749801511e+00 1.663723661189067782e+00 9.219307890648226200e-01 6.877769658208486847e-01 1.472288386326312537e+00 1.136134994592118641e+00 1.691746857874675714e+00 2.816826429992639103e+00 -2.578228466609109759e+01 1.287466538592931586e+00 1.443050877191061288e+00 1.341795049572151122e+00 9.449204530833316129e-01 9.389565273919175947e-01 1.285277094586922297e+00 1.297798330032521763e+00 1.232705611140997970e+00
1.057584610093489585e+00 9.145894156307302625e-01 1.058570691298586386e+00 1.377511892822150363e+00 1.325842963987429401e+00 6.947474839848369887e-01 5.062801088447019815e-01 1.158726355714164491e+00 8.721389613499620497e-01 1.350521823246773279e+00 2.377780856062295278e+00 7.588845385929318121e-01 -2.001568785383945581e+01 1.133439100257970455e+00 1.046375457393447617e+00 7.135706220108275488e-01 7.086823845102906416e-01 9.981361594080436772e-01 1.008800666743241647e+00 9.535037618875806809e-01
9.302368360464857711e-01 7.995252634538054792e-01 9.311419059035934698e-01 1.226275261443903197e+00 1.178157492620073965e+00 6.008417917055749458e-01 4.330648187129418347e-01 1.023318480162169530e+00 7.609356685273610532e-01 1.201126345341986479e+00 2.175819437580940541e+00 6.584988771910613714e-01 8.774691002579703136e-01 -1.754372007495587837e+01 9.199520185856200349e-01 6.177354591921280225e-01 6.133460467933852245e-01 8.757640333149907530e-01 8.855225262496855265e-01 8.349887118722020274e-01
1.010879168226503699e+00 8.722788071601655924e-01 1.011836334270625359e+00 1.322319066706934887e+00 1.271906826752267738e+00 6.600561386095570304e-01 4.791012542254408091e-01 1.109148471706752348e+00 8.312140010663849887e-01 1.295980328291050476e+00 2.304834291054345563e+00 7.218530495721509066e-01 9.550154573934479529e-01 1.084562018585619958e+00 -1.910935467407895771e+01 6.781818552545693102e-01 6.734738710646877013e-01 9.532083954776106038e-01 9.635489517917499303e-01 9.099563868690928592e-01
1.423859245726954326e+00 1.250373953555282247e+00 1.425043826459431617e+00 1.800903947910156289e+00 1.740921175234250606e+00 9.761098308485531838e-01 7.318978036292105305e-01 1.544587940135940141e+00 1.198176295300236838e+00 1.769611021047364563e+00 2.913433999368241878e+00 1.057179453083331611e+00 1.354411622010827543e+00 1.514546459192128047e+00 1.410382855254569412e+00 -2.712039188583307947e+01 9.938038505272986933e-01 1.352154720375528418e+00 1.365060412907085574e+00 1.297933473266691173e+00
1.431611694821926628e+00 1.257550755281941823e+00 1.432799987805904118e+00 1.809705773119742123e+00 1.749572604829316314e+00 9.822319969817332463e-01 7.369024535080505034e-01 1.552704497756086433e+00 1.205166783583493828e+00 1.778335108658852803e+00 2.924186123969967355e+00 1.063633527391917966e+00 1.361941384510290565e+00 1.522575046793385178e+00 1.418092871064687399e+00 1.006221850527305506e+00 -2.727080910558295201e+01 1.359677076567033183e+00 1.372624974883885018e+00 1.305274593527433247e+00
1.059521011270502022e+00 9.163462834150128966e-01 1.060508272057952839e+00 1.379793617073292067e+00 1.328073674152250527e+00 6.961919217433208962e-01 5.074149996797797657e-01 1.160779832929389688e+00 8.738391216365390957e-01 1.352777112406824633e+00 2.380778791281175977e+00 7.604250945869224232e-01 1.001866159408071333e+00 1.135464033314990129e+00 1.048298395477610168e+00 7.150437203755284354e-01 7.101480765670331596e-01 -2.005325905631750771e+01 1.010677736248525083e+00 9.553112026927869094e-01
1.048504746222112427e+00 9.063542084890072736e-01 1.049485276089792141e+00 1.366805910888499787e+00 1.315377328441948768e+00 6.879809353880456113e-01 5.009670842289397630e-01 1.149095400399414268e+00 8.641704399355361055e-01 1.339940392222382259e+00 2.363695848368593921e+00 7.516663300325214792e-01 9.912506667432470220e-01 1.123942526249685603e+00 1.037358951791748751e+00 7.066694129070856256e-01 7.018159748838848078e-01 9.893977362485287808e-01 -1.983950984422606112e+01 9.450306746950860592e-01
1.107346139400021690e+00 9.598034595659593604e-01 1.108362059412383971e+00 1.435986784018949081e+00 1.383033423977010568e+00 7.320192198919985849e-01 5.356460508483584793e-01 1.211446945774670825e+00 9.159141528140295474e-01 1.408331253428590335e+00 2.454183045013532016e+00 7.986036111409976490e-01 1.047983761887579579e+00 1.185438711872202067e+00 1.095796386869093642e+00 7.515724732666909658e-01 7.464955935274333321e-01 1.046061202692787573e+00 1.057060674695085467e+00 -2.098108495009737595e+01
