-1.829026877201500767e+01 7.888319205811068491e-01 8.297777819415397271e-01 1.041154528274942148e+00 1.048195230096308883e+00 5.676369526898474849e-01 9.197960730166403476e-01 8.638477812459642857e-01 1.501106250970794642e+00 1.503689769586843639e+00 1.452962149534090086e+00 8.937057494876738950e-01 2.632956487907207183e-02 1.249554310618233188e+00 1.369802293249384739e+00 8.804183917151996441e-01 7.500023495773482374e-01 6.949649762236104200e-01 9.457336028738131395e-01 9.627590954525986344e-01
1.245859920581107172e+00 -2.293738022168690804e+01 1.048127144593362425e+00 1.293144912824618187e+00 1.301215510055371061e+00 7.355684649101029704e-01 1.153143527807133362e+00 1.087997924158521812e+00 1.810343819189770498e+00 1.813198311696622156e+00 1.757058101879772627e+00 1.122813916988361083e+00 3.811586951905034104e-02 1.529861790834910806e+00 1.664590799401784560e+00 1.107334379624107523e+00 9.541397362013163130e-01 8.887498792132880743e-01 1.183211808116007902e+00 1.202904404091698298e+00
1.192047781941539597e+00 9.533691445933628605e-01 -2.192097857488387902e+01 1.238076069453693862e+00 1.245935907132631248e+00 6.980555251888436175e-01 1.101907823448093904e+00 1.038665856919323005e+00 1.743718733168836632e+00 1.746519302502987259e+00 1.691457591140112626e+00 1.072454614446137988e+00 3.532154096778831326e-02 1.469036100879172135e+00 1.600851754769424096e+00 1.057428967990215130e+00 9.089787530266174587e-01 8.457622174668237847e-01 1.131123841466473712e+00 1.150267048381801605e+00
9.599445282749429209e-01 7.549069128246181926e-01 7.945960694536937652e-01 -1.753211829739461081e+01 1.006855595151361360e+00 5.411438736226503732e-01 8.819690604325296501e-01 8.276462762413137053e-01 1.449452137186383771e+00 1.451984908242586858e+00 1.402269018187700667e+00 8.566292897465097589e-01 2.463746697312487605e-02 1.203260437792565973e+00 1.320839508392919193e+00 8.437291694367080597e-01 7.173015148032471089e-01 6.640556052725243852e-01 9.071730868761906930e-01 9.237238384830371851e-01
9.533052300963078540e-01 7.492975100553710410e-01 7.887759071326311267e-01 9.931755951513535630e-01 -1.740641553227533933e+01 5.367770018849591374e-01 8.757046489277068302e-01 8.216549489324767030e-01 1.440852114730662326e+00 1.443376271443294279e+00 1.393832061984426440e+00 8.504910094145077259e-01 2.436285389309987906e-02 1.195568550096262728e+00 1.312695886147265512e+00 8.376559387338190499e-01 7.118972353613824966e-01 6.589511826124750948e-01 9.007853451101380804e-01 9.172562405672026742e-01
1.610380952689847600e+00 1.321284464910103207e+00 1.378529525188843641e+00 1.665097873622650715e+00 1.674411001884959393e+00 -2.981805983597215359e+01 1.502303870765295812e+00 1.425700578395469265e+00 2.248809251927982977e+00 2.251966426151383871e+00 2.189758857579116036e+00 1.466710831659245429e+00 6.058535843296202622e-02 1.935358645305716108e+00 2.086752463000584701e+00 1.448497649414053345e+00 1.266410266691748499e+00 1.187587769817531669e+00 1.537471889570629191e+00 1.560442158964026271e+00
1.084736073016639990e+00 8.610555278071335694e-01 9.045778234480936764e-01 1.128119060432529297e+00 1.135534648927706947e+00 6.244998707652957837e-01 -1.989298774876465359e+01 9.407341810864066067e-01 1.609136567995897327e+00 1.611820921733886358e+00 1.559081208457638867e+00 9.723790847079585298e-01 3.011365626742615667e-02 1.346880585314563561e+00 1.472471377215366806e+00 9.583012179083296722e-01 8.197104632555892723e-01 7.609815702831372874e-01 1.027431329272369132e+00 1.045422580868690110e+00
1.149757781245963839e+00 9.168799241585215976e-01 9.623058569193216893e-01 1.194766276241313596e+00 1.202454948932476730e+00 6.688665783954689248e-01 1.061704181086407850e+00 -2.112197096539636476e+01 1.690964115440156235e+00 1.693720321962250752e+00 1.639545366303567064e+00 1.032959336896389413e+00 3.321222138433400917e-02 1.421036627491851556e+00 1.550467452889701114e+00 1.018300289600543307e+00 8.736712822643388776e-01 8.121986102025563481e-01 1.090230697814880356e+00 1.108929096166318518e+00
6.251662509707945903e-01 4.773758191897708447e-01 5.055087331688367103e-01 6.547221371863839456e-01 6.598021147306623035e-01 3.301252519279829767e-01 5.682565679958974103e-01 5.291141154401560742e-01 -1.117476719020537423e+01 1.002011346699644312e+00 9.626567386749047550e-01 5.499453731619342589e-01 1.273684399384915171e-02 8.078896370177408581e-01 8.987839188155419823e-01 5.406585876582299388e-01 4.509404155922842050e-01 4.138872779981658256e-01 5.865594746983943120e-01 5.986265852842009849e-01
6.237297695868434522e-01 4.762103116966222571e-01 5.042893025029869802e-01 6.532349082425870090e-01 6.583062714432942331e-01 3.292624261513839024e-01 5.669209217338865292e-01 5.278503219622509013e-01 9.979913466996441773e-01 -1.114737812954886387e+01 9.606987537138551581e-01 5.486430794498629027e-01 1.269388117804591369e-02 8.061557777947282455e-01 8.969155929327233823e-01 5.393733836298882922e-01 4.498266552112556438e-01 4.128478800886479227e-01 5.851909391359577661e-01 5.972366063943991277e-01
6.526621495340902968e-01 4.997301018797725147e-01 5.288875911401126340e-01 6.831790181877006596e-01 6.884220619844266809e-01 3.467148575791159093e-01 5.938412084576389915e-01 5.533353663035672776e-01 1.038296738674903130e+00 1.040358753713856776e+00 -1.169879276154619419e+01 5.748973102612897623e-01 1.357190000332328568e-02 8.410083857897954207e-01 9.344385653168103545e-01 5.652862278000536644e-01 4.723107986230338229e-01 4.338425947536090344e-01 6.127677719193919126e-01 6.252413596237018645e-01
1.114405749487673791e+00 8.864859169883616552e-01 9.308846144461382366e-01 1.158539289746510104e+00 1.166081009414507985e+00 6.446668316592453207e-01 1.028139084707959228e+00 9.677493368963889786e-01 1.646585373161934207e+00 1.649303079449863096e+00 1.595897310261289670e+00 -2.045385887434034800e+01 3.150611902845576462e-02 1.380773051307269350e+00 1.508142861511857058e+00 9.856542631155182921e-01 8.442834179212344026e-01 7.842930552383261533e-01 1.056075513823776513e+00 1.074392996174037052e+00
5.338299564879072534e+00 4.893057869519050307e+00 4.985021540967788489e+00 5.417817466973125384e+00 5.431222853893099334e+00 4.329811358432961832e+00 5.177143656267426230e+00 5.059272221384333967e+00 6.200646843993849799e+00 6.204623881178045863e+00 6.125841900003323737e+00 5.122776119028456421e+00 -1.011339081248066378e+02 5.793386444784061062e+00 5.993334165755237919e+00 5.094689872015424115e+00 4.802841305196199784e+00 4.669368494515977908e+00 5.230212438186689461e+00 5.264540127832529670e+00
7.861143106182331142e-01 6.093937908349106314e-01 6.433261008791718583e-01 8.210304377925657926e-01 8.270185500962626834e-01 4.291746453057159183e-01 7.185005853145635113e-01 6.716866274918518176e-01 1.220389637017740725e+00 1.222675777794728358e+00 1.177868385789795358e+00 6.966330513072693797e-01 1.797644478406117130e-02 -1.423668132174599066e+01 1.104792948068613390e+00 6.855209247645535076e-01 5.773725938357266996e-01 5.322567297004333620e-01 7.403026826547436379e-01 7.546470976950500065e-01
7.036222932493849669e-01 5.413827994017845757e-01 5.724017547694238983e-01 7.358695083929192027e-01 7.414058861472655471e-01 3.778284630005843692e-01 6.413513772153668357e-01 5.983774528897012335e-01 1.108543918815541929e+00 1.110695592932723574e+00 1.068558565316809705e+00 6.212628615118570563e-01 1.518416575523727670e-02 9.020529480686131363e-01 -1.266891550094562113e+01 6.110646027855501927e-01 5.121726871246778945e-01 4.711232453283539789e-01 6.614049520284793759e-01 6.746124262113455394e-01
1.129948391715199563e+00 8.998363796241081181e-01 9.446889679902156223e-01 1.174469169436708205e+00 1.182075938733819109e+00 6.552836494140532597e-01 1.042891217908330281e+00 9.819202896005424508e-01 1.666128587658229687e+00 1.668863383629888508e+00 1.615116227800053927e+00 1.014484263115517981e+00 3.224987201542371673e-02 1.398490924764553389e+00 1.526774602785549995e+00 -2.074761921965179923e+01 8.571894611443895418e-01 7.965446274358247702e-01 1.071088639160862943e+00 1.089574625718529033e+00
1.300197349577348449e+00 1.047306736201315980e+00 1.096903753026616801e+00 1.348706514803247103e+00 1.356982235361382516e+00 7.738612666917481508e-01 1.204965463255589508e+00 1.137956282264338537e+00 1.877075415592284191e+00 1.879981655211255820e+00 1.822805798623033713e+00 1.173778417921234496e+00 4.106630519619999808e-02 1.591007593835726874e+00 1.728547687124677656e+00 1.157854461144389502e+00 -2.396342620640106702e+01 9.324667710923649766e-01 1.235866702988243082e+00 1.256095796490070082e+00
1.383410976223610200e+00 1.120167879213288309e+00 1.171938217466824028e+00 1.433711605272524725e+00 1.442287182612475460e+00 8.332897698175316670e-01 1.284487570283137536e+00 1.214734610202556242e+00 1.978273277998165769e+00 1.981253880088648112e+00 1.922588594753609215e+00 1.252039055238326037e+00 4.584449451597756575e-02 1.684142729700433438e+00 1.825749245328353920e+00 1.235460627435825076e+00 1.070717771092364767e+00 -2.553433953569381742e+01 1.316612726712894865e+00 1.337629321737273447e+00
1.056303602873813530e+00 8.367538081160080798e-01 8.794238414664740100e-01 1.098953086876190310e+00 1.106245345110138389e+00 6.052978895706290219e-01 9.730613292723712116e-01 9.148906978148801938e-01 1.573069474698394199e+00 1.575720939135957899e+00 1.523637771919391870e+00 9.459455138237763405e-01 2.881243818668883724e-02 1.314312682654743547e+00 1.438154952028479316e+00 9.321286391608621935e-01 7.962417029882431496e-01 7.387367267128946979e-01 -1.935536334192558172e+01 1.017672899515644769e+00
1.038189095452597410e+00 8.213064040916981945e-01 8.634270483818013986e-01 1.080363838483037631e+00 1.087576240567202035e+00 5.931281589640261531e-01 9.559125808686890213e-01 8.984490961663181841e-01 1.549996585284201034e+00 1.552626606394399200e+00 1.500971359623701984e+00 9.291229961740372634e-01 2.800012783252898985e-02 1.293517097695049856e+00 1.416222426211345420e+00 9.154746257185290004e-01 7.813307964900699787e-01 7.246133217372731083e-01 9.825328995156460410e-01 -1.901276130565215539e+01
