-3.243050881702604	0.1864319190020517	0.19047238710373726	0.0865099601135475	0.02894088687055797	0.004780411779707012	0.22001720237765143	0.035964594122023276	0.20518930162910867	0.19207006683495845	0.17452327974828818	0.24851215981290578	0.20810794782377137	0.2027788430381609	0.24316302431749268	0.2660125990842999	0.1588302012316066	0.19241859092608954	0.20818181095096433	0.19014569493568173
2.946861919002052	-19.115013089774646	1.015297214940895	0.5664530215639054	0.23369893439132447	0.04759143195896323	1.123316630379568	0.28029015613563973	1.069917211465513	1.021309244078499	0.954109214502322	1.2217996796722863	1.080553239976601	1.0610853182371587	1.2036999369243537	1.2798560740068277	0.8916689392272413	1.0226179951887473	1.0808215956430844	1.0140653324796598
2.920462387103737	0.9848572149408968	-18.829979746794468	0.5564240389042567	0.22886720455678392	0.046457158649957114	1.1069720040923579	0.27464103562211745	1.054081109376909	1.005951761172333	0.9394391976451199	1.2045623216115044	1.0646144299383677	1.0453350478355525	1.1866224027794372	1.2621184977338384	0.8776658110204536	1.00724742423928	1.0648802034382352	0.9987804961333288
3.8932499601135477	1.6127630215639055	1.6331740389042568	-30.55477261894211	0.46127981933398504	0.10656617527575164	1.7754529981507756	0.5422379655195143	1.705512078644466	1.64117737375562	1.5511150247938446	1.9025649947473544	1.7195028878855934	1.6938712271255596	1.8793778145801208	1.976438519352191	1.4661821348207755	1.642918238628971	1.7198554949025233	1.631532850843353
5.224870886870558	2.669198934391324	2.694807204556784	1.8504698193339848	-50.21136929635994	0.285193216513687	2.8710377506953098	1.1403321796785775	2.784890457223876	2.704825111636818	2.591319723878105	3.0253981187015353	2.802195957304362	2.7704632109868697	2.9974417510723197	3.113901509150198	2.4826380916665096	2.707002458441942	2.8026316252270846	2.6927512890301006
7.3415604117797075	4.623941431958963	4.6532471586499575	3.6366061752757517	2.426043216513688	-87.29670129917454	4.853009149696846	2.6473955271519984	4.755763321048952	4.664691421064528	4.534349571211963	5.025486315651854	4.7753585995907715	4.739403330747286	4.994407845229775	5.123438774848288	4.4080731000568685	4.667177301107168	4.775851514606045	4.650897132984135
2.7431872023776513	0.8860566303795679	0.9001520040923578	0.49188299815077535	0.19827775069530967	0.039399149696845166	-16.965551114396106	0.23877361315816928	0.950572215754203	0.9056947963882291	0.8438404438085637	1.0914906487213487	0.960406748010113	0.9424098647274705	1.0746446287644724	1.1456177754114003	0.7865715792282567	0.9069016308413678	0.960654949035734	0.8990164851542686
4.963244594122022	2.4471401561356396	2.471931035622117	1.662777965519514	0.8716821796785776	0.23789552715199813	2.642883613158169	-46.066955264932396	2.5592422916906195	2.481632775083482	2.3718297106699557	2.79308638590109	2.5760332469159044	2.545248374437236	2.7658526171071407	2.879386751106257	2.2669500823910695	2.483741669765929	2.576456034327101	2.469940254148575
2.8288993016291086	0.9331972114655133	0.9478011093769094	0.5224820786444659	0.2126704572238764	0.04269332104895189	1.0511122157542028	0.25567229169061956	-17.856193116422162	0.9535425030618165	0.8894275384555956	1.1455740742981178	1.0101742729650722	0.9915539135189664	1.1281947939811274	1.201373981700751	0.8299757466526685	0.95479247733053	1.0104310184155352	0.9466248092083328
2.910180066834958	0.9789892440784985	0.9940717611723323	0.5525473737556198	0.22700511163681808	0.04602142106452782	1.1006347963882297	0.27246277508348243	1.0479425030618177	-18.719478816549955	0.933755681529171	1.197876257901741	1.058435718383509	1.039229954306281	1.1799988132219028	1.2552368476448343	0.8722423637526739	1.0012905546999544	1.058700483558673	0.9928570884749309
3.028183279748288	1.0473392145023221	1.0631091976451195	0.5980350247938447	0.2490497238781053	0.05122957121196306	1.1743304438085638	0.2982097106699557	1.1193775384555957	1.0693056815291706	-20.004992168284083	1.2755360341812108	1.1303274838403448	1.1102832487428183	1.256949316909444	1.3351153339389412	0.9355137215799917	1.0706544860233804	1.1306037306358818	1.0618394261891435
2.593962159812906	0.8068196796722864	0.8200223216115045	0.44127499474735427	0.17491811870153579	0.03415631565185464	0.9137706487213492	0.21125638590109078	0.867314074298118	0.8252162579017414	0.7673260341812106	-15.463451959218066	0.876549997831712	0.8596513947394898	0.9841001719574656	1.0511535563688106	0.7138709849003259	0.82634729933206	0.8767831395948097	0.8189584232924412
2.8115379478237714	0.923553239976601	0.9380544299383673	0.5161928878855935	0.20969595730436227	0.042008599590772286	1.0406667480101137	0.2521832469159052	0.9898942729650768	0.9437557183835091	0.8800974838403443	1.1345299978317116	-17.674152894962976	0.9815054413679561	1.1172580904941105	1.189993266196851	0.8210871976526546	0.9449969815730174	1.0002550216750432	0.9368863655372143
2.8434288430381605	0.9413053182371586	0.9559950478355528	0.5277812271255592	0.2151832109868701	0.04327333074728563	1.059889864727471	0.2586183744372363	1.0084939135189628	0.9617699543062829	0.8972732487428182	1.1548513947394896	1.018725441367957	-18.00917879626482	1.1373825121837975	1.210932156911686	0.837452257721206	0.9630272075410917	1.018983626593841	0.9548118655023938
2.6205830243174923	0.8206899369243533	0.8340524027794368	0.4500578145801205	0.17893175107231984	0.03504784522977425	0.9288946287644715	0.2159926171071413	0.8819047939811275	0.8393088132219025	0.7807093169094439	1.0160701719574654	0.8912480904941101	0.874152512183797	-15.726889549276713	1.0677595799376485	0.7265732068788517	0.8404534293134105	0.8914839338593302	0.8329756797645147
2.5108425990842993	0.7642560740068278	0.7769584977338383	0.4145285193521907	0.16280150915019825	0.031488774848287444	0.8672777754114004	0.19693675110625736	0.8224939817007509	0.7819568476448346	0.7262853339389408	0.95053355636881	0.8313932661968508	0.8151121569116859	0.9351695799376478	-14.653590329123551	0.6749570362914445	0.7830453871655073	0.8316179366537608	0.7759347456200159
3.1443602012316063	1.116768939227241	1.1332058110204533	0.6449721348207755	0.27223809166650964	0.05682310005686797	1.2489315792282565	0.32520008239107	1.1917957466526685	1.1396623637526742	1.0673837215799913	1.3539509849003257	1.2031871976526547	1.1823322577212056	1.3346832068788517	1.4156570362914445	-21.30757723702849	1.1410676316632176	1.2034745402713685	1.1318826100213049
2.9079485909260896	0.9777179951887462	0.9927874242392727	0.5517082386289711	0.22660245844194185	0.045927301107168375	1.0992616308413679	0.2719916697659298	1.0466124773305299	0.9987105546999794	0.9325244860233799	1.19642729933206	1.0570969815730178	1.0379072075410922	1.1785634293134104	1.2537453871655075	0.8710676316632181	-18.695536092232935	1.0573615277312078	0.9915738007200426
2.811101810950965	0.9233115956430852	0.9378102034382352	0.5160354949025233	0.20962162522708497	0.04199151460604587	1.0404049490357352	0.2520960343271014	0.9896410184155342	0.9435104835586743	0.8798637306358816	1.1342531395948101	0.9997450216750294	0.9812536265938407	1.11698393385933	1.1897079366537613	0.8208645402713689	0.9447515277312069	-17.669590533217622	0.9366423460974127
2.9225756949356816	0.9860653324796615	1.0012204961332691	0.5572228508433532	0.2292512890301012	0.0465471329841344	1.1082764851542681	0.2750902541485753	1.055344809208333	1.0071770884749325	0.9406094261891438	1.2059384232924408	1.065886365537214	1.0465918655023942	1.1879856797645147	1.2635347456200159	0.8787826100213046	1.008473800720041	1.0661523460974123	-18.852726696136788