-2.764923904385141640e+01 1.271293633826122704e+00 7.896159828480507903e-01 9.767121303599181070e-01 2.967129971617455286e+00 5.395302302190913002e-01 1.762687707873585863e+00 1.065090247227731934e+00 1.418387647624412606e+00 2.261273742834830180e+00 2.460656321884970410e+00 1.626252765057813132e+00 1.872316762294671255e-01 1.181384051552998748e+00 1.102789910449463839e+00 5.979143458329398975e-01 1.505165163961419417e+00 6.800394176026882676e-01 2.333308304997175675e+00 2.922775791851280225e+00
7.703556338261229319e-01 -2.221218807481237079e+01 5.969848066528261610e-01 7.509497088929351083e-01 2.542090952837606999e+00 3.972013829706483867e-01 1.430447093346564058e+00 8.248635793992264986e-01 1.127040210176599278e+00 1.882476125921037857e+00 2.066738710837745963e+00 1.309265936903256877e+00 1.305915681790905114e-01 9.231931583325722057e-01 8.566099470348842448e-01 4.431651227104562163e-01 1.202745562121753764e+00 5.085378543189824629e-01 1.948839649025869480e+00 2.500091071324190839e+00
1.244796982848050959e+00 1.553103806652825769e+00 -3.319733137055715844e+01 1.217968764801112824e+00 3.371089390956981457e+00 7.006436408516540926e-01 2.095597336319824144e+00 1.319458686421550508e+00 1.717404616926778038e+00 2.630853279508205578e+00 2.841705268421920394e+00 1.946705304462762243e+00 2.564333394977807989e-01 1.451738450600249974e+00 1.362492317579546919e+00 7.714784966675382050e-01 1.813515853835246050e+00 8.700949866210039296e-01 2.707215162751911652e+00 3.325035684832218230e+00
1.023655130359921062e+00 1.298830708892934949e+00 8.097307648011129455e-01 -2.819504186109089972e+01 3.008077880889869160e+00 5.546900036203354922e-01 1.795715806585631569e+00 1.089741794027076383e+00 1.447756218023880770e+00 2.298344039195473698e+00 2.499010093457921133e+00 1.657927615580442549e+00 1.935183113753544681e-01 1.207711311336461701e+00 1.127998975319187469e+00 6.143135806344189875e-01 1.535534546237943943e+00 6.980935802996465211e-01 2.370861715857255358e+00 2.963529784596032446e+00
1.833889716174558482e-01 2.592879528376068610e-01 1.321673909569814065e-01 1.773938808898691821e-01 -6.145756324721221908e+00 7.979343675909988942e-02 4.259374927272734368e-01 2.005784960698882291e-01 3.051768431848047580e-01 6.347849522738565620e-01 7.297092036682849558e-01 3.758227355117256252e-01 2.187290187744555039e-02 2.328892181289788643e-01 2.108274694190524212e-01 9.119715122242147420e-02 3.338376330506601652e-01 1.080866861794816808e-01 6.683264872676224488e-01 9.746774210787135795e-01
1.668529230219091719e+00 2.027138382970648411e+00 1.374461640851654565e+00 1.636746003620335621e+00 3.992533436759099885e+00 -4.240822717588596191e+01 2.634739963593700107e+00 1.756459720947333158e+00 2.213915331855904167e+00 3.213690046338910200e+00 3.437682587914841381e+00 2.470429732595228245e+00 3.983483750185883854e-01 1.910492710746476197e+00 1.806807956838284213e+00 1.090352416695813176e+00 2.321982810965687705e+00 1.214249550211806916e+00 3.295039706497259413e+00 3.944627571245306275e+00
4.973137078735860861e-01 6.660110933465637206e-01 3.750423363198243099e-01 4.833988065856317795e-01 1.944304492727273237e+00 2.403669635937000504e-01 -1.529189054354847066e+01 5.366920446200086348e-01 7.623160748458559510e-01 1.371623321651249228e+00 1.528316465325689988e+00 9.038338573001809539e-01 7.350538859846145190e-02 6.087878478631706392e-01 5.598221467764920023e-01 2.707073425447231174e-01 8.206419256109727112e-01 3.145399985348966143e-01 1.427736807071247505e+00 1.906929922358942653e+00
9.376172472277317649e-01 1.198328579399226435e+00 7.368046864215507252e-01 9.153257940270761450e-01 2.856846496069888275e+00 4.999877209473330142e-01 1.674593044620008797e+00 -2.619826686341813371e+01 1.340397596400876079e+00 2.161912865196833344e+00 2.357693400905912284e+00 1.541904817713557918e+00 1.710596819548099723e-01 1.111726883752869988e+00 1.036182127526631191e+00 5.550667825359890672e-01 1.424420292047959613e+00 6.327642851454543527e-01 2.232593048801016611e+00 2.813041512723408744e+00
6.732946476244128231e-01 8.828852101765987115e-01 5.171306169267781971e-01 6.557202180238808076e-01 2.343824843184804774e+00 3.398233318559041316e-01 1.282597074845855722e+00 7.227775964008759102e-01 -1.982146484002810638e+01 1.709933297984777223e+00 1.885926051457765151e+00 1.169270137657579811e+00 1.090263338828243028e-01 8.124677030791622734e-01 7.516761670406332252e-01 3.803345620197983723e-01 1.070147770304847201e+00 4.382520097868808917e-01 1.773210271100948088e+00 2.303166996673777334e+00
3.267327428348306140e-01 4.488731259210377855e-01 2.411312795082055649e-01 3.168600391954734530e-01 1.483984952273856628e+00 1.501500463389102424e-01 7.024563216512492714e-01 3.548448651968332812e-01 5.204852979847771621e-01 -1.055738860398890466e+01 1.129618106184609561e+00 6.279785173625280770e-01 4.352313522880554841e-02 4.069526960456197884e-01 3.714738993354246288e-01 1.703131813887448776e-01 5.644728898982386278e-01 1.997957661407724628e-01 1.046153927143404605e+00 1.451587814355582484e+00
2.771953218849705913e-01 3.842157108377454167e-01 2.030632684219203510e-01 2.686060934579211912e-01 1.329989203668284992e+00 1.252225879148413101e-01 6.102294653256898904e-01 3.017054009059121356e-01 4.475580514577651714e-01 8.806981061846097525e-01 -9.090387806696810458e+00 5.433710365113809670e-01 3.566091457399719888e-02 3.473332772320402717e-01 3.162393542946723146e-01 1.423780019468045277e-01 4.866639056574621480e-01 1.675643014697643651e-01 9.230842051840405516e-01 1.299609599766987422e+00
5.598017650578133164e-01 7.437529369032567228e-01 4.250733044627622581e-01 5.445336155804422207e-01 2.093112735511725830e+00 2.749797325952279548e-01 1.102756857300181359e+00 6.029268177135578277e-01 8.479121376575797786e-01 1.496068517362528105e+00 1.660381036511381136e+00 -1.693368200564215797e+01 8.558939260123464565e-02 6.815817443323111124e-01 6.282024743833057867e-01 3.089720225757704442e-01 9.107272803780536163e-01 3.578896735716975419e-01 1.555003590157607141e+00 2.054416370985721052e+00
2.941590676229467682e+00 3.385888568179090452e+00 2.555611339497781298e+00 2.900934311375354735e+00 5.559972901877445750e+00 2.023708375018588246e+00 4.093238388598461341e+00 3.052891681954810199e+00 3.608478333882824352e+00 4.732423135228805755e+00 4.973480914573997325e+00 3.906399392601235032e+00 -6.865141577927521155e+01 3.244038747931012434e+00 3.115884009218763406e+00 2.157177593539576499e+00 3.734998122132986431e+00 2.334559500521510067e+00 4.820308183235711752e+00 5.509831603677785239e+00
8.382060515529987654e-01 1.080953158332572883e+00 6.533794506002498226e-01 8.175903113364614283e-01 2.673452218128978597e+00 4.383157107464758506e-01 1.530983847863170544e+00 8.960218837528698410e-01 1.214382703079162074e+00 1.998315696045619649e+00 2.187616277232040218e+00 1.404854744332310945e+00 1.465017479310116166e-01 -2.384755993201190094e+01 9.296355349962711623e-01 4.880208867636731118e-01 1.293638425093277755e+00 5.584729308781843926e-01 2.066564741523245097e+00 2.630653611823328131e+00
9.038049104494638719e-01 1.158562947034884161e+00 7.083263175795468936e-01 8.820709753191875446e-01 2.795583469419052225e+00 4.788239568382837708e-01 1.626211146776491701e+00 9.646701275266297282e-01 1.297784167040632930e+00 2.107029899335424172e+00 2.300715354294672110e+00 1.495668474383305524e+00 1.625400092187631318e-01 1.073828534996271955e+00 -2.540432370800499129e+01 5.320898362569336237e-01 1.380239821286332269e+00 6.073491666163109981e-01 2.176923310640126008e+00 2.752101282992680087e+00
1.551343345832939979e+00 1.897532122710456015e+00 1.269726496667538562e+00 1.520799580634419224e+00 3.828367151222421327e+00 9.147824166958133940e-01 2.489510342544723365e+00 1.635968782535989208e+00 2.078856562019798293e+00 3.058283181388744776e+00 3.279268001946805011e+00 2.328852022575770508e+00 3.562475935395763571e-01 1.784627886763673121e+00 1.684503836256933784e+00 -3.989939389978700746e+01 2.184048635787869230e+00 1.117311851754485774e+00 3.138488158057590738e+00 3.780875930851455458e+00
6.229111639614194340e-01 8.214295621217534427e-01 4.760808538352460650e-01 6.063375462379438918e-01 2.235324633050660204e+00 3.107298109656879692e-01 1.203761925610972616e+00 6.696392920479594668e-01 9.329867703048473349e-01 1.616759889898238489e+00 1.787870905657461984e+00 1.094924280378053227e+00 9.838512213298566955e-02 7.545624250932776445e-01 6.969708212863324759e-01 3.483656357878690546e-01 -1.855306278934770958e+01 4.023253089777476532e-01 1.678219711405625425e+00 2.195477130593625592e+00
1.407358417602688094e+00 1.736794854318982395e+00 1.142232986621004143e+00 1.378469580299646280e+00 3.619146686179481431e+00 8.125695502118066571e-01 2.307232998534896495e+00 1.487556285145454238e+00 1.910664009786880557e+00 2.861655766140772439e+00 3.078344301469764233e+00 2.151659673571697518e+00 3.075195005215098920e-01 1.628969930878184424e+00 1.533653166616310903e+00 8.912018517544854079e-01 2.011898308977747352e+00 -3.677941417330269047e+01 2.940228857718835798e+00 3.572257446952543880e+00
3.078373049971763753e-01 4.243066490258695089e-01 2.265631627519114621e-01 2.984477158572551581e-01 1.426596487267622448e+00 1.405697064972595556e-01 6.676398070712473709e-01 3.345950488010163149e-01 4.928322711009481272e-01 9.552239271434050938e-01 1.081074205184040515e+00 5.959835901576073791e-01 4.047818323571118065e-02 3.842717415232453360e-01 3.504373106401261206e-01 1.595881580575904124e-01 5.350027114056257194e-01 1.874388577188359495e-01 -1.000381501284720898e+01 1.394928174410714039e+00
1.901147918512805235e-01 2.683680713241906601e-01 1.371936848322183877e-01 1.839257845960325932e-01 1.025757421078713927e+00 8.296757124530600158e-02 4.396429223589425339e-01 2.078535127234089619e-01 3.155989966737774433e-01 6.534678143555824326e-01 7.504095997669874007e-01 3.882063709857211387e-01 2.281160367778489739e-02 2.411706118233285789e-01 2.184252829926803252e-01 9.478593085145546604e-02 3.450701305936254015e-01 1.122774469525439911e-01 6.877381744107142758e-01 -6.365785723094294468e+00
