-2.321170871865736984e+01 1.214224053887442700e+00 1.436026245420884528e+00 1.099887401780703877e+00 1.318558279199853578e+00 7.725444248610829900e-01 8.103431170205079859e-01 1.729503100619153688e+00 1.355829827626733763e+00 1.562371837964827037e+00 1.601599301916851958e+00 1.287390780223282238e+00 2.233979277915827677e-02 1.403692277620850470e+00 1.451986799314389120e+00 7.227680359371329022e-01 1.365067710964372072e+00 1.495134536509544088e+00 1.037142776263239918e+00 1.525298418747357942e+00
8.125890538874430691e-01 -1.905853642950669879e+01 1.197347092717242711e+00 8.995566641941341590e-01 1.092437819153093459e+00 6.175508238643002690e-01 6.496541498445733698e-01 1.462956520190079601e+00 1.125631398208940537e+00 1.311108783524221888e+00 1.346613911106552264e+00 1.064748874652535537e+00 1.601815385339511871e-02 1.168384947252657957e+00 1.211666479483812342e+00 5.754749861496045726e-01 1.133872122808669225e+00 1.250452993540982494e+00 8.448392584195490995e-01 1.277632396654911684e+00
6.626732454208846823e-01 8.256290927172426075e-01 -1.565821830247058521e+01 7.379514168709142563e-01 9.069718296330993024e-01 4.962127906768074026e-01 5.233722528417974473e-01 1.238603696194313208e+00 9.363266204762314970e-01 1.101678715143710408e+00 1.133574747609846334e+00 8.825430119544787066e-01 1.172966532765493987e-02 9.742449766768388475e-01 1.012753762755242315e+00 4.607697511191717332e-01 9.436258827892547441e-01 1.047364991402116141e+00 6.905171868540795899e-01 1.071674666006901644e+00
9.063514017807040579e-01 1.107655664194134193e+00 1.317768416870914283e+00 -2.114855520608724504e+01 1.206292194185886402e+00 6.946604237652591607e-01 7.296779152582124617e-01 1.598035676483526624e+00 1.241615532686270562e+00 1.438134264092337578e+00 1.475597556204561567e+00 1.176788521317297276e+00 1.904162520336063341e-02 1.287040799829846316e+00 1.332947735938105227e+00 6.486523224768472318e-01 1.250377415096392886e+00 1.374021417656682287e+00 9.411286725013432442e-01 1.402767650545567069e+00
7.374152791998536127e-01 9.129298191530934581e-01 1.099181829633099516e+00 8.186851941858865889e-01 -1.736319483221334536e+01 5.563945914512795632e-01 5.860638642125407527e-01 1.351851751197761242e+00 1.031340726226183335e+00 1.207140491523971848e+00 1.240916560498132259e+00 9.738863423041969059e-01 1.378623873809640098e-02 1.071763634749661076e+00 1.112748065054652180e+00 5.175903926358211837e-01 1.039127376153913263e+00 1.149527836501404998e+00 7.675153404959953463e-01 1.175329498297800424e+00
1.268241424861083155e+00 1.514882823864300176e+00 1.765262790676807469e+00 1.383893423765259145e+00 1.633234591451279361e+00 -2.900836764913233523e+01 1.045095643831572607e+00 2.090192277459572701e+00 1.675260624090660899e+00 1.905956363707735246e+00 1.949382057974633264e+00 1.597991125179504479e+00 3.346311347713727680e-02 1.729043386407125960e+00 1.783108222005145516e+00 9.402654488584264447e-01 1.685657187953105929e+00 1.831244890979991879e+00 1.311386087018425073e+00 1.864806165570572993e+00
1.217165117020508225e+00 1.458111149844573129e+00 1.703547252841797421e+00 1.330035915258212187e+00 1.574028864212540624e+00 9.562206438315733470e-01 -2.791609538616683039e+01 2.023120366250170221e+00 1.615233267915347604e+00 1.841786201999836114e+00 1.884497197355889719e+00 1.539491369372996799e+00 3.114215149209400083e-02 1.667995747096639114e+00 1.721069164972325538e+00 8.982900855413611385e-01 1.625429903383305286e+00 1.768351077945535810e+00 1.259248349755623275e+00 1.801331560076501637e+00
5.117501006191534918e-01 6.468385201900793691e-01 7.942036961943130802e-01 5.738186764835264686e-01 7.152417511977612330e-01 3.767422774595729495e-01 3.985453662501701189e-01 -1.214703105856164633e+01 7.400757006568061680e-01 8.813494835224607860e-01 9.088592358485738654e-01 6.946345007215793954e-01 8.047517620966747331e-03 7.722672903958517354e-01 8.050874536216748867e-01 3.484299055099027154e-01 7.462627496501677005e-01 8.346927229004095228e-01 5.346384404445631011e-01 8.555456692741133518e-01
7.126468276267338142e-01 8.840833982089409959e-01 1.066496620476231394e+00 7.919685326862703212e-01 9.693007262261842394e-01 5.363806240906608958e-01 5.652282679153475264e-01 1.314645700656806193e+00 -1.680043086456026558e+01 1.172433711887125529e+00 1.205605587778950438e+00 9.437316738394844196e-01 1.308706769189147724e-02 1.039614681716883648e+00 1.079801022351821960e+00 4.986781402914527983e-01 1.007629303958802680e+00 1.115882366826156158e+00 7.420127507632933161e-01 1.141203859567226031e+00
5.921188379648271161e-01 7.424907835242220422e-01 9.047787151437101105e-01 6.614172640923371427e-01 8.180304915239717811e-01 4.400063637077354373e-01 4.647112019998361210e-01 1.128849483522460506e+00 8.453637118871252243e-01 -1.402905452648433204e+01 1.029953221337007285e+00 7.953129340768079203e-01 9.931700261341512570e-03 8.807256224125289412e-01 9.166998201734903873e-01 4.078383310264269146e-01 8.521660965989695802e-01 9.490845986222958830e-01 6.177163203849219686e-01 9.718590282243172451e-01
5.720263019168518870e-01 7.186759111065521566e-01 8.773547476098463305e-01 6.395605562045615367e-01 7.924865604981322642e-01 4.241120579746333608e-01 4.481021973558894644e-01 1.097039235848573879e+00 8.192155877789503160e-01 9.706332213370062467e-01 -1.356129042941166674e+01 7.702797056656311980e-01 9.444498142009698227e-03 8.538120761933628566e-01 8.890258852892494179e-01 3.928952854899274705e-01 8.258693227561842987e-01 9.207414752615558085e-01 5.969620139622076049e-01 9.430537890205418217e-01
7.589377802232822878e-01 9.379308746525351070e-01 1.127443011954478935e+00 8.418715213172969225e-01 1.026576342304198475e+00 5.738411251795043633e-01 6.042163693729969420e-01 1.383934500721579308e+00 1.058461673839482975e+00 1.237112934076807891e+00 1.271399705665631208e+00 -1.785048447953899498e+01 1.440822042721762175e-02 1.099570230666207182e+00 1.141231106388942429e+00 5.340892261359864168e-01 1.066381854296884590e+00 1.178602359363505103e+00 7.896652441106027931e-01 1.204810398841855257e+00
5.534776792779158683e+00 5.930090153853394774e+00 6.297519665327655503e+00 5.725014625203360907e+00 6.107366238738096698e+00 5.050203113477137684e+00 5.136757151492093776e+00 6.738237517620967232e+00 6.168707067691890700e+00 6.492621700261341111e+00 6.551454498142009975e+00 6.055298220427217437e+00 -1.139053294783355454e+02 6.246084338536817882e+00 6.322671155613863725e+00 4.931709104096425378e+00 6.183760845228374770e+00 6.389911764276130945e+00 5.606854371917361135e+00 6.436291153652228481e+00
6.822992776208505195e-01 8.486269472526584146e-01 1.026204976676837965e+00 7.591837998298459622e-01 9.315136347496616454e-01 5.119533864071261764e-01 5.397807470966390353e-01 1.268627290395851537e+00 9.614046817168840908e-01 1.129585622412529355e+00 1.161992076193363310e+00 9.066302306662079591e-01 1.225433853681831553e-02 -1.610790464787408283e+01 1.039178664397262031e+00 4.756171201553079930e-01 9.688356231451754619e-01 1.074377270409442309e+00 7.107475674312675462e-01 1.099091392780352283e+00
6.532337993143892962e-01 8.145484794838125930e-01 9.873537627552454454e-01 7.277307359381054441e-01 8.951380650546523210e-01 4.886582220051454706e-01 5.154941649723254748e-01 1.224087453621674815e+00 9.242310223518221957e-01 1.088199820173491039e+00 1.119845885289249221e+00 8.709311063889424442e-01 1.148115561386374439e-02 9.618186643972617134e-01 -1.544140945230428308e+01 4.536475249237370555e-01 9.314659715498074810e-01 1.034323945049279381e+00 6.807839550379704008e-01 1.058435718383508917e+00
1.340412035937132762e+00 1.594753986149604508e+00 1.851766751119171772e+00 1.459832322476847244e+00 1.716377392635820787e+00 1.062212448858425695e+00 1.109112085541361203e+00 2.183826905509902438e+00 1.759505140291452774e+00 1.995735331026426973e+00 2.040112285489927402e+00 1.680186226135986338e+00 3.691610409642545609e-02 1.814654120155307915e+00 1.870044524923736740e+00 -3.054359466312459404e+01 1.770169583310438943e+00 1.919322452096608123e+00 1.384996618337972496e+00 1.953658349032046049e+00
7.066647109643720004e-01 8.771041228086694508e-01 1.058575882789253964e+00 7.855104150963928555e-01 9.618673761539137113e-01 5.315571879531060251e-01 5.602049033833054192e-01 1.305612749650167714e+00 9.924093039588107734e-01 1.164016096598969430e+00 1.197039322756184188e+00 9.364318542968855796e-01 1.292084522837464930e-02 1.031825623145174786e+00 1.071815971549807456e+00 4.941225833104389564e-01 -1.666418515742552842e+01 1.107725702564436032e+00 7.358513463929776677e-01 1.132929158824284466e+00
6.285015365095442119e-01 7.854549935409823602e-01 9.540849914021165556e-01 7.009244176566822304e-01 8.640378365014051987e-01 4.689148909799921161e-01 4.948960779455359171e-01 1.185812722900409399e+00 8.924323668261558984e-01 1.052704598622296261e+00 1.083681475261556004e+00 8.404223593635051781e-01 1.084176427613038271e-02 9.291372704094417179e-01 9.664439450492797734e-01 4.350454520966082206e-01 8.994957025644358950e-01 -1.487168707894420550e+01 6.552721637004899069e-01 1.023582513337637723e+00
9.637547762632394655e-01 1.173086258419549388e+00 1.390482186854079538e+00 1.061276672501342944e+00 1.275270340495995303e+00 7.423010870184255650e-01 7.790383497556234715e-01 1.679003440444563289e+00 1.311807750763293479e+00 1.514581320384922103e+00 1.553147013962207668e+00 1.244730244110602735e+00 2.102937191736176450e-02 1.358752567431267488e+00 1.406148955037970438e+00 6.939646183379725164e-01 1.320866346392977730e+00 1.448517163700489885e+00 -2.241590704708319137e+01 1.478148583291303497e+00
6.118654187473577810e-01 7.658343966549115978e-01 9.315946660069009955e-01 6.828706505455672815e-01 8.430394982978004492e-01 4.556761655705731662e-01 4.810765600765020134e-01 1.159865669274113165e+00 8.709538595672261518e-01 1.028679028224318115e+00 1.059193789020541621e+00 8.198303988418553789e-01 1.042115365222843169e-02 9.070513927803516285e-01 9.437557183835099117e-01 4.225813490320463051e-01 8.778991588242848199e-01 9.767825133376379920e-01 6.381035832913036776e-01 -1.448707497012903112e+01
