-1.979400871269448459e+01 7.946387270555823612e-01 8.761889416848495094e-01 1.119323713526840125e+00 9.380209060914893593e-01 7.508841764888609660e-01 7.691747681506566625e-01 1.222931853838655991e+00 1.240101303068268157e+00 1.208004408641003558e+00 1.301441307682064785e+00 8.222492012505826509e-01 1.478896924980145355e+00 1.156939006161306072e+00 1.205357408671458019e+00 8.247694037843827930e-01 8.938771730660977077e-01 9.779347188734366370e-01 1.189372309632209967e+00 1.023902460046596463e+00
1.238018727055582247e+00 -2.462648147169349144e+01 1.095143459115582196e+00 1.374102617647812163e+00 1.166721932659010141e+00 9.485821604695465759e-01 9.701088942040206886e-01 1.491110706747672543e+00 1.510404405202731226e+00 1.474314713038110680e+00 1.579121286342461072e+00 1.032310670421163090e+00 1.776176993309035668e+00 1.416700935127723104e+00 1.471334247221199210e+00 1.035254808057905151e+00 1.115667508175358424e+00 1.212686390167499351e+00 1.453321616632028634e+00 1.265399400099048055e+00
1.134958941684850009e+00 9.105334591155828106e-01 -2.253664679868859011e+01 1.264127070889502713e+00 1.067524658356789669e+00 8.623279370112990616e-01 8.824970863068721805e-01 1.375635566910274443e+00 1.394059864208513799e+00 1.359604873844860284e+00 1.459762770478030269e+00 9.408781430243245980e-01 1.648849962417698212e+00 1.304677174974872234e+00 1.356761039703995753e+00 9.436451169264507000e-01 1.019343133100938825e+00 1.110979471413410691e+00 1.339579507024793781e+00 1.160901021295530633e+00
8.894737135268404593e-01 7.008726176478123904e-01 7.755070708895025478e-01 -1.754199853547266486e+01 8.323274712702130040e-01 6.609793582154036562e-01 6.776426434980887814e-01 1.096476123211603371e+00 1.112506786818397542e+00 1.082548524246715438e+00 1.169874522569191111e+00 7.261014587096917827e-01 1.336640447140188925e+00 1.034973445121850411e+00 1.080079776643541711e+00 7.284063485859154641e-01 7.917417322629297649e-01 8.691076482414333837e-01 1.065177295625896026e+00 9.115615512474490867e-01
1.064650906091489269e+00 8.499719326590101653e-01 9.353846583567897444e-01 1.188807471270212801e+00 -2.110875485014107866e+01 8.040498185959913391e-01 8.232548782910590335e-01 1.296304648116566316e+00 1.314092680651623546e+00 1.280833549260711690e+00 1.377585265025200068e+00 8.789154098803755311e-01 1.560793986284643164e+00 1.227866354814409533e+00 1.278089573628620634e+00 8.815559756141448933e-01 9.538815337960468987e-01 1.041647595768129930e+00 1.261515145679840577e+00 1.089553466356215417e+00
1.298925176488860966e+00 1.053243160469547579e+00 1.151598937011299117e+00 1.438870358215403655e+00 1.225460818595991430e+00 -2.585991308438292435e+01 1.022298821451870676e+00 1.558930979640514414e+00 1.578705766912168906e+00 1.541711169252951930e+00 1.649087333360944818e+00 1.086668236561393774e+00 1.850520769419085720e+00 1.482607404018930763e+00 1.538655005294195854e+00 1.089712697084548099e+00 1.172789063618421945e+00 1.272834535332809436e+00 1.520181707426826900e+00 1.327111144227158812e+00
1.272944768150656492e+00 1.030498894204020743e+00 1.127497086306872065e+00 1.411262643498088831e+00 1.200394878291059397e+00 9.780278214518703939e-01 -2.533391620899466901e+01 1.530038380584252122e+00 1.549610794320309681e+00 1.512996880851757542e+00 1.619292370553140792e+00 1.063452830657952930e+00 1.818887035913993255e+00 1.454520207195315162e+00 1.509972567923337339e+00 1.066454886388349399e+00 1.148405905701705754e+00 1.247173967267471095e+00 1.491693120793980087e+00 1.300791168940537368e+00
8.059618538386558173e-01 6.307607067476725948e-01 6.998955669102743249e-01 9.093561232116035287e-01 7.527046481165664549e-01 5.939199796405145726e-01 6.092983805842521194e-01 -1.583630775029988946e+01 1.015095199002347126e+00 9.868927717408121358e-01 1.069190718430475417e+00 6.541003011000329215e-01 1.227079203131959062e+00 9.421744744964832829e-01 9.845701854140500586e-01 6.562341499945685275e-01 7.149690245741745498e-01 7.869654907952536860e-01 9.705548051507332241e-01 8.265841674194592814e-01
7.930913030682680276e-01 6.200144052027314334e-01 6.882798642085138363e-01 8.953467868183975220e-01 7.404526806516235071e-01 5.836547669121688875e-01 5.988307943203097228e-01 9.850551990023425075e-01 -1.557308493183204234e+01 9.720797840524563194e-01 1.053568661360259506e+00 6.430557217723505969e-01 1.210021709473666496e+00 9.278199138073378593e-01 9.697806743289394404e-01 6.451625465775862045e-01 7.031693198011909063e-01 7.743129948137750240e-01 9.559077300205180983e-01 8.134800756396075583e-01
8.173644086410036813e-01 6.402947130381106966e-01 7.101948738448602416e-01 9.217585242467148943e-01 7.635635492607115715e-01 6.030301692529520530e-01 6.185868808517573925e-01 1.013222771740812655e+00 1.028449784052457794e+00 -1.606942732662577455e+01 1.083006881634812624e+00 6.638969567525094817e-01 1.242151556043612715e+00 9.548797262021518906e-01 9.976568330076751590e-01 6.660545972937256254e-01 7.254302030993519113e-01 7.981764476998198798e-01 9.835165751977779092e-01 8.381918747649548251e-01
7.491413076820647721e-01 5.834412863424610629e-01 6.486927704780300896e-01 8.474245225691913186e-01 6.986552650251999230e-01 5.487463333609448046e-01 5.632223705531409497e-01 9.338607184304755782e-01 9.482786613602600667e-01 9.213468816348127088e-01 -1.467348725605000759e+01 6.054493708439059318e-01 1.151406571899261655e+00 8.786910320261634988e-01 9.191299640232630797e-01 6.074625422634439831e-01 6.629434163264301683e-01 7.311222117804438980e-01 9.057555794342186939e-01 7.687164500162961822e-01
1.201689201250582650e+00 9.683706704211627603e-01 1.061548143024324764e+00 1.335391458709692003e+00 1.131725409880375288e+00 9.180672365613944397e-01 9.391228306579529894e-01 1.450510301100032873e+00 1.469505721772350615e+00 1.433976956752509357e+00 1.537189370843905944e+00 -2.389020596788390804e+01 1.731519517659446450e+00 1.377285676293767080e+00 1.431043391143591137e+00 1.002882764798465942e+00 1.081663776406401878e+00 1.176823525176735608e+00 1.413316099019946925e+00 1.228573916411269451e+00
6.376769249801453876e-01 4.915769933090354260e-01 5.488599624176982994e-01 7.252704471401889563e-01 5.929439862846429543e-01 4.612597694190855302e-01 4.738970359139930699e-01 8.028292031319589350e-01 8.158117094736659913e-01 7.915715560436125120e-01 8.624865718992617003e-01 5.108595176594462606e-01 -1.238625217244610077e+01 7.532709928755468853e-01 7.895781890583248863e-01 5.126253233554004529e-01 5.614146736566539841e-01 6.216901197489663744e-01 7.775589340594287746e-01 6.550702620190473890e-01
8.579390061613061391e-01 6.743209351277232866e-01 7.469071749748723565e-01 9.658234451218521421e-01 8.022363548144095802e-01 6.355664040189309416e-01 6.517502071953152898e-01 1.060144474496482747e+00 1.075829913807337279e+00 1.046519726202150391e+00 1.131991032026163024e+00 6.988456762937671485e-01 1.295490992875547143e+00 -1.689836165508166843e+01 1.044104945836268783e+00 7.010868464804953515e-01 7.627099206236229723e-01 8.380811244146121330e-01 1.029530073754393982e+00 8.794834008564185179e-01
8.194074086714578931e-01 6.420042472211989759e-01 7.120410397039955708e-01 9.239797766435426940e-01 7.655095736286207098e-01 6.046640052941959498e-01 6.202525679233370504e-01 1.015590185414048552e+00 1.030840674328939333e+00 1.002346833007650373e+00 1.085479964023263300e+00 6.656533911435911222e-01 1.244848189058324950e+00 9.571549458362691443e-01 -1.611118757189752060e+01 6.678152796184717577e-01 7.273052587568404892e-01 8.001852752387127454e-01 9.858374967221640306e-01 8.402714596628940713e-01
1.198449403784382916e+00 9.655548080579050563e-01 1.058555116926450212e+00 1.331936348585915475e+00 1.128605975614144441e+00 9.153516970845485545e-01 9.363648863883501372e-01 1.446884149994568602e+00 1.465852546577586235e+00 1.430374597293725403e+00 1.533442542263444119e+00 9.971227647984708398e-01 1.727525323355400433e+00 1.373766846480495296e+00 1.427445279618471563e+00 -2.382452521953803171e+01 1.078633917564909561e+00 1.173625876742142582e+00 1.409743828823421197e+00 1.225289309583702080e+00
1.114207173066098067e+00 8.926175081753584539e-01 9.809031331009373522e-01 1.241921732262929678e+00 1.047581533796046793e+00 8.450780636184217487e-01 8.649659057017056174e-01 1.352269024574174638e+00 1.370509319801190840e+00 1.336400203099351813e+00 1.435573416326430429e+00 9.225537764064014601e-01 1.622964673656654089e+00 1.282039920623623042e+00 1.333585258756840641e+00 9.252839175649096859e-01 -2.211539263806515621e+01 1.090511193662773382e+00 1.316579392785268032e+00 1.139847491086037889e+00
1.022394718873436803e+00 8.137663901674991873e-01 8.966694714134105793e-01 1.143417648241433326e+00 9.594775957681292988e-01 7.692535353328093795e-01 7.878639672674713212e-01 1.248395490795253471e+00 1.265782994813775097e+00 1.233276447699819922e+00 1.327882211780443633e+00 8.418435251767356631e-01 1.507370119748966397e+00 1.181541124414612343e+00 1.230595275238712816e+00 8.444058767421427358e-01 9.146411936627727446e-01 -2.024962867094050267e+01 1.214402535132183214e+00 1.046648548670894074e+00
8.318823096322099930e-01 6.524516166320285526e-01 7.233195070247936398e-01 9.375372956258959389e-01 7.773951456798405824e-01 6.146507074268268145e-01 6.304331207939799508e-01 1.030034805150732868e+00 1.045427730020518364e+00 1.016666575197778588e+00 1.100565579434218844e+00 6.763860990199470624e-01 1.261288934059429101e+00 9.710400737543934957e-01 1.014297496722163627e+00 6.785738288234212101e-01 7.387593927852680320e-01 8.124525351321835176e-01 -1.636613137924750916e+01 8.529686263318779771e-01
9.764724600465942705e-01 7.745894000990483086e-01 8.547010212955309383e-01 1.093981551247449335e+00 9.154934663562147579e-01 7.316401442271590616e-01 7.495911689405372336e-01 1.196124167419459150e+00 1.213060075639607494e+00 1.181401874764955062e+00 1.273586450016296112e+00 8.017039164112692573e-01 1.448860262019047607e+00 1.131053400856418589e+00 1.178791459662893892e+00 8.041793095837022065e-01 8.720874910860381135e-01 9.547585486708943803e-01 1.163028626331878312e+00 -1.931510479467499763e+01
