-1.803640872793677730e+01 9.567083452902814811e-01 9.738323092061985653e-01 9.634367850673019040e-01 1.021709867878103584e+00 2.384638970394269641e+00 9.002358110139744296e-01 5.758138771331441363e-01 1.031672481558696619e+00 9.402064487922467961e-01 9.655694596892927528e-01 1.028821686070211516e+00 1.413160176819346914e-01 1.042264659880409949e+00 1.161901130230228896e+00 9.096233945136447119e-01 6.971837830916027823e-01 4.502793738352576791e-01 8.968087797572155129e-01 9.943855468527601493e-01
1.044578345290281263e+00 -1.886825506307621936e+01 1.017637489974135612e+00 1.006930939024185401e+00 1.066919238088964939e+00 2.455745593490524570e+00 9.417902497954805385e-01 6.059172597641108160e-01 1.077168312834359654e+00 9.829974680999757908e-01 1.009127603180948407e+00 1.074235745263881325e+00 1.506085295592180517e-01 1.088062929914272337e+00 1.210968923038835854e+00 9.514713468643779537e-01 7.318897633351827414e-01 4.751505645755309537e-01 9.382555901422470201e-01 1.038799170839701969e+00
1.026632309206200633e+00 9.825674899741368984e-01 -1.853336445206770478e+01 9.894175945173258047e-01 1.048721443177679680e+00 2.427266483788307116e+00 9.250514513008162298e-01 5.937621013171977546e-01 1.058856248002542300e+00 9.657648291008767982e-01 9.915887162958434420e-01 1.055956298282794359e+00 1.468360945202642487e-01 1.069630234444929329e+00 1.191232988115800806e+00 9.346153109273435122e-01 7.178899662291287065e-01 4.650962456128338030e-01 9.215597845180499847e-01 1.020918862735635368e+00
1.037476785067302565e+00 9.931009390241958279e-01 1.010657594517330837e+00 -1.873573077172252965e+01 1.059718415361093680e+00 2.444499094835564712e+00 9.351648007998851764e-01 6.011014251907382810e-01 1.069922439198613517e+00 9.761772326841562375e-01 1.002186591407830285e+00 1.067002731022474338e+00 1.491106202368298606e-01 1.080769499690160229e+00 1.203161845943281572e+00 9.447996525231308063e-01 7.263453006012258184e-01 4.711651759720248411e-01 9.316471005585156284e-01 1.031723527088179937e+00
9.785998678781019366e-01 9.359392380889652863e-01 9.528114431776791848e-01 9.425684153610929261e-01 -1.763710222787499760e+01 2.350060751583289420e+00 8.803175262092557407e-01 5.614706845307277927e-01 1.009821947829201427e+00 9.196826694264295110e-01 9.446697194050880375e-01 1.007011309955131884e+00 1.369479318912666665e-01 1.020265575360955523e+00 1.138293560100376745e+00 8.895614507296966122e-01 6.806067201927089583e-01 4.384640137204363630e-01 8.769431637616345032e-01 9.730662386729611590e-01
2.950789703942696129e-01 2.783155934905244266e-01 2.849064837883070744e-01 2.808990948355645223e-01 3.036107515832891512e-01 -4.814776478109808799e+00 2.569504732633650090e-01 1.454129473831164143e-01 3.075539210599174123e-01 2.720135662311374269e-01 2.817196550573385361e-01 3.064237911527082359e-01 2.799533963901910602e-02 3.117655331634945348e-01 3.607078226806489374e-01 2.604625413326169814e-01 1.848795387902194276e-01 1.075220160310670914e-01 2.556722916906195020e-01 2.928861465425841026e-01
1.106875811013974031e+00 1.060560249795480248e+00 1.078891451300815651e+00 1.067764800799884339e+00 1.130067526209255213e+00 2.553150473263364528e+00 -2.003096755926029005e+01 6.484868730514183888e-01 1.140702591874683813e+00 1.042880936042209328e+00 1.070047909783673479e+00 1.137659856708848505e+00 1.640359543158957101e-01 1.152004559805616557e+00 1.279303152319615888e+00 1.010078633782086621e+00 7.807767145017466826e-01 5.104861230833217522e-01 9.963195264042296051e-01 1.100874415204170065e+00
1.594083877133143812e+00 1.536317259764110599e+00 1.559232101317197472e+00 1.545331425190737962e+00 1.622850684530727339e+00 3.253242947383116146e+00 1.460116873051418462e+00 -2.914574129002755143e+01 1.636007840921929635e+00 1.514152042514456342e+00 1.548185789523348177e+00 1.632245717263440810e+00 2.874672144680265329e-01 1.649966643671480826e+00 1.805603408995729353e+00 1.472852649688696447e+00 1.177140256494145998e+00 8.088612363784234427e-01 1.455460549349301136e+00 1.586622772388120994e+00
9.689824815586954854e-01 9.266083128343600706e-01 9.433662480025428732e-01 9.331924391986133882e-01 9.902419478291987209e-01 2.334423921059917362e+00 8.713725918746841881e-01 5.550478409219299358e-01 -1.745765372716086006e+01 9.104630709975208847e-01 9.352795046981453586e-01 9.972076040069867142e-01 1.350044059680224617e-01 1.010376141726014199e+00 1.127672839393679238e+00 8.805513630397723279e-01 6.731748069954247571e-01 4.331805407780238704e-01 8.680221141517040495e-01 9.634855521256249222e-01
1.062276448792246475e+00 1.017197468099971802e+00 1.035034829100876408e+00 1.024207232684156699e+00 1.084862669426429393e+00 2.483643566231137356e+00 9.583109360422085166e-01 6.179520425144563456e-01 1.095223070997520587e+00 -1.919853890096459992e+01 1.026428802862910716e+00 1.092258727208005542e+00 1.543706112456801338e-01 1.106235195430892881e+00 1.230409613023276005e+00 9.681064485270661768e-01 7.457328287024225233e-01 4.851208823793248248e-01 9.547343144135888027e-01 1.056433213282429451e+00
1.035239459689292429e+00 9.909276031809429730e-01 1.008458716295842494e+00 9.978165914078184207e-01 1.057449719405088251e+00 2.440949655057338408e+00 9.330779097836727765e-01 5.995857895233484003e-01 1.067639504698144837e+00 9.740288028629114914e-01 -1.869398001136072907e+01 1.064723860843804992e+00 1.486400902837879401e-01 1.078471534163469636e+00 1.200701497981083277e+00 9.426981520882661281e-01 7.245997526508803910e-01 4.699114125127518693e-01 9.295655670752248634e-01 1.029494391857061375e+00
9.717216860702094783e-01 9.292657452638803939e-01 9.460562982827950274e-01 9.358627310224745255e-01 9.930213099551321587e-01 2.338883791152708280e+00 8.739198567088487524e-01 5.568757172634407615e-01 1.002797604006977927e+00 9.130887272080053796e-01 9.379538608438043878e-01 -1.750876376671169865e+01 1.355567259602336871e-01 1.013193013125194275e+00 1.130698531130045925e+00 8.831172223367739216e-01 6.752904098936842736e-01 4.346836940606039201e-01 8.705625625276697255e-01 9.662142798992169324e-01
3.288506017681934068e+00 3.209928529559217480e+00 3.241226094520264223e+00 3.222260620236829354e+00 3.327247931891266219e+00 5.264745339639019583e+00 3.104585954315895791e+00 2.416387214468026734e+00 3.344884405968021834e+00 3.179490611245679776e+00 3.226160090283787696e+00 3.339846725960233353e+00 -6.138325396863912431e+01 3.363539591391956129e+00 3.567881662909149654e+00 3.122332366024843875e+00 2.693568532880204813e+00 2.094162725771687938e+00 3.098083242076041799e+00 3.278416311815056883e+00
9.588936598804094213e-01 9.168219299142718048e-01 9.334592344449290646e-01 9.233584996901599284e-01 9.800045753609580856e-01 2.317954533163494535e+00 8.619935598056164272e-01 5.483256436714810667e-01 9.896951417260199113e-01 9.007941954308935628e-01 9.254305341634692095e-01 9.869220131251936756e-01 1.329785913919563356e-01 -1.726940975568417613e+01 1.116523877710362989e+00 8.711035857957399875e-01 6.653906424741543590e-01 4.276557726191954067e-01 8.586682821534511456e-01 9.534354831624184401e-01
8.538861302302289680e-01 8.150839230388355894e-01 8.304179881158008092e-01 8.211068459432812050e-01 8.733885601003771315e-01 2.142252822680648983e+00 7.646481523196161367e-01 4.793184089957294725e-01 8.823478393936788899e-01 8.003246130232758437e-01 8.230164979810830062e-01 8.797835311300461480e-01 1.126766629091500993e-01 8.918798777103628117e-01 -1.530995430705158533e+01 7.730177668857969309e-01 5.851212161378963605e-01 3.712419889717925026e-01 7.615941984132861275e-01 8.488472830706964567e-01
1.096173394513644705e+00 1.050151346864377944e+00 1.068365310927343881e+00 1.057309652523131360e+00 1.119221450729696699e+00 2.536572541332617003e+00 9.899886337820906768e-01 6.411326496886965431e-01 1.129791363039772678e+00 1.032586448527067047e+00 1.059578152088265890e+00 1.126767222336774177e+00 1.616923660248444916e-01 1.141024585795740176e+00 1.267582766885797074e+00 -1.983119505649339942e+01 7.723467032216420058e-01 5.043681011571782280e-01 9.863328368436349303e-01 1.090209530211085243e+00
1.379903783091602554e+00 1.326739763335182509e+00 1.347809966229128520e+00 1.335025300601225373e+00 1.406436720192708822e+00 2.957159538790219422e+00 1.256856714501746852e+00 8.415902564941460939e-01 1.418584806995424330e+00 1.306382828702422394e+00 1.337649752650880375e+00 1.415110409893683974e+00 2.290985328802047361e-01 1.431481642474154103e+00 1.575856216137896171e+00 1.268516703221641784e+00 -2.513285438487590895e+01 6.730273907394795918e-01 1.252595738378649681e+00 1.373028319565509525e+00
1.878799373835257525e+00 1.815800564575530851e+00 1.840816245612833857e+00 1.825645175972024470e+00 1.910094013720436079e+00 3.625602016031066910e+00 1.732366123083321829e+00 1.219111236378423335e+00 1.924390540778023517e+00 1.791570882379324603e+00 1.828761412512752038e+00 1.920303694060603972e+00 3.754927257716880185e-01 1.939546772619195281e+00 2.107776988971792331e+00 1.746338101157177913e+00 1.418827390739479499e+00 -3.449917262071769386e+01 1.727255055840168696e+00 1.870674306678591359e+00
1.110818779757215324e+00 1.064395590142247272e+00 1.082769784518050171e+00 1.071617100558514668e+00 1.134063163761634296e+00 2.559242291690619453e+00 1.003689526404243137e+00 6.512005493493014940e-01 1.144722114151704107e+00 1.046674314413589268e+00 1.073905567075225109e+00 1.141672562527670021e+00 1.649032420760420670e-01 1.156049282153451374e+00 1.283619198413286311e+00 1.013792836843633749e+00 7.838857383786500543e-01 5.127450558401691616e-01 -2.010457032103249020e+01 1.104803622977242217e+00
1.005635546852755136e+00 9.621791708397028353e-01 9.793688627356357257e-01 9.689335270881797024e-01 1.027426238672961123e+00 2.393696146542584557e+00 9.054844152041708893e-01 5.796027723881215232e-01 1.037425552125623929e+00 9.456132132824291991e-01 9.710743918570631239e-01 1.034564279899216510e+00 1.424763118150572105e-01 1.048056483162418617e+00 1.168112283070696700e+00 9.149095302110854533e-01 7.015583195655099580e-01 4.534043066785918286e-01 9.020436229772426096e-01 -1.814156497496904663e+01
