-1.923682198310389779e+01 1.879839183641828448e+00 7.141394558863656261e-01 8.002067106961027187e-01 1.373905683152336181e-02 4.340136142728140412e-01 2.769547755003185646e-02 3.416791445064481514e-01 7.136223204527998298e-01 4.127253566653632966e+00 4.093377074217336542e+00 1.611829606402425785e+00 4.721539894561930795e-01 1.493273324238941768e+00 5.101068266836846776e-01 9.606403477761716880e-01 7.034895029422795210e-01 3.388190809953473548e-01 1.345976932465304924e-06 9.423539230419471788e-04
4.498811836418287746e-01 -1.012303530043764255e+01 2.990515384828865142e-01 3.428664732623273870e-01 4.052141157258964087e-03 1.666943505948290383e-01 8.399659301528803954e-03 1.267814873295176337e-01 2.987925747215384176e-01 2.830692272553156030e+00 2.799994050919615951e+00 8.198020493097768480e-01 1.837447459227690150e-01 7.434613449421183518e-01 2.010262129124049946e-01 4.282282662791417338e-01 2.937288923395995899e-01 1.255770923728627697e-01 3.503587440606750002e-07 2.606140357368423545e-04
1.353539455886365817e+00 2.368409538482886489e+00 -2.470828262260182484e+01 1.108158827485604236e+00 2.335677736251751818e-02 6.349622447089212640e-01 4.631809536489127355e-02 5.091412322282329317e-01 9.993451430083299947e-01 4.738466766603665725e+00 4.703840804349750826e+00 2.068092874588784547e+00 6.860306533126264705e-01 1.933117762074054058e+00 7.363741387697518848e-01 1.305772666683717054e+00 9.865012904486907264e-01 5.051900018268933312e-01 2.451079515655038996e-06 1.661898336626641036e-03
1.230566710696102906e+00 2.203184473262326915e+00 8.991188274856048990e-01 -2.282001904060023989e+01 1.966072517049244003e-02 5.626677099288709405e-01 3.921035863856989212e-02 4.483989012678655794e-01 8.985095438922607869e-01 4.537228542292711886e+00 4.502813793214659910e+00 1.912750081181290751e+00 6.093194259885559294e-01 1.782853247652165907e+00 6.554518767787655964e-01 1.185511275397615139e+00 8.865633144379422292e-01 4.448268812111003112e-01 2.015243044237093061e-06 1.381336860290016894e-03
6.111409056831523579e+00 7.531680141157258923e+00 5.481626777362517799e+00 5.686970725170492180e+00 -1.007312282450775172e+02 4.655915214074886066e+00 1.483027801754618125e+00 4.294358950819683329e+00 5.480341912908703428e+00 1.015382541311551812e+01 1.011795841036412824e+01 7.148235160008293398e+00 4.788195852243823936e+00 6.968002067950572531e+00 4.912071005591504225e+00 6.032578130947141126e+00 5.455032449216659529e+00 4.282012115075095160e+00 3.748967693088457362e-04 1.476121637157808419e-01
1.922123614272814862e+00 3.084762350594829172e+00 1.483672244708922117e+00 1.620417709928871242e+00 4.635521407488676915e-02 -3.335961349701989320e+01 8.950760431688058183e-02 8.230667943508491735e-01 1.482836413548096921e+00 5.565639221660125813e+00 5.530411661734341067e+00 2.751546935819491502e+00 1.070100192022142460e+00 2.599273314015080771e+00 1.138339804762603880e+00 1.864229934203575523e+00 1.466423014420713766e+00 8.174035793499351277e-01 5.417086959746621430e-06 3.498476148770387865e-03
5.277665477550032236e+00 6.688327659301529060e+00 4.656888095364891456e+00 4.858820358638570092e+00 6.353278017546185596e-01 3.851367604316880300e+00 -8.661803565282555439e+01 3.503049341931776972e+00 4.655626244826994053e+00 9.306575985147603092e+00 9.270723512101284314e+00 6.306523108817082779e+00 3.979570349637719939e+00 6.127253656466930209e+00 4.099953847289519615e+00 5.199742679561625280e+00 4.630774561196507655e+00 3.491214420075470670e+00 1.739330173099392653e-04 7.845701582921778272e-02
2.207359144506448434e+00 3.422419487329517729e+00 1.735421232228233190e+00 1.883718901267865675e+00 6.236895081968412552e-02 1.200636794350848691e+00 1.187593419317769100e-01 -3.769802603039772038e+01 1.734511351943147872e+00 5.937360058882115155e+00 5.901963263864050901e+00 3.078179676156502342e+00 1.279294376953572066e+00 2.919958384115998395e+00 1.355452482324600583e+00 2.145601798528113058e+00 1.716635032167506791e+00 9.935240399939049283e-01 7.700804549586311455e-06 4.854012229275784553e-03
1.354332320452800165e+00 2.369460574721538482e+00 1.000655143008365666e+00 1.108859543892261046e+00 2.338191290870379399e-02 6.354364135480965459e-01 4.636624482699389788e-02 5.095413519431480909e-01 -2.472042135975778976e+01 4.739731616726377439e+00 4.705104422856345892e+00 2.069084167343128833e+00 6.865329908039156104e-01 1.934078197400168397e+00 7.369032615398150021e-01 1.306548727613471295e+00 9.871505123920073510e-01 5.055876815207187569e-01 2.454087367627332882e-06 1.663822172562415226e-03
7.149356665363364172e-02 2.048902725531556723e-01 4.330676660366641895e-02 5.110854229271236809e-02 3.954131155180013097e-04 2.176922166012579263e-02 8.459851476024431247e-04 1.592005888211581871e-02 4.326161672637756500e-02 -1.904685792028932179e+00 9.821672788982210855e-01 1.559653378495210740e-01 2.436405192417906082e-02 1.367750029349454888e-01 2.705036260893409900e-02 6.721903741456269898e-02 4.238106504876548719e-02 1.574865308487729751e-02 2.911314341734793960e-08 2.352951687477447166e-05
7.349707421733696344e-02 2.100720509196157548e-01 4.456080434975064064e-02 5.257379321465985300e-02 4.084103641288954942e-04 2.242166173434067752e-02 8.735121012843488630e-04 1.640326386405095704e-02 4.451442285634606838e-02 1.018047278898218444e+00 -1.965725418939453517e+00 1.600393088644160577e-01 2.509064809003562144e-02 1.403977799711116359e-01 2.785319061779670605e-02 6.911118549023798074e-02 4.360982894579590319e-02 1.622685132184189735e-02 3.012352468102259539e-08 2.432299496039068317e-05
5.669166064024260265e-01 1.204847049309776930e+00 3.837798745887849305e-01 4.374770811812908056e-01 5.652160008293488115e-03 2.185239358194910331e-01 1.164010881708161908e-02 1.675866761565023288e-01 3.834611673431288503e-01 3.166812337849521430e+00 3.135006308864416003e+00 -1.218038166341846384e+01 2.401077924561708099e-01 9.121416714128907088e-01 2.618860791167461621e-01 5.409072704929290820e-01 3.772260160670261042e-01 1.660398940415981350e-01 5.037393008145406424e-07 3.691297510881833433e-04
1.823193989456193265e+00 2.964742745922768652e+00 1.397670653312626410e+00 1.529999425988555872e+00 4.156585224382474547e-02 9.330301920221414358e-01 8.064034963772000186e-02 7.646543769535720791e-01 1.396862990803915627e+00 5.431164051924178615e+00 5.396010648090035389e+00 2.636060792456170532e+00 -3.185733727558518424e+01 2.486209467670017048e+00 1.065323255449005968e+00 1.766811847706136529e+00 1.381005726786486809e+00 7.592816457747209036e-01 4.766886473649385011e-06 3.104496500642128440e-03
6.295453242389422721e-01 1.309691344942118585e+00 4.299897620740542603e-01 4.887652476521658351e-01 6.604067950573914644e-03 2.474353140150804264e-01 1.355565646693115099e-02 1.905503841159987832e-01 4.296401974001686774e-01 3.328807002934945469e+00 3.296549779971111871e+00 1.093326671412890860e+00 2.714414676700169782e-01 -1.324491633099272825e+01 2.956096587463560854e-01 6.013521149436213964e-01 4.227995975273043383e-01 1.888175223510937251e-01 5.974969188395167346e-07 4.346190824360037365e-04
1.733226826683685218e+00 2.854104212912405014e+00 1.320094138769752456e+00 1.448211876778765950e+00 3.752100559150551434e-02 8.733498047626035987e-01 7.310384728952012967e-02 7.128924823246010067e-01 1.319313261539815096e+00 5.305930362608934026e+00 5.270853190617796891e+00 2.529919079116746516e+00 9.374032554490057123e-01 2.382457658746356177e+00 -3.049123690572272238e+01 1.678303673141181118e+00 1.303984635938200132e+00 7.077871676720262073e-01 4.230364929747694958e-06 2.776195414890824352e-03
1.040420347776171539e+00 1.937966266279141925e+00 7.461526666837171584e-01 8.349312753976150248e-01 1.468813094714158107e-02 4.558999342035753299e-01 2.955267956162499834e-02 3.597017985281130148e-01 7.456187276134713660e-01 4.202759037414562471e+00 4.168771185490237841e+00 1.665600270492929358e+00 4.955518477061365834e-01 1.544860114943621188e+00 5.349636731411807622e-01 -1.987032365209649143e+01 7.351553822833676310e-01 3.567171043021751253e-01 1.450628156905114626e-06 1.011758703549898650e-03
1.370009502942279855e+00 2.390206892339599154e+00 1.013621290448691203e+00 1.122723314437942488e+00 2.388244921665936410e-02 6.448330144207131687e-01 4.732456119650736703e-02 5.174750321675067877e-01 1.012960512392005130e+00 4.764661065048764854e+00 4.730009828945796357e+00 2.088659016067025753e+00 6.964857267864866808e-01 1.953047597527304280e+00 7.473846359381998150e-01 1.321895382283367448e+00 -2.496035764414377311e+01 5.134731323103628453e-01 2.514103909769756317e-06 1.702175570653294799e-03
2.217479080995347296e+00 3.434195092372862135e+00 1.744450001826893137e+00 1.893126881211100176e+00 6.300211507509520525e-02 1.207953579349934081e+00 1.199044200754705719e-01 1.006504039993908250e+00 1.743537681520718641e+00 5.950168653084876524e+00 5.914766851321841656e+00 3.089612894041597890e+00 1.286901645774720659e+00 2.931205522351093329e+00 1.363327167672025775e+00 2.155597104302174660e+00 1.725613132310362730e+00 -3.785226240742578341e+01 7.794402137805526523e-06 4.908749743620989016e-03
1.631018134597693248e+01 1.774013835035874465e+01 1.567078245107951595e+01 1.587982201524304315e+01 1.021288489676930844e+01 1.482207541708696041e+01 1.106038393301730949e+01 1.444450770080454838e+01 1.566947245408736755e+01 2.036594002911314405e+01 2.033006003012352281e+01 1.735509350373930104e+01 1.495914476688647277e+01 1.717390859749692211e+01 1.508706423036492872e+01 1.623040145062815753e+01 1.564366251410391051e+01 1.443152779440213784e+01 -2.905181878471101982e+02 7.131136365827979162e+00
9.185722353923042149e+00 1.061499861403573775e+01 8.547041898336628307e+00 8.755801336860290718e+00 3.234722163715781917e+00 7.700168476148770758e+00 4.013267015829218742e+00 7.323954012229275889e+00 8.545733822172563166e+00 1.324056352951687643e+01 1.320468432299496087e+01 1.023006212975109008e+01 7.836844496500642521e+00 1.004894261908243536e+01 7.964436195414891451e+00 9.106011758703550285e+00 8.519962175570654495e+00 7.311028749743622157e+00 5.736365827980198506e-03 -1.553896820363580389e+02
