-1.798349717831547778e+01 6.936924698653076371e-01 8.212090224163397512e-01 1.136746413886135842e+00 1.070199532858278957e+00 6.411191633249101463e-01 1.020417089041258940e+00 6.691691110141992915e-01 1.157065438149668113e+00 1.347779785556015408e+00 1.215212987934741085e+00 1.374310209382686443e+00 7.825583636636666007e-01 1.032075786648600113e+00 1.000890264033346577e+00 8.745631856899880319e-01 6.735041232416638657e-01 5.176615364662056074e-01 9.245534437370959147e-01 1.030769251405371456e+00
1.385428469865307655e+00 -2.535092414778365111e+01 1.162948658880612607e+00 1.551583462752634368e+00 1.471122122866851623e+00 9.316227897434166128e-01 1.410441745869969621e+00 9.681974528058526763e-01 1.576008657838186888e+00 1.802288209115237905e+00 1.645555703577860296e+00 1.833370027433897542e+00 1.113966764978959745e+00 1.424691510165349451e+00 1.386520718496054849e+00 1.230021777580976305e+00 9.738308356044953484e-01 7.679040438808080182e-01 1.292325391973697446e+00 1.423095804353483373e+00
1.203030022416339939e+00 8.530336588806127773e-01 -2.185885004762748807e+01 1.356252673466930903e+00 1.281894065365448476e+00 7.918455525891119340e-01 1.226013622989407192e+00 8.245377203128041455e-01 1.378882497009311647e+00 1.589718309369501315e+00 1.443458568931652808e+00 1.618837665412869997e+00 9.556589038496353661e-01 1.239120560353764500e+00 1.204033008575885022e+00 1.060935058541703002e+00 8.295807301623373542e-01 6.466117872887248152e-01 1.117753294392062946e+00 1.237652347719382373e+00
8.746864138861359939e-01 5.977874627526345019e-01 7.123716734669311990e-01 -1.559743140584129861e+01 9.388975832056278836e-01 5.508613235542839659e-01 8.933351815333843149e-01 5.758743494974281063e-01 1.018700131423917021e+00 1.195153345423172864e+00 1.072323724832009662e+00 1.219827038528378926e+00 6.775309649885583596e-01 9.039940102790965382e-01 8.754991091907401435e-01 7.606160657611984455e-01 5.797449313310387708e-01 4.414584537127510533e-01 8.059704719768043812e-01 9.027991704972057052e-01
9.329395328582787972e-01 6.421261228668516674e-01 7.628130653654485727e-01 1.063697583205627462e+00 -1.670607992201001935e+01 5.925431493055198784e-01 9.524291194171108366e-01 6.189843489955679789e-01 1.083170234786270392e+00 1.266445734428573555e+00 1.138954700353147498e+00 1.292009913022054368e+00 7.261718069571541090e-01 9.635635828837143535e-01 9.337891014880069784e-01 8.134757380902124524e-01 6.230734645160629359e-01 4.765495831915811387e-01 8.610275378100742394e-01 9.623156024687649079e-01
1.472876163324910115e+00 1.071643789743417230e+00 1.241781552589112048e+00 1.644678323554283894e+00 1.561560149305520007e+00 -2.702874599770705544e+01 1.498780009138348301e+00 1.038341335876165283e+00 1.669882395841063127e+00 1.902810151972664565e+00 1.741579461443510279e+00 1.934730104269755335e+00 1.190722449551605777e+00 1.513530517154905608e+00 1.474007611473227453e+00 1.311589188132695094e+00 1.044242834605251691e+00 8.277867924690911483e-01 1.376324193649454575e+00 1.511878973612070798e+00
9.798570890412584555e-01 6.781457458699695628e-01 8.036326229894071860e-01 1.114835181533383901e+00 1.049129119417110179e+00 6.264630091383484034e-01 -1.759966822211801230e+01 6.540337020023991865e-01 1.134904639282841909e+00 1.323429385412658865e+00 1.192355870308762444e+00 1.349675908939699465e+00 7.655785175299607559e-01 1.011503776816714328e+00 9.807353208922220400e-01 8.561885316800301737e-01 6.582954897394041049e-01 5.052334007092351698e-01 9.054563669199289233e-01 1.010214543894675465e+00
1.425199111014199271e+00 1.032491452805852417e+00 1.198746720312804381e+00 1.593964349497427824e+00 1.512274348995568118e+00 9.626143358761646285e-01 1.450623702002399318e+00 -2.611369547678560110e+01 1.618749946714565846e+00 1.848109655440646648e+00 1.689292343547847075e+00 1.879580289464520382e+00 1.148808626279551603e+00 1.465104791145577234e+00 1.426309461623179287e+00 1.267079604229889300e+00 1.005756503565866877e+00 7.950026628273014762e-01 1.330504282955031758e+00 1.463483288487206879e+00
8.578354381496682279e-01 5.850426578381872078e-01 6.978314970093117964e-01 9.815301314239183172e-01 9.212002347862700002e-01 5.388953958410627187e-01 8.762346392828416208e-01 5.634899467145658702e-01 -1.527689920380319144e+01 1.174413677949025958e+00 1.052978771830756166e+00 1.198820354006140620e+00 6.635214016614076060e-01 8.867522207094817865e-01 8.586371923786648708e-01 7.453620464622698893e-01 5.672964523559066441e-01 4.314173455386363654e-01 7.900666353806368170e-01 8.855731644844405670e-01
7.179097855560154784e-01 4.806822091152380683e-01 5.780273093695013076e-01 8.273433454231728934e-01 7.738357344285735628e-01 4.411831519726643891e-01 7.341193854126587537e-01 4.622096554406467939e-01 8.437736779490258021e-01 -1.261804732291463615e+01 8.910261596663736627e-01 1.022009135768402466e+00 5.482987927377626081e-01 7.433962869320112077e-01 7.186156145422706309e-01 6.193713561274618584e-01 4.654690278009160354e-01 3.499992415731115192e-01 6.584215323771587247e-01 7.423559207216698930e-01
8.118329879347411238e-01 5.504397035778602065e-01 6.582575689316528811e-01 9.310037248320094383e-01 8.728347003531474746e-01 5.064424614435101279e-01 8.295358703087623020e-01 5.298823435478470234e-01 9.488287718307554242e-01 1.117516159666373410e+00 -1.440223333932109284e+01 1.141171163927167331e+00 6.254187861511304458e-01 8.396591799515611410e-01 8.126042236425428111e-01 7.038058866746392805e-01 5.335119469290205974e-01 4.042604727448789181e-01 7.467031992878785385e-01 8.385241875856139782e-01
7.007402093826862188e-01 4.680640274338975226e-01 5.634466654128699181e-01 8.083170385283787729e-01 7.556999130220543037e-01 4.294031042697552536e-01 7.166659089396993920e-01 4.499802894645205664e-01 8.244803540061405034e-01 9.783091357684016165e-01 8.709811639271672901e-01 -1.229211221874475690e+01 5.343025811377934975e-01 7.257817566505547768e-01 7.014336097787994273e-01 6.039985692247009652e-01 4.531706591309923593e-01 3.402560879222178425e-01 6.423217440309684223e-01 7.247594007131576976e-01
1.254412363663666374e+00 8.940847649789595009e-01 1.045691903849635063e+00 1.411444964988558093e+00 1.335285806957154264e+00 8.308194495516053601e-01 1.277992517529960903e+00 8.646326262795517303e-01 1.434605401661407598e+00 1.650022792737762645e+00 1.500652786151130513e+00 1.679726581137793495e+00 -2.284155718188405970e+01 1.291435578312082999e+00 1.255441574542407235e+00 1.108417684958152405e+00 8.698462602002665633e-01 6.802740684303698604e-01 1.166840196206324620e+00 1.289929859747271257e+00
9.685957866485989110e-01 6.694755101653494522e-01 7.938195603537646639e-01 1.102574010279096406e+00 1.037343582883713866e+00 6.182935171549054365e-01 9.885837768167119455e-01 6.455947911455769406e-01 1.122502220709482135e+00 1.309786286932011379e+00 1.179559179951561010e+00 1.335871756650554909e+00 7.561015783120832445e-01 -1.738513052852744778e+01 9.694672207068066871e-01 8.459254020697123400e-01 6.498154038887636874e-01 4.983147642673350641e-01 8.947856334581150151e-01 9.987205461333072964e-01
9.991102640333349161e-01 6.930047184960548279e-01 8.204320085758853853e-01 1.135779109190740099e+00 1.069269101488007578e+00 6.404706114732273692e-01 1.019515320892224075e+00 6.684994616231794140e-01 1.156087192378664863e+00 1.346705614542270668e+00 1.214204223642542768e+00 1.373223609778799315e+00 7.818075745424071243e-01 1.031167220706807663e+00 -1.796654058702034007e+01 8.737510943881512393e-01 6.728312509197997837e-01 5.171111445856164668e-01 9.237096211178594807e-01 1.029861444644770918e+00
1.136893185689987984e+00 8.006157775809764621e-01 9.414440585417039875e-01 1.285006065761198357e+00 1.213065738090212786e+00 7.421621881326948555e-01 1.159078531680029833e+00 7.733796042298891615e-01 1.306922046462269726e+00 1.511571356127461518e+00 1.369515886674639304e+00 1.539898569224700697e+00 8.988936849581525834e-01 1.171735402069712162e+00 1.137861094388151528e+00 -2.059512495630584183e+01 7.781979453779453992e-01 6.038846399710595669e-01 1.054681761116110783e+00 1.170317420228942806e+00
1.418043123241664150e+00 1.026633835604497724e+00 1.192298730162337561e+00 1.586343931331038792e+00 1.504872464516063157e+00 9.570248346052511179e-01 1.443394489739404429e+00 9.942655035658770624e-01 1.611065452355906702e+00 1.839878027800915916e+00 1.681430946929020731e+00 1.871279659130992368e+00 1.142531260200266852e+00 1.457834403888763619e+00 1.419150250919799960e+00 1.260406945377945398e+00 -2.597641313094078797e+01 7.901099688706204605e-01 1.323631809962751538e+00 1.456217492737667207e+00
1.716218536466205924e+00 1.274725043880808206e+00 1.463347787288725055e+00 1.902075453712751107e+00 1.812366583191581171e+00 1.194586792469090719e+00 1.744350400709235416e+00 1.237529662827301369e+00 1.929204345538636733e+00 2.178426241573111710e+00 2.006197472744879029e+00 2.212383087922217939e+00 1.406977068430369737e+00 1.760351764267334973e+00 1.717448144585616676e+00 1.540111639971059931e+00 1.244127968870620160e+00 -3.170998612976982756e+01 1.610997329247537246e+00 1.758560806072741567e+00
1.079443443737094999e+00 7.554793919736977337e-01 8.908222943920626191e-01 1.222920471976804313e+00 1.153177537810073927e+00 6.994571936494544673e-01 1.100906366919929047e+00 7.293642829550317508e-01 1.244186635380636785e+00 1.443181532377158627e+00 1.304973199287878804e+00 1.470781744030968730e+00 8.498761962063247077e-01 1.113155633458114968e+00 1.080379621117859124e+00 9.472417611161095818e-01 7.339828099627514479e-01 5.673303292475370130e-01 -1.949844359925945270e+01 1.111783153659966494e+00
9.698492514053717040e-01 6.704398043534834928e-01 7.949113477193823218e-01 1.103939170497205691e+00 1.038655602468764094e+00 6.192019736120707440e-01 9.898545438946725339e-01 6.465332884872071473e-01 1.123883164484440478e+00 1.311305920721670182e+00 1.180984187585613965e+00 1.337409400713157837e+00 7.571558597472712870e-01 1.001280546133268334e+00 9.707214446447728351e-01 8.470674202289427690e-01 6.507584927376671713e-01 4.990838060727417758e-01 8.959731536599662149e-01 -1.740900837916767330e+01
