-1.918645853517823241e+01 9.714646951354769522e-01 9.006148716770205898e-01 7.962109451585241970e-01 9.660520705247233053e-01 1.063170629741077233e+00 1.303823667100102668e+00 9.501417070049155145e-01 1.527396562550805914e+00 1.015653838136028941e+00 1.209071565785760027e+00 1.129542853022060145e+00 5.147566843404352555e-03 1.064713438536651902e+00 1.731371730637850881e+00 9.722863439417664955e-01 8.027651776855910803e-01 8.863744360273341227e-01 9.584581739204099948e-01 9.321982617487268863e-01
1.029088695135475406e+00 -1.975582083832182789e+01 9.277286497367017715e-01 8.210989865871167748e-01 9.944811899262352428e-01 1.093447023033162546e+00 1.338191840538246691e+00 9.782564159893651912e-01 1.565026548069730961e+00 1.045041589846485097e+00 1.241906220099234792e+00 1.161013954011250737e+00 5.409797006443631262e-03 1.095018210653520674e+00 1.771590252277508437e+00 1.000837733802059093e+00 8.277977710085377971e-01 9.131940495120871581e-01 9.867376534209164607e-01 9.599542576677486672e-01
1.106440871677020210e+00 1.075930649736702271e+00 -2.126757863386240288e+01 8.876183207715385715e-01 1.070138881949595389e+00 1.173844430514674908e+00 1.429021309689693764e+00 1.053105528081971221e+00 1.664106232605477853e+00 1.123161270099399589e+00 1.328836695586954608e+00 1.244466762624226286e+00 6.145476157311659769e-03 1.175488286128150150e+00 1.877175145474760276e+00 1.076809725813778762e+00 8.946915133371942108e-01 9.847067648872052104e-01 1.062010579386145848e+00 1.033880189340603772e+00
1.235907945158524202e+00 1.203171986587116882e+00 1.121489320771538623e+00 -2.379115706554385667e+01 1.196952279989872858e+00 1.308063140104158251e+00 1.579349219839451868e+00 1.178650188816064981e+00 1.826989752259310151e+00 1.253828024982404310e+00 1.473174233013656131e+00 1.383430590975734065e+00 7.508668342351318761e-03 1.309820111014220245e+00 2.049842921842026211e+00 1.204115862717734631e+00 1.007668502324264859e+00 1.104999519337739544e+00 1.188220441048905895e+00 1.157974356418783435e+00
1.034734070524724325e+00 1.005539189926232035e+00 9.329948819495961221e-01 8.259372799898727635e-01 -1.986626351515421973e+01 1.099320154101965707e+00 1.344848135998083283e+00 9.837148731525532375e-01 1.572305489213537077e+00 1.050744331228925521e+00 1.248269271143802150e+00 1.167115989624900596e+00 5.461587629047292940e-03 1.100896781342441511e+00 1.779362246155394622e+00 1.006380010737572661e+00 8.326638779570263438e-01 9.184037623519309967e-01 9.922277409368132073e-01 9.653438411898008775e-01
9.393826297410773352e-01 9.120350230331626395e-01 8.442304305146748344e-01 7.445781401041581260e-01 9.068501541019657886e-01 -1.799835208642493711e+01 1.231812504591296431e+00 8.916138973578027205e-01 1.448288037696866315e+00 9.543941093956860300e-01 1.140381745111574308e+00 1.063798098621886234e+00 4.625484134843422905e-03 1.001481731120213547e+00 1.646598212419338347e+00 9.128221673806443670e-01 7.508243817832966904e-01 8.306191419280181121e-01 8.995771404949116645e-01 8.744390568935207497e-01
7.474956671001026232e-01 7.242398405382468596e-01 6.668673096896939878e-01 5.833242198394518185e-01 7.198381359980834393e-01 7.992725045912963955e-01 -1.422079402561588957e+01 7.069170810418120565e-01 1.190967625336607938e+00 7.602887077951338002e-01 9.203353435398223814e-01 8.540961988617766787e-01 3.176613711914346924e-03 8.005420144762538381e-01 1.368546631420635595e+00 7.249082956765787733e-01 5.885324818273875991e-01 6.554007381748023775e-01 7.136677068442901506e-01 6.923769091519967889e-01
1.051572707004916341e+00 1.022063415989365343e+00 9.487105280819707609e-01 8.403841888160649143e-01 1.016463873152553932e+00 1.116832897357803001e+00 1.364676081041812372e+00 -2.019557854856639523e+01 1.593970989793789483e+00 1.067752792841614173e+00 1.267230831079184661e+00 1.185305872012297090e+00 5.617820625444244070e-03 1.118425620214433591e+00 1.802480844493416168e+00 1.022913378417351415e+00 8.471932867570093340e-01 9.339519160882059357e-01 1.008606550120792145e+00 9.814249546783727629e-01
6.107275625508058470e-01 5.907335480697311070e-01 5.416112326054780546e-01 4.706237522593101352e-01 5.869544892135371006e-01 6.554070376968663680e-01 8.306266253366078045e-01 5.758709897937894784e-01 -1.150960865548071332e+01 6.217460357914466051e-01 7.607194195731423747e-01 7.029554035136215129e-01 2.317460360009369891e-03 6.565053276530499193e-01 1.159567287872398600e+00 5.913075941634474697e-01 4.750297185769170594e-01 5.318291468341065364e-01 5.816597527010125557e-01 5.634162709154355575e-01
9.845078381360243824e-01 9.562715898464857478e-01 8.861892700993997396e-01 7.829850249824042985e-01 9.509163312289256043e-01 1.047036109395685255e+00 1.285470707795133727e+00 9.351757928416137844e-01 1.507269035791446665e+00 -1.888302356555298545e+01 1.191551024265229852e+00 1.112761470386027796e+00 5.011035245553692452e-03 1.048563561062853644e+00 1.709831966067705711e+00 9.570845483492882444e-01 7.894614186654002053e-01 8.721075323535392165e-01 9.434032670329357551e-01 9.174260420073351296e-01
8.165425657857603436e-01 7.917532200992348779e-01 7.304816955869546380e-01 6.409482330136562211e-01 7.870582711438022239e-01 8.716407451115740779e-01 1.084134343539822520e+00 7.732708310791844841e-01 1.284859419573142203e+00 8.301680242652301756e-01 -1.558323989835469447e+01 9.298473645562285173e-01 3.663738442304481386e-03 8.729901211019912566e-01 1.470437600464392869e+00 7.924661242513166837e-01 6.465413581280401445e-01 7.182154502831498144e-01 7.804751427080875992e-01 7.577456492208209937e-01
8.807618530220602260e-01 8.546089540112508098e-01 7.898597626242263026e-01 6.949525909757341413e-01 8.496529896249007674e-01 9.388050986218868799e-01 1.161643198861776805e+00 8.350938720122973447e-01 1.370843403513621439e+00 8.951264703860275507e-01 1.073595364556227949e+00 -1.684714426771549256e+01 4.150881853518854914e-03 9.402251558577092716e-01 1.563300047720833197e+00 8.553614143697434447e-01 7.008920910047817809e-01 7.768783247982805618e-01 8.427023710553814828e-01 8.186904228452315246e-01
7.256240566843403350e+00 7.198878797006442731e+00 7.051412476157310039e+00 6.818904668342350206e+00 7.187872587629046350e+00 7.379506484134843447e+00 7.810597613711912857e+00 7.155279820625443321e+00 8.170079460360009094e+00 7.287250035245552482e+00 7.647285738442302971e+00 7.504024881853517570e+00 -1.396690295071867922e+02 7.382456647418536022e+00 8.473313822732320588e+00 7.200545993945716816e+00 6.834105158872715080e+00 7.020832864052716893e+00 7.172361402176671064e+00 7.118080487635973341e+00
9.379634385366520943e-01 9.106442106535210801e-01 8.429122861281499457e-01 7.433731110142201004e-01 9.054647813424417935e-01 9.985197311201949866e-01 1.230120014476253631e+00 8.902446202144332910e-01 1.446424327653049957e+00 9.529595610628533997e-01 1.138769121101991244e+00 1.062256155857709716e+00 4.613647418536200723e-03 -1.797050840084734702e+01 1.644597284887566069e+00 9.114305308446825071e-01 7.496120308899354434e-01 8.293159938212200100e-01 8.981994302761201476e-01 8.730881235478195057e-01
5.109247306378508213e-01 4.935192522775087021e-01 4.509021454747603741e-01 3.896989218420260914e-01 4.902332461553948195e-01 5.499392124193384079e-01 7.044276314206356915e-01 4.806028444934160038e-01 8.557892878723987184e-01 5.205309660677058803e-01 6.425196004643929371e-01 5.916340477208332782e-01 1.773822732321846595e-03 5.509002848875661495e-01 -9.518764208384370207e+00 4.940185089513381422e-01 3.934838624123905837e-01 4.424408495009609643e-01 4.856313608068573151e-01 4.697936322466715886e-01
1.028235343941766189e+00 9.991627338020228066e-01 9.269327258137788350e-01 8.203678627177345417e-01 9.936470107375706684e-01 1.092559167380644514e+00 1.337185295676578844e+00 9.774313784173529474e-01 1.563925594163447563e+00 1.044179548349288611e+00 1.240944124251316616e+00 1.160091414369743168e+00 5.401993945717544106e-03 1.094129530844683007e+00 1.770414508951338117e+00 -1.973912483126079920e+01 8.270624360950746823e-01 9.124066850592781330e-01 9.859078248672128453e-01 9.591396518762480561e-01
1.227164177685591051e+00 1.194572771008537648e+00 1.113264513337194783e+00 9.923705023242616052e-01 1.188380877957026183e+00 1.299011381783296892e+00 1.569259481827387726e+00 1.170161286757009478e+00 1.816097718576916931e+00 1.245006418665400405e+00 1.463469358128040243e+00 1.374072091004781671e+00 7.411158872715924856e-03 1.300761030889935554e+00 2.038329862412390447e+00 1.195512436095074627e+00 -2.362096593989289062e+01 1.096852750527038012e+00 1.179688276779640610e+00 1.149579845260652045e+00
1.122944436027333515e+00 1.092140049512087874e+00 1.015450764887206647e+00 9.018725193377393756e-01 1.086291762351930368e+00 1.190977141928017957e+00 1.448298738174802480e+00 1.069090916088206056e+00 1.685068146834106662e+00 1.139823532353539504e+00 1.347314450283149778e+00 1.262229324798280539e+00 6.309864052718491996e-03 1.192635993821219875e+00 1.899457849500961082e+00 1.093027685059278165e+00 9.090237505270374330e-01 -2.158971492177784057e+01 1.078083770085644488e+00 1.049674226154577727e+00
1.042725173920409310e+00 1.013380653420920208e+00 9.404515793861454309e-01 8.327904410489059828e-01 1.007812740936813611e+00 1.107632140494912099e+00 1.354262706844290065e+00 9.914425501207945191e-01 1.582595752701012382e+00 1.058816267032936187e+00 1.257271142708087597e+00 1.175750371055381827e+00 5.535402176670881948e-03 1.109216430276120269e+00 1.790345360806857133e+00 1.014225824867214909e+00 8.395562767796407311e-01 9.257807700856450772e-01 -2.002256602030207588e+01 9.729744356393198457e-01
1.071012261748727878e+00 1.041144257667748763e+00 9.668681893406033678e-01 8.570913564187836453e-01 1.035475841189799961e+00 1.137041056893520974e+00 1.387518909151997049e+00 1.018807954678375927e+00 1.618899270915435507e+00 1.087386042007336018e+00 1.289088649220821114e+00 1.206285422845231547e+00 5.801487635974130266e-03 1.138652123547819750e+00 1.829054632246671863e+00 1.042004651876247578e+00 8.639948452606517337e-01 9.519182261545772183e-01 1.027521435639319192e+00 -2.057556661443964430e+01
