-20.700654513970438	1.108932841368331	1.0399173997896582	1.0162248101741174	1.0057459633842973	1.5506388159774478	1.121868213754765	1.0654650574830025	1.040415214846036	1.0044305239168274	1.0107713988014397	1.0506461740640112	1.3461283066118555	1.190045301491896	1.0997426452306072	0.9643338776280928	1.0156063509340663	1.037213465470416	1.0441517649352494	0.988376388108319
0.8984458413683316	-18.560594471506022	0.9356012046608504	0.9135396968737295	0.9037899703890929	1.416380883089337	1.0120918481632375	0.959416808559145	0.936065005834379	0.9025663967801051	0.9084651400477803	0.945599248763253	1.2227474757434977	1.0759327484670875	0.9914132191885442	0.8653065228311476	0.9129641379249105	0.933082204463808	0.9395465871592483	0.8876395311985326
0.9611173997896593	1.06728820466085	-19.88229004860876	0.9769183670414117	0.966712748868261	1.4995727453453025	1.0799083109279946	1.0248992892065065	1.000485078408334	0.965431740273358	0.9716069172897276	1.0104551849251275	1.2990975905255213	1.1464663329749067	1.0583235955954136	0.9263988868094074	0.9763159820732037	0.9973653179219462	1.0041261595003381	0.9498001964714887
0.9839488101741173	1.091750696873729	1.0234423670414112	-20.362971980703513	0.9896330738760641	1.5296073137853974	1.1045570495352337	1.0487245390612787	1.023934966269919	0.9883317388469253	0.994604737989363	1.0340591079926342	1.3267439492474773	1.1720717773720137	1.082652829006824	0.9486709548552636	0.999388124848028	1.020766792853891	1.0276324212762649	0.9724507297976771
0.9942759633842947	1.1028069703890935	1.03404274886826	1.010439073876069	-20.580256671422294	1.5431465742643973	1.1156965125439495	1.0594960777266174	1.0345387106128026	0.9986895729069672	1.0050063266541334	1.044731715771978	1.3392204835925714	1.1836383537099517	1.0936495723953497	0.9587478349596108	1.0098229543561184	1.0313488916662865	1.0382613693772877	0.9826969643665521
0.5982868159774481	0.6745158830893366	0.6260207453453027	0.6095313137853975	0.6022645742643972	-12.177927256531207	0.6836805744914966	0.6438927119247537	0.6263680905692991	0.6013535040280612	0.6057475310001186	0.6335146035164515	0.84618895171132	0.7323686750443816	0.6680189760131642	0.5737061081190191	0.6091019834094649	0.6241347333538657	0.6289763788700505	0.5902551020178796
0.8872942137547655	0.9880048481632346	0.9241343109279951	0.9022590495352334	0.8925925125439497	1.4014585744914967	-18.32505971235768	0.9477519163229321	0.924594226035832	0.8913794175563877	0.8972277234493437	0.934048850094719	1.2090885184797204	1.0633429643422814	0.9794872056304482	0.8544428013544271	0.9016883864488624	0.9216364377965514	0.9280466745174658	0.8765810809120368
0.9372730574830028	1.041711808559146	0.9755072892065062	0.9528085390612779	0.9427740777266166	1.4680527119247535	1.054133916322933	-19.379823755990767	0.9759843832052424	0.9415146342029947	0.9475860231078247	0.9857909433197342	1.2701301113310342	1.119674143547018	1.0328888388652766	0.9031477086029736	0.9522162246590485	0.9729160185605976	0.9795656130841061	0.9261477132206815
0.9606452148460375	1.066782005834379	0.9995150784082524	0.9764409662699173	0.9662387106128028	1.4989500905692992	1.079398226035832	1.0244063832052441	-19.872344387775296	0.96495812570538	0.9711312636531544	1.0099668945689233	1.2985248984554556	1.1459362792364978	1.057820176966322	0.9259383583278196	0.9758387791368379	0.9968812489592228	1.0036399056161962	0.9493317813677218
0.9955825239168095	1.1042053967801053	1.035383740273358	1.011759738846924	1.001311572906941	1.5448575040280612	1.117105417556388	1.060858634202995	1.035880125705379	-20.60774080719662	1.006322267791796	1.0460818076599763	1.3407977260810013	1.1851010489934053	1.0950404999573629	0.9600228517775412	1.0111430844637435	1.0326875793378538	1.0396059601911243	0.9839933267258563
0.9893053988014366	1.0974861400477802	1.0289409172897275	1.00541473798937	0.9950103266541319	1.5366335310001187	1.1103357234493438	1.0543120231078253	1.0294352636531534	0.9937042677917892	-20.475685985443477	1.0395951866081148	1.3332175964367048	1.1780724238685938	1.0883573370432131	0.9538975186874904	1.0048006576046047	1.0262558434320177	1.0331458143731935	0.9777652776048674
0.9510081740640111	1.0564482487632525	0.9896171849251316	0.9666971079926333	0.9565637157719782	1.4862286035164516	1.0689848500947192	1.0143449433197342	0.9900988945689202	0.9552918076599761	0.9614231866081151	-19.669318530587898	1.2868282559532929	1.1351137126133088	1.0475433789567432	0.9165400099821435	0.9660989725531278	0.9870008190663103	0.993714723665783	0.9397719405122649
0.7189953066118554	0.8061014757434976	0.7507645905255216	0.7318869492474772	0.7235574835925712	1.1714079517113198	0.8165295184797199	0.7711891113310344	0.7511618984554556	0.7225127260810015	0.7275505964367047	0.759333255953293	-14.75615699736388	0.8717778031397807	0.7987033631358585	0.6907602869966357	0.7313950071167189	0.7486070450208046	0.7541449170374921	0.7097777107471379
0.8313523014918959	0.927726748467088	0.8665733329749071	0.8456547773720133	0.836415353709952	1.3260276750443818	0.9392239643422818	0.8891731435470185	0.8670132792364982	0.8352560489934053	0.8408454238685944	0.8760587126133091	1.140217803139781	-17.141808003939488	0.9195650233206951	0.7999778011542807	0.8451092543617851	0.8641840178799224	0.8703160172540613	0.8211173251676189
0.9064786452306073	1.0086362191885434	0.943859595595414	0.9216648290068241	0.9118555723953496	1.4271069760131643	1.0207972056304468	0.9678168388652768	0.9443261769663224	0.9106244999573629	0.9165593370432132	0.9539173789567442	1.2325723631358587	1.084994023320695	-18.730188410019117	0.8731332528277355	0.9210857667363879	0.9413254803247287	0.9478286003673518	0.8956056484570911
1.0365348776280918	1.147994522831148	1.0773998868094075	1.0531479548552625	1.0424188349596113	1.5982591081190192	1.1612178013544272	1.1035407086029738	1.077909358327819	1.0410718517775417	1.0475645186874902	1.0883790099821433	1.390094286996636	1.2308718011542807	1.1385982528277356	-21.468513852891505	1.0525147740119196	1.0746325704954511	1.0817332753235112	1.0246304581470345
0.9845543509340698	1.0923991379249112	1.0240639820732047	1.0006121248479902	0.9902409543561116	1.5304019834094647	1.1052103864488623	1.049356224659048	1.02455677913684	0.988939084463742	0.9952146576045945	1.0346849725531262	1.3274760071167189	1.1727502543617851	1.0832977667363877	0.9492617740119198	-20.375715000392383	1.0213873322029676	1.0282557170294746	0.9730515105211689
0.9636874654704167	1.0700432044638075	1.0026393179219188	0.979516792853893	0.9692928916662845	1.5029607333538657	1.082684437796551	1.0275820185605986	1.0031252489592268	0.9680095793378536	0.9741958434320206	1.0131128190663128	1.3022140450208046	1.1493510178799222	1.0610634803247294	0.9289055704954504	0.9789133322029698	-19.93642028399514	1.006772721222411	0.9523497639661006
0.9571107649352496	1.062992587159248	0.9958851595003563	0.9728674212762655	0.9626903693772877	1.4942873788700508	1.0755796745174662	1.020716613084104	0.9963689056161885	0.9614129601911235	0.9675708143731945	1.0063117236657748	1.2942369170374923	1.1419680172540614	1.0540516003673517	0.922491275323511	0.9722667170294749	0.9932577212224117	-19.797892208332918	0.945825587532303
1.011714388108315	1.1214645311985327	1.051938196471489	1.0280647297976784	1.0175049643665486	1.5659451020178796	1.1344930809120368	1.0776777132206816	1.0524397813677213	1.0161793267258583	1.0225692776048665	1.0627479405122646	1.360248710747138	1.203148325167619	1.112207648457091	0.9757674581470339	1.0274415105211696	1.049213763966099	1.0562045875323025	-20.946971036842324