-28.046397826353694	1.0206400794088226	1.2328074117372678	1.1894618043791367	1.2959331585764642	0.7232437810869605	1.1367735929394203	1.1788303944419332	0.9969381314063543	1.1884328691314485	1.3195516680122792	1.2884404792946291	2.95651614604123	1.5109781467410837	3.824178226977161	2.2175891222195667	1.026184630441308	1.4160235928814382	1.5427147663088046	0.9811598243283879
0.9796400794088227	-27.558207510211954	1.2094959926573208	1.1666666719097067	1.2718951674147152	0.7070381951580051	1.1146258201510526	1.1561641140930685	0.976620096222731	1.1656501686350778	1.29524931411346	1.264487194479416	2.920938704399577	1.4846743168031626	3.786057681023177	2.185690986272302	1.0054699371802551	1.3906820014561205	1.5161020921711954	0.961058976662783
0.7985274117372674	0.8162159926573209	-23.13581894483473	0.9621742985230469	1.0553292658973337	0.564988197145301	0.9163839895491042	0.9529179315852621	0.7959064029556536	0.9612780757559001	1.0761027544648374	1.0487472423908324	2.5871586695016284	1.2458438025873229	3.424915264829025	1.8903854774239308	0.8209736807083478	1.1613472837013519	1.274210820101238	0.7824123833200225
0.8318118043791366	0.8500166719097069	1.0388042985230468	-23.96026460260677	1.0955203217103833	0.5907996701903936	0.9529905419384695	0.990500273450039	0.8291137437707445	0.9990802821333437	1.1168011867306542	1.0887760442098455	2.651072413280294	1.2904332162473573	3.4945961116539133	1.9463515277346046	0.8549121285774646	1.2040549899411102	1.3194086210352547	0.8152207551910081
0.7529631585764643	0.7699251674147155	0.9466392658973337	0.9102003217103831	-21.99753858877765	0.5298791932990453	0.8661349022446513	0.9012885110634302	0.7504505382886432	0.9093373693570003	1.020052265301124	0.9936485043718581	2.497507350184773	1.184244604507459	3.3267078838461073	1.8123765258670481	0.7744888808859443	1.10243542205221	1.2117411718402757	0.7375175520691851
1.3396937810869602	1.3644881951580057	1.6157181971453012	1.5648996701903934	1.689299193299045	-35.98345234744763	1.5027897535961878	1.5523975266499477	1.3360098613318543	1.563690341024521	1.7167041078483862	1.6805912877478508	3.5064247538723166	1.9364927607014306	4.406037972111808	2.7195477317109096	1.3711372904408232	1.8279696225498387	1.9725582441871148	1.3170020567949292
0.8746635929394203	0.8935158201510528	1.0885539895491048	1.0485305419384694	1.146994902244651	0.6242297535961878	-25.01349456872338	1.0387273850218555	0.871868879887133	1.0475815337960457	1.168906051978253	1.1400489749194798	2.7315443705157545	1.3473572981880912	3.58195748069379	2.0172192161354703	0.8985839449430253	1.2586516285898426	1.37708393399398	0.8574752696417742
0.8402403944419334	0.858574114093069	1.048607931585262	1.0095602734500362	1.1056685110634301	0.5973575266499477	0.9622473850218548	-24.168138518807176	0.8375230993379962	1.0086347105778786	1.1270753502944713	1.0988839381335969	2.6670576725044888	1.3016718583932272	3.5119822511359606	1.960393690752037	0.863503945861029	1.2148275559733976	1.330797811538468	0.8235304979990896
1.0030681314063634	1.0237500962227335	1.2363164029556537	1.1928937437707443	1.299550538288643	0.7256898613318542	1.1401088798871333	1.182243099337996	-28.119824079677677	1.1918629528059455	1.3232084711801055	1.292045225517422	2.961847213565203	1.5149331853176564	3.829884712543039	2.2223754584144833	1.0293058011046423	1.4198353030202149	1.5467157874179778	0.9841892155898668
0.8326228691314488	0.8508401686350784	1.0397480757559003	1.000920282133317	1.0964973693570008	0.591430341024521	0.9538815337960458	0.9914147105778716	0.829922952805946	-23.980283372453837	1.1177904000217067	1.0897492006017933	2.652614072324079	1.291515599307154	3.4962735872979906	1.947705018544134	0.8557389420453825	1.2050923433766414	1.3205055516793212	0.8160203540385038
0.7367416680122788	0.7534393141134602	0.927572754464837	0.8916411867306541	0.9802122653011272	0.517444107848386	0.8482060519782529	0.8828553502944714	0.7342684711801054	0.8907904000217065	-21.589445841982506	0.9739452898013744	2.4649497364057757	1.1621519315053772	3.2909018897698203	1.7841938310717205	0.7579324232086421	1.0813321169333754	1.1893275638384502	0.7215394895026922
0.758200479294629	0.7752471944794164	0.9527872423908328	0.9161860442098456	1.0063785043718585	0.5339012877478506	0.8719189749194802	0.9072339381335967	0.7556752255174223	0.9153192006017938	1.0265152898013767	-22.12896948291154	2.507945234513637	1.1913589643973692	3.3381709537194326	1.8214285893613325	0.7798335277646863	1.1092340892400658	1.2189578840538877	0.7426768583930272
0.18497614604123017	0.19039870439957682	0.24989866950162923	0.23718241328029352	0.26893735018477277	0.11843475387231642	0.22211437051575442	0.23410767250448922	0.18417721356520314	0.23688407232407874	0.27621973640577596	0.2666452345136371	-6.2121766609596	0.33846791393412917	1.5563861743130014	0.6191799600091934	0.19186634323592686	0.3068701681363101	0.34934715587273046	0.18008260834955123
0.6196981467410838	0.6343943168031628	0.7888438025873231	0.7568032162473569	0.835934604507459	0.4287627607014307	0.7181872981880913	0.7489818583932268	0.6175231853176566	0.7560455993071539	0.853681931505377	0.830318964397369	2.218727913934129	-18.595318338774618	3.0174411260817258	1.573736068088717	0.6383524149933242	0.9268790474471268	1.0246695856662642	0.6063364978666423
0.09150822697716093	0.09438768102317714	0.12652526482902526	0.11957611165391323	0.13700788384610654	0.05691797211180752	0.11139748069379055	0.11790225113596058	0.09108471254303892	0.11941358729799029	0.1410418897698204	0.13574095371943204	0.5952561743130013	0.1760511260817257	-2.9826234743192943	0.34429904052506083	0.09516849401096772	0.15816408160617723	0.18226341623981582	0.08891712594132221
0.3387881222195666	0.34788998627230255	0.44586447742393087	0.42520052773460465	0.4765455258670477	0.22429673171090958	0.40052821613547024	0.42018269075203657	0.33744445841448323	0.42471401854413365	0.48820283107172024	0.4728675893613322	1.5119189600091933	0.5862150680887165	2.198168040525061	-10.919603745709544	0.35034812530604387	0.5368161430190679	0.6030649707825384	0.33054726247138444
0.9742646304413084	0.9945499371802432	1.2033336807083477	1.1606421285774646	1.2655388808859442	0.7027672904408233	1.1087739449430252	1.1501739458610287	0.9712558011046414	1.1596289420453825	1.2888224232086427	1.2581535277646865	2.911486343235927	1.477712414993324	3.775918494010968	2.1772291253060443	-27.42903899942948	1.3839774177068467	1.5090575593428432	0.955752511671991
0.6747335928814377	0.6903920014561206	0.8543372837013516	0.8204149899411097	0.9041154220522089	0.47022962254983874	0.7794716285898426	0.8121275559733976	0.6724153030202149	0.8196123433766411	0.9228521169333758	0.8981840892400661	2.33712016813631	1.0768690474471263	3.1495440816061766	1.6743271430190678	0.6946074177068465	-20.014602021585794	1.102760589075402	0.6604876248792609
0.6024947663088044	0.6168820921711955	0.7682708201012384	0.7368386210352545	0.8144911718402758	0.41588824418711473	0.6989739339939803	0.7291678115384682	0.6003657874179781	0.736095551679321	0.8319175638384505	0.8089778840538879	2.180667155872731	0.9757295856662623	2.974713416239816	1.5416459707825385	0.6207575593428432	0.9038305890754023	-18.147125263213223	0.5894167380676645
1.0190798243283876	1.0399789766627825	1.2546123833200227	1.210790755191008	1.318407552069185	0.7384720567949288	1.1575052696417745	1.2000404979990893	1.015979215589866	1.2097503540385037	1.3422694895026925	1.310836858393027	2.9895426083495513	1.5355364978666421	3.8595071259413225	2.2472682624713847	1.0455925116719917	1.4396976248792606	1.5675567380676643	-28.502424602779083