-37.85592562026401	1.9210037897726409	2.724075492499079	0.8958130533749368	1.0642653422949664	0.6271768576647619	1.6549678962738925	1.9116627948917118	1.1249438834996994	1.5940978223414057	3.0458365233908635	2.058499932619098	2.8292035312934254	2.2699564347570256	2.6705721860243377	2.302252657287233	1.605471864474813	2.2251290267133754	2.441514018029818	2.889482513060917
0.4344257897726405	-20.012936796849583	1.5912676419413414	0.3793183901383607	0.46938487912537136	0.2465843467665588	0.8230755417674097	0.9936156447640901	0.5030561540684084	0.7840644490070615	1.8490542591407917	1.0953732822582245	1.6743107805722466	1.246987922170466	1.5494649922262922	1.2706520722867587	0.7913112370044415	1.21436117136335	1.3741740515489003	1.7224541909268722
0.22347049249907888	0.5772406419413414	-11.578030168749596	0.19225236481208405	0.24361174414787407	0.11993809343699063	0.46060612790407807	0.5729460458536595	0.26324989897302065	0.43557465265954143	1.1981740476548586	0.6421305019557223	1.0629998750699885	0.7480215946658416	0.9686006808711395	0.7648411329553517	0.44020517601530545	0.7249589969145297	0.8393132476012779	1.0998948528179089
1.1119680533749368	2.082051390138361	2.9090123648120843	-40.954839741349325	1.1807531071664272	0.7083247475643552	1.804822335330442	2.0723501555117374	1.2455157141048163	1.7410986076132846	3.2372589755668395	2.224598358504923	3.0164174294433903	2.44297185546648	2.8542864315547787	2.4762410949087275	1.7530147752670122	2.39675858110678	2.619465221555421	3.0779305423585215
0.9383753422949672	1.8300728791253713	2.6183267441478746	0.8387081071664269	-36.10568969650479	0.5832597561099624	1.5708472966210774	1.8209523130856664	1.05828258966338	1.5117009768336138	2.9359902000392095	1.9644694431761733	2.7220201665051875	2.1716530983179836	2.5655920151803926	2.2033455728870077	1.5227479300334652	2.1276844475200156	2.3401410055467022	2.7815198122503135
1.4975018576647618	2.6034873467665585	3.4908680934369904	1.3624947475643547	1.5794747561099622	-50.998039377043	2.2966557340341316	2.5928460657988	1.6560332339478494	2.225254863238281	3.834838620358471	2.7591252312929657	3.6038284191813053	2.9951542571502983	3.43314411977477	3.0308816095909936	2.2386335719170862	2.9454289817422246	3.184051000876386	3.668336866596813
0.5459398962738926	1.2006255417674099	1.8521831279040781	0.4796393353304423	0.5877092966210772	0.31730273403413206	-23.93647722954352	1.1934396161358949	0.6277406290082481	0.9553175061358208	2.129372353592501	1.3075343095839507	1.9418573457597985	1.4759156617786455	1.8068951764171814	1.5020359017249065	0.9636308878377001	1.4398337517619513	1.6158299092143729	1.9936742486615182
0.43788079489171194	1.0064116447640934	1.5997690458536598	0.3824131555117374	0.47306031308566643	0.24873906579880004	0.828685616135895	-20.138899979747755	0.5069382850320253	0.7894843471502503	1.858244493248044	1.1021790634177584	1.6830466653895688	1.2543713215807264	1.5578435345156554	1.2781205623613896	0.7967668527565095	1.2216250753880669	1.3819997545481841	1.7313203883180146
0.8846688834996997	1.7493591540684084	2.5235798989730207	0.789085714104816	0.9438975896633803	0.5454332339478494	1.4964936290082482	1.7404452850320251	-34.551397655495485	1.4389487455444312	2.83731036168664	1.8808431061817237	2.625899147913936	2.083992438725317	2.4715801557983093	2.1151130211480464	1.4496920749160924	2.040836435794057	2.249567744069821	2.6846510354196673
0.5758068223414053	1.2523514490070615	1.9178886526595416	0.5066526076132846	0.6192999768336138	0.33663886323828107	1.04605450613582	1.2449753471502503	0.6609327455444315	-24.942968120224258	2.1994393753969304	1.3619845068349425	2.0090611314046214	1.5342838355848498	1.8718100529938209	1.560973855165804	1.0085718531334693	1.4973985800440166	1.6771393285093672	2.061704630632745
0.17204152339086343	0.4618372591407919	0.8249840476548588	0.14730897556683945	0.18808520003920973	0.0907186203584709	0.3646053535925013	0.4582314932480437	0.20379036168664091	0.3439353753969304	-9.210433726857246	0.5165436081262643	0.8803266954694421	0.6066755430086764	0.7975090636204303	0.6210849027625301	0.34775354433384725	0.5869582392468362	0.6851761546745953	0.9128677655394717
0.3868789326190977	0.9103302822582238	1.4711145019557224	0.33682235850492315	0.4187384431761733	0.21717923129296618	0.7449413095839508	0.9043400634177586	0.4494971061817238	0.7086545068349426	1.718717608126264	-18.246475889769883	1.5506989917560556	1.1432179682678516	1.4311209078655573	1.1656413319263599	0.715390004152802	1.1123320151227345	1.26394354809511	1.5969167786316685
0.20513853129342527	0.5368237805722464	0.9395398750699882	0.17619742944338962	0.22384516650518754	0.10943841918130544	0.42682034575979855	0.532763665389569	0.24210914791393592	0.4032871314046213	1.1300566954694415	0.5982549917560553	-10.753171213058977	0.6988223585745852	0.9094452076499169	0.7148307141134874	0.4076383771259569	0.6768869908947744	0.7858180344480901	1.035454350493201
0.3243914347570256	0.7880009221704659	1.3030615946658417	0.2812518554664798	0.35197809831798377	0.1792642571502981	0.6393786617786454	0.7825883215807263	0.3787024387253169	0.60700983558485	1.534905543008676	0.8692739682678517	1.3773223585745853	-15.819832225069868	1.2658411214077414	1.02056405634094	0.6130112242355739	0.971716781234867	1.1110062548077693	1.4205634969942302
0.23343718602433772	0.5989079922262922	1.0320706808711397	0.20099643155477845	0.2543470151803923	0.12568411977476976	0.4787881764171816	0.5944905345156553	0.27472015579830933	0.4529660529938204	1.23416906362043	0.6656069078655573	1.0963752076499165	0.7742711214077413	-12.018508672504197	0.791512000540527	0.4577440443441519	0.7506224977407641	0.8677905953009873	1.1340088886774458
0.31583765728723323	0.7708150722867588	1.2790311329553519	0.2736710949087277	0.34282057288700757	0.1741416095909941	0.6246489017249067	0.7654875623613896	0.36897302114804637	0.5928498551658041	1.50846490276253	0.8508473319263596	1.3524807141134874	0.9797140563409396	1.242232000540527	-15.477109157511926	0.598744604715938	0.9518195522648862	1.089262552084453	1.3952669624465808
0.5700858644748129	1.2425032370044415	1.9054241760153054	0.5014737752670123	0.6132519300334653	0.33292257191708635	1.0372728878377	1.2351628527565097	0.6545810749160925	0.9914768531334717	2.1861625443338473	1.351625004152802	1.996317377125957	1.523190224235574	1.8594930443441522	1.5497736047159383	-24.75147486010679	1.486455373704649	1.6654955695261242	2.048806894611846
0.33667402671337565	0.8124841713633497	1.3371089969145298	0.29214858110678005	0.3651194475200155	0.18664898174222516	0.6604067517619512	0.8069520753880667	0.39265643579405696	0.6272345800440164	1.5722982392468363	0.8954980151227341	1.4124969908947747	1.0288267812348675	1.299302497740764	1.0497795522648854	0.6333863737046488	-16.3072609647628	1.1418688000994135	1.4563696661055092
0.28158901802981806	0.7008270515489002	1.179993247601278	0.24338522155542083	0.30610600554670264	0.15380100087638654	0.5649329092143728	0.6958567545481844	0.3299177440698214	0.535505328509367	1.3990461546745951	0.77563954809511	1.2499580344480903	0.8966462548077688	1.145000595300987	0.9157525520844526	0.5409565695261243	0.8703988000994133	-14.076098897523103	1.29078610698631
0.19532751306091645	0.5148771909268725	0.9063448528179087	0.16762054235852133	0.21325481225031287	0.10385686659681304	0.4085472486615184	0.5109473883180147	0.23077103541966743	0.3858406306327446	1.092507765539472	0.5743827786316683	0.9653643504932004	0.6719734969942304	0.8769888886774457	0.6875269624465807	0.3900378946118461	0.6506696661055092	0.7565561069863099	-10.303395991529552