-27.178451281433645	1.3203356109629911	1.3575144042217349	1.1858964668373722	1.225820978816133	0.575370562015559	1.1492103417003636	2.714670291654935	2.4106745041392417	1.0344159838353144	1.395293451532832	1.4299440393514438	1.5764383096773653	1.444639299891575	1.357984851969621	0.8516687041564679	1.222498820179329	1.9233812336986567	2.074683359814686	0.9280100669780278
0.736210610962991	-20.69849760543701	1.0312376412131494	0.8880868762306503	0.9211472566274135	0.4038092057460539	0.8578421923188521	2.238354612746201	1.9585616531228462	0.7640631997916486	1.0631029504431284	1.092436759381622	1.2175453331250987	1.1049077068157889	1.031633688070518	0.6176383521045457	0.9183905451590411	1.5202942728394118	1.6548757467952786	0.6783590019427694
0.7115514042217349	0.9693996412131481	-20.074893561682007	0.8598800438075905	0.8922148596461758	0.3883678009950508	0.8303132432814706	2.190126004910719	1.913200105470367	0.7387257986086365	1.0312284557497826	1.0599875470161044	1.1827636209306458	1.072217450113297	1.0003880501813718	0.5960170468848407	0.8895180431549774	1.4805835494391646	1.6132602493985422	0.6551506466583875
0.8346264668373721	1.1209418762306504	1.1545730438075903	-23.15439363209333	1.035803866620109	0.466479378256574	0.9671869438693116	2.4239051123153064	2.1338333806683325	0.8650700738879162	1.1888259237322123	1.2203106362250375	1.3541125907857643	1.2336826530346576	1.1549990971925423	0.7043842407794687	1.0328208981129643	1.6750424008350353	1.8165804681144402	0.7712145807880423
0.8037779788161329	1.0832292566274133	1.1161348596461753	0.9650308666201097	-22.389987390465024	0.4466587401300621	0.9330001306865221	2.3668686287357388	2.079833513252469	0.833428754820338	1.1496647048602713	1.1804986731180425	1.3116764917798096	1.1935982510149392	1.1165518215800914	0.677117417626527	0.9970858362947125	1.627149710961598	1.766611342387227	0.7420704115068423
1.5949605620155591	2.007524205746054	2.0539208009950505	1.8373393782565741	1.888291740130062	-40.90997442247472	1.7901943178539343	3.617317247379161	3.283350683472097	1.6405163735563066	2.1007899935467376	2.143541384590312	2.321946206151532	2.161605682091265	2.054506137631512	1.394583275877146	1.8840656760906402	2.7315359031428477	2.905421121368374	1.4985637325795569
0.8643003417003632	1.157057192318852	1.1913662432814702	1.03354694386931	1.0701331306865216	0.48569431785393435	-23.885340580767537	2.477874456073393	2.185025606532089	0.8954905924632758	1.2262940733808227	1.2583857667626364	1.3946306964766086	1.2720117637157455	1.1918007870319958	0.730676417405556	1.067085706344637	1.7206161477580164	1.8640693253564151	0.7992810717558917
0.22519029165493462	0.33299961274620116	0.3466090049107191	0.28569511231530603	0.2994316287357391	0.10824724737916132	0.273304456073393	-6.745613067680139	0.8274236803163547	0.23596353599875197	0.360672670917277	0.3737797964597384	0.43139700492173694	0.37939866640494907	0.3467826800445991	0.1809798159129988	0.29827856964880667	0.5820952600256457	0.6540806908390921	0.2032833423747348
0.2888215041392416	0.420833653122846	0.43731010547036686	0.3632503806683323	0.38002351325246897	0.1419076834720979	0.3480826065320891	1.1950506803163543	-8.647295135702922	0.3021429876884782	0.4542963380005392	0.4700914238169575	0.5391351468273083	0.47685222091545415	0.4375201188851352	0.23380899245584108	0.37861722897887784	0.7170567279978747	0.8008602596817691	0.26163356348089006
0.9663559838353147	1.2801281997916485	1.3166287986086365	1.148280073887916	1.187411754820338	0.5528663735563066	1.1123405924632757	2.657383535998752	2.355935987688478	-26.36911354860805	1.3537349229426143	1.3877823394372055	1.5318679196474172	1.4022257711693924	1.3170907670229715	0.8215588484320677	1.1841547979565585	1.8739222581911876	2.0234064956343607	0.896038127523609
0.6875104515328322	0.9394449504431288	0.9694084557497838	0.8323129237322126	0.8639247048602714	0.37341699354673785	0.8034210733808229	2.1423696709172773	1.8683663380005393	0.7140119229426147	-19.463478646944196	1.0281839030816753	1.1486214813938005	1.0401724462768562	0.9697885115438325	0.5749835473495696	0.8612875983745774	1.4414778943924706	1.5722283768700651	0.6325474025551272
0.6663130393514435	0.9129307593816222	0.9423195470161042	0.8079496362250375	0.8389106731180425	0.36032038459031196	0.7796647667626364	2.099628796459738	1.8283134238169574	0.6922113394372055	0.9723359030816747	-18.921444782510946	1.118320720331005	1.0117703208801712	0.9426923857538556	0.5564760656796364	0.8363273271171489	1.4066651001029948	1.535657501534967	0.6126370918703947
0.5848213096773652	0.8100533331250989	0.8371096209306454	0.7137655907857643	0.74210249177981	0.3107392061515323	0.6879236964766084	1.929260004921737	1.6693711468273082	0.6083109196474173	0.8647874813938007	0.8903347203310049	-16.809996778641136	0.9012153536170455	0.8374531432153932	0.48567166434116155	0.739736132775296	1.26970611415992	1.3913645715829954	0.5362702769012311
0.6575592998915752	0.9019527068157888	0.9311004501132972	0.7978726530346575	0.8285612510149392	0.3549356820912651	0.7698417637157455	2.081798666404949	1.811625220915454	0.6832057711693925	0.9608754462768558	0.9883213208801722	1.1057523536170457	-18.696776679582626	0.9314702611696775	0.5488437748296526	0.8260004179911494	1.3921949879617441	1.5204443672918924	0.6044202843973736
0.7112458519696212	0.9690196880705166	0.9996120501814579	0.8595300971925424	0.8918558215800912	0.3881771376315121	0.8299717870319957	2.189523680044599	1.9126341188851352	0.7384117670229715	1.030832511543832	1.0595843857538545	1.1823311432153933	1.0718112611696777	-20.067144332002417	0.5957494331477434	0.8891597557355579	1.4800889823707746	1.6127416372772205	0.6548632221779203
1.1646287041564678	1.5147233521045456	1.5549400468848407	1.3686142407794684	1.4121204176265272	0.6879532758771459	1.3285464174055561	2.9834198159129985	2.668621992455841	1.2025788484320679	1.5957265473495694	1.6330670656796362	1.7902486643411615	1.6488837748296528	1.5554484331477432	-31.079376005346354	1.4085040639268822	2.158612040783438	2.317785955976933	1.0849523476758793
0.8062898201793293	1.0863065451590408	1.1192720431549772	0.9678818981129655	1.0029198362947283	0.44826667609064025	0.9357867063446375	2.3715495696488067	2.084261228978878	0.8360057979565588	1.1528615983745778	1.1837493271171486	1.3151441327752962	1.19687141799115	1.1196897557355583	0.6793350639268827	-22.4524068530612	1.6310695772548884	1.7707036697845115	0.7444421881806265
0.4335512336986564	0.6145892728394119	0.6367165494391646	0.5364824008350354	0.559362710961598	0.22211590314284796	0.5156961477580162	1.5817452600256459	1.3490797279978748	0.4521522581911877	0.6594308943924706	0.6804661001029951	0.7714931141599203	0.6894449879617442	0.6369979823707745	0.3558220407834381	0.5574485772548884	-12.752953674492332	1.1050315481169035	0.395326964459759
0.38166635981468616	0.5459837467952784	0.5662062493985421	0.4748334681144402	0.4956373423872272	0.19281412136837414	0.4559623253564152	1.4505436908390923	1.229696259681769	0.3984494956343608	0.5869943768700651	0.6062715015349669	0.6899645715829956	0.6145073672918926	0.5664636372772203	0.3118089559769337	0.4938956697845115	0.9018445481169028	-11.310799864704848	0.34725617687917504
1.0756200669780283	1.41009400194277	1.4487236466583877	1.2700945807880426	1.3117234115068426	0.626583732579557	1.2318010717558916	2.8403733423747353	2.53109656348089	1.1117081275236091	1.4879404025551273	1.523878091870395	1.6754972769012313	1.539110284397374	1.4492122221779205	0.91960234767588	1.3082611881806268	2.0327669644597592	2.1878831768791747	-28.98197050068625