-25.859913084382928	1.298925176488861	1.541711169252952	1.2728345353328094	1.5589309796405142	1.8505207694190857	1.5386550052941959	1.1727890636184217	1.089712697084548	1.0532431604695476	1.649087333360945	1.578705766912169	1.4388703582154037	1.4826074040189308	1.1515989370112991	1.0866682365613938	1.520181707426827	1.3271111442271588	1.2254608185959914	1.022298821451871
0.7508841764888611	-19.79400871269448	1.2080044086410036	0.9779347188734366	1.222931853838656	1.4788969249801454	1.205357408671458	0.8938771730660977	0.8247694037843828	0.7946387270555824	1.3014413076820646	1.2401013030682682	1.1193237135268401	1.156939006161306	0.8761889416848496	0.8222492012505827	1.18937230963221	1.0239024600465965	0.9380209060914894	0.7691747681506567
0.6030301692529522	0.8173644086410038	-16.06942732662577	0.7981764476998195	1.0132227717408127	1.242151556043613	0.9976568330076752	0.7254302030993519	0.6660545972937256	0.6402947130381107	1.0830068816348126	1.0284497840524578	0.9217585242467149	0.954879726202152	0.7101948738448602	0.6638969567525094	0.9835165751977779	0.8381918747649548	0.7635635492607116	0.6185868808517574
0.7692535353328093	1.0223947188734366	1.2332764476998197	-20.249628670940503	1.2483954907952535	1.5073701197489664	1.2305952752387128	0.9146411936627729	0.8444058767421427	0.8137663901674993	1.3278822117804439	1.265782994813775	1.1434176482414335	1.1815411244146123	0.8966694714134105	0.8418435251767357	1.2144025351321832	1.046648548670894	0.9594775957681293	0.7878639672674713
0.5939199796405146	0.8059618538386558	0.9868927717408122	0.7869654907952536	-15.836307750299891	1.227079203131959	0.9845701854140501	0.7149690245741745	0.6562341499945684	0.6307607067476726	1.0691907184304754	1.0150951990023471	0.9093561232116035	0.9421744744964833	0.6998955669102743	0.654100301100033	0.9705548051507332	0.8265841674194593	0.7527046481165665	0.6092983805842521
0.46125976941908553	0.6376769249801454	0.7915715560436126	0.6216901197489664	0.8028292031319589	-12.386252172446103	0.7895781890583249	0.561414673656654	0.5126253233554005	0.4915769933090355	0.8624865718992617	0.815811709473666	0.7252704471401891	0.7532709928755468	0.5488599624176983	0.5108595176594463	0.7775589340594288	0.6550702620190474	0.592943986284643	0.473897035913993
0.604664005294196	0.8194074086714579	1.0023468330076504	0.8001852752387127	1.0155901854140486	1.244848189058325	-16.111187571897517	0.7273052587568405	0.6678152796184718	0.642004247221199	1.0854799640232633	1.0308406743289393	0.9239797766435427	0.957154945836269	0.7120410397039956	0.6656533911435912	0.985837496722164	0.8402714596628941	0.7655095736286207	0.620252567923337
0.8450780636184217	1.114207173066098	1.3364002030993518	1.0905111936627734	1.3522690245741746	1.622964673656654	1.3335852587568406	-22.115392638065153	0.9252839175649097	0.8926175081753586	1.4355734163264304	1.3705093198011908	1.2419217322629297	1.282039920623623	0.9809031331009375	0.9225537764064013	1.3165793927852683	1.139847491086038	1.0475815337960468	0.8649659057017057
0.9153516970845486	1.1984494037843827	1.4303745972937254	1.1736258767421428	1.4468841499945686	1.7275253233554004	1.4274452796184716	1.0786339175649096	-23.824525219538035	0.9655548080579051	1.533442542263444	1.4658525465775862	1.3319363485859155	1.3737668464804953	1.0585551169264502	0.9971227647984707	1.4097438288234212	1.225289309583702	1.1286059756141444	0.93636488638835
0.9485821604695466	1.2380187270555825	1.4743147130381107	1.2126863901674994	1.4911107067476723	1.7761769933090357	1.471334247221199	1.1156675081753584	1.035254808057905	-24.626481471693488	1.579121286342461	1.5104044052027312	1.3741026176478122	1.4167009351277233	1.0951434591155822	1.032310670421163	1.4533216166320286	1.265399400099048	1.1667219326590101	0.9701088942040207
0.5487463333609448	0.7491413076820648	0.9213468816348127	0.7311222117804438	0.9338607184304756	1.1514065718992617	0.9191299640232632	0.6629434163264302	0.607462542263444	0.5834412863424611	-14.673487256050008	0.9482786613602602	0.8474245225691913	0.8786910320261635	0.64869277047803	0.6054493708439059	0.9057555794342188	0.7687164500162962	0.6986552650251998	0.563222370553141
0.5836547669121689	0.793091303068268	0.9720797840524563	0.774312994813775	0.9850551990023426	1.2100217094736665	0.9697806743289394	0.7031693198011909	0.6451625465775862	0.6200144052027313	1.0535686613602595	-15.573084931832042	0.8953467868183975	0.9278199138073379	0.6882798642085138	0.6430557217723507	0.955907730020518	0.8134800756396076	0.7404526806516236	0.5988307943203097
0.6609793582154037	0.8894737135268406	1.0825485242467154	0.8691076482414335	1.0964761232116034	1.336640447140189	1.080079776643542	0.7917417322629298	0.7284063485859155	0.7008726176478124	1.169874522569191	1.1125067868183973	-17.541998535472665	1.0349734451218504	0.7755070708895025	0.7261014587096918	1.0651772956258958	0.9115615512474491	0.8323274712702129	0.6776426434980888
0.6355664040189309	0.8579390061613061	1.0465197262021504	0.8380811244146121	1.0601444744964827	1.2954909928755471	1.0441049458362688	0.762709920623623	0.7010868464804955	0.6743209351277233	1.131991032026163	1.0758299138073373	0.9658234451218521	-16.89836165508167	0.7469071749748722	0.6988456762937673	1.029530073754394	0.8794834008564185	0.8022363548144096	0.6517502071953153
0.8623279370112991	1.13495894168485	1.3596048738448603	1.110979471413411	1.3756355669102744	1.6488499624176982	1.356761039703996	1.0193431331009388	0.9436451169264508	0.9105334591155828	1.4597627704780303	1.3940598642085138	1.2641270708895025	1.3046771749748722	-22.53664679868859	0.9408781430243246	1.3395795070247938	1.1609010212955306	1.06752465835679	0.8824970863068722
0.9180672365613944	1.2016892012505824	1.4339769567525094	1.1768235251767356	1.4505103011000329	1.7315195176594464	1.4310433911435911	1.0816637764064019	1.002882764798466	0.9683706704211628	1.537189370843906	1.4695057217723506	1.335391458709692	1.377285676293767	1.0615481430243248	-23.890205967883904	1.413316099019947	1.2285739164112695	1.1317254098803753	0.939122830657953
0.6146507074268268	0.8318823096322099	1.0166665751977786	0.8124525351321836	1.0300348051507329	1.2612889340594289	1.0142974967221636	0.738759392785268	0.6785738288234212	0.6524516166320286	1.1005655794342188	1.0454277300205184	0.9375372956258959	0.9710400737543935	0.7233195070247936	0.6763860990199471	-16.366131379247513	0.852968626331878	0.7773951456798406	0.6304331207939801
0.7316401442271591	0.9764724600465943	1.181401874764955	0.9547585486708944	1.1961241674194591	1.4488602620190476	1.178791459662894	0.8720874910860381	0.8041793095837022	0.7745894000990483	1.2735864500162963	1.2130600756396075	1.0939815512474493	1.1310534008564186	0.854701021295531	0.8017039164112693	1.1630286263318783	-19.31510479467499	0.9154934663562148	0.7495911689405372
0.8040498185959913	1.064650906091489	1.2808335492607117	1.04164759576813	1.2963046481165663	1.5607939862846432	1.2780895736286204	0.953881533796047	0.8815559756141449	0.8499719326590102	1.3775852650251998	1.3140926806516235	1.1888074712702128	1.2278663548144095	0.9353846583567897	0.8789154098803755	1.2615151456798406	1.0895534663562156	-21.108754850141075	0.823254878291059
0.9780278214518704	1.2729447681506567	1.5129968808517575	1.2471739672674713	1.5300383805842521	1.8188870359139935	1.5099725679233371	1.1484059057017058	1.0664548863883494	1.0304988942040207	1.6192923705531408	1.5496107943203097	1.4112626434980886	1.4545202071953154	1.127497086306872	1.063452830657953	1.49169312079398	1.3007911689405374	1.2003948782910594	-25.33391620899467