-29.00836764913234	1.2682414248610832	1.905956363707735	1.8312448909799917	2.0901922774595727	0.03346311347713728	1.7831082220051455	1.685657187953106	0.9402654488584263	1.5148828238643002	1.9493820579746333	1.675260624090661	1.3838934237652591	1.7290433864071257	1.7652627906768075	1.5979911251795047	1.3113860870184253	1.864806165570573	1.6332345914512794	1.0450956438315726
0.772544424861083	-23.21170871865737	1.5623718379648273	1.495134536509544	1.7295031006191537	0.022339792779158277	1.451986799314389	1.365067710964372	0.7227680359371329	1.2142240538874427	1.6015993019168522	1.3558298276267335	1.0998874017807039	1.4036922776208505	1.4360262454208845	1.2873907802232822	1.03714277626324	1.525298418747358	1.3185582791998536	0.810343117020508
0.4400063637077354	0.592118837964827	-14.029054526484334	0.949084598622296	1.1288494835224603	0.009931700261341513	0.9166998201734904	0.8521660965989696	0.4078383310264269	0.742490783524222	1.0299532213370073	0.8453637118871253	0.6614172640923371	0.8807256224125288	0.9047787151437102	0.7953129340768079	0.617716320384922	0.9718590282243171	0.8180304915239718	0.4647112019998361
0.4689148909799921	0.6285015365095442	1.0527045986222965	-14.871687078944204	1.1858127229004094	0.010841764276130383	0.9664439450492799	0.8994957025644358	0.4350454520966082	0.7854549935409824	1.083681475261556	0.892432366826156	0.7009244176566821	0.9291372704094418	0.9540849914021166	0.8404223593635052	0.6552721637004899	1.0235825133376377	0.8640378365014053	0.4948960779455359
0.37674227745957295	0.5117501006191534	0.8813494835224608	0.8346927229004096	-12.147031058561646	0.008047517620966747	0.8050874536216749	0.7462627496501677	0.3484299055099027	0.6468385201900794	0.9088592358485739	0.7400757006568062	0.5738186764835265	0.7722672903958517	0.7942036961943132	0.6946345007215794	0.534638440444563	0.8555456692741134	0.7152417511977612	0.3985453662501701
5.050203113477139	5.53477679277916	6.492621700261341	6.389911764276132	6.738237517620966	-113.90532947833555	6.322671155613865	6.183760845228376	4.931709104096426	5.930090153853396	6.55145449814201	6.168707067691892	5.725014625203361	6.246084338536818	6.2975196653276555	6.055298220427218	5.60685437191736	6.436291153652228	6.107366238738097	5.136757151492095
0.48865822200514547	0.6532337993143893	1.088199820173491	1.0343239450492794	1.2240874536216746	0.011481155613863744	-15.441409452304285	0.9314659715498075	0.453647524923737	0.8145484794838126	1.1198458852892492	0.9242310223518222	0.7277307359381053	0.9618186643972617	0.9873537627552454	0.8709311063889423	0.6807839550379704	1.0584357183835087	0.8951380650546522	0.5154941649723255
0.5315571879531059	0.706664710964372	1.1640160965989694	1.1077257025644363	1.3056127496501675	0.01292084522837465	1.0718159715498075	-16.664185157425525	0.494122583310439	0.8771041228086695	1.1970393227561842	0.9924093039588108	0.7855104150963929	1.031825623145175	1.058575882789254	0.9364318542968856	0.7358513463929778	1.1329291588242845	0.9618673761539137	0.5602049033833053
1.0622124488584257	1.3404120359371328	1.995735331026427	1.9193224520966081	2.1838269055099024	0.036916104096425456	1.8700445249237367	1.7701695833104387	-30.543594663124594	1.5947539861496045	2.0401122854899274	1.7595051402914528	1.459832322476847	1.814654120155308	1.851766751119172	1.6801862261359861	1.3849966183379725	1.9536583490320458	1.7163773926358208	1.1091120855413612
0.6175508238643003	0.8125890538874431	1.3111087835242219	1.2504529935409825	1.4629565201900796	0.016018153853395122	1.2116664794838123	1.1338721228086692	0.5754749861496047	-19.058536429506702	1.3466139111065523	1.1256313982089405	0.8995566641941343	1.168384947252658	1.1973470927172427	1.0647488746525353	0.8448392584195492	1.2776323966549117	1.0924378191530935	0.6496541498445734
0.42411205797463336	0.5720263019168518	0.9706332213370061	0.9207414752615558	1.0970392358485739	0.009444498142009698	0.8890258852892494	0.8258693227561843	0.39289528548992747	0.7186759111065522	-13.561290429411667	0.8192155877789504	0.6395605562045615	0.853812076193363	0.8773547476098463	0.7702797056656312	0.5969620139622076	0.9430537890205419	0.7924865604981322	0.44810219735588946
0.536380624090661	0.7126468276267339	1.1724337118871255	1.1158823668261562	1.3146457006568062	0.013087067691891477	1.079801022351822	1.0076293039588027	0.4986781402914528	0.884083398208941	1.2056055877789504	-16.800430864560266	0.7919685326862703	1.0396146817168836	1.0664966204762314	0.9437316738394843	0.7420127507632933	1.141203859567226	0.9693007262261841	0.5652282679153475
0.694660423765259	0.9063514017807041	1.4381342640923376	1.3740214176566823	1.5980356764835266	0.01904162520336063	1.332947735938105	1.2503774150963929	0.6486523224768473	1.107655664194134	1.4755975562045616	1.2416155326862703	-21.14855520608725	1.287040799829846	1.317768416870914	1.1767885213172973	0.9411286725013431	1.4027676505455673	1.2062921941858864	0.7296779152582126
0.5119533864071262	0.6822992776208505	1.1295856224125294	1.074377270409442	1.2686272903958515	0.012254338536818316	1.039178664397262	0.9688356231451754	0.475617120155308	0.8486269472526584	1.1619920761933633	0.9614046817168841	0.7591837998298459	-16.10790464787408	1.026204976676838	0.906630230666208	0.7107475674312674	1.0990913927803523	0.9315136347496618	0.539780747096639
0.4962127906768074	0.6626732454208847	1.1016787151437104	1.0473649914021161	1.238603696194313	0.01172966532765494	1.0127537627552423	0.9436258827892547	0.46076975111917173	0.8256290927172426	1.1335747476098463	0.9363266204762314	0.7379514168709141	0.9742449766768387	-15.658218302470587	0.8825430119544787	0.6905171868540796	1.0716746660069016	0.9069718296330993	0.5233722528417974
0.5738411251795044	0.7589377802232823	1.237112934076808	1.178602359363505	1.3839345007215793	0.014408220427217622	1.1412311063889422	1.0663818542968846	0.5340892261359864	0.9379308746525351	1.2713997056656312	1.0584616738394832	0.8418715213172969	1.0995702306662072	1.1274430119544787	-17.850484479538995	0.7896652441106028	1.204810398841855	1.0265763423041985	0.6042163693729969
0.7423010870184256	0.9637547762632394	1.514581320384922	1.4485171637004899	1.6790034404445633	0.021029371917361765	1.4061489550379704	1.3208663463929777	0.6939646183379725	1.1730862584195494	1.5531470139622077	1.3118077507632935	1.061276672501343	1.3587525674312675	1.3904821868540795	1.2447302441106027	-22.415907047083188	1.4781485832913035	1.2752703404959953	0.7790383497556235
0.45567616557057317	0.6118654187473579	1.028679028224318	0.9767825133376381	1.1598656692741132	0.010421153652228432	0.94375571838351	0.8778991588242848	0.4225813490320463	0.7658343966549116	1.0591937890205416	0.8709538595672262	0.6828706505455673	0.9070513927803515	0.9315946660069011	0.8198303988418553	0.6381035832913037	-14.487074970129031	0.8430394982978004	0.48107656007650196
0.5563945914512796	0.7374152791998536	1.2071404915239718	1.149527836501405	1.3518517511977612	0.013786238738096401	1.1127480650546522	1.0391273761539133	0.5175903926358211	0.9129298191530935	1.2409165604981323	1.0313407262261833	0.8186851941858866	1.071763634749661	1.0991818296330995	0.9738863423041968	0.7675153404959953	1.1753294982978006	-17.363194832213345	0.5860638642125408
0.9562206438315733	1.2171651170205082	1.8417862019998361	1.7683510779455358	2.02312036625017	0.031142151492094004	1.7210691649723253	1.6254299033833055	0.8982900855413612	1.4581111498445731	1.8844971973558897	1.6152332679153476	1.3300359152582124	1.667995747096639	1.7035472528417974	1.539491369372997	1.2592483497556233	1.8013315600765016	1.5740288642125408	-27.91609538616683