-27.973456918209003	1.7220964639713299	3.5042716953600097	1.9026253732918508	2.6145506363247604	1.117801155424247	2.1321538709706247	0.8508088297324433	0.9305463976363122	1.5622516461314304	3.4522523193123993	2.4310617879329253	1.2208102700685144	1.926205741320104	0.7214957263488682	1.2271020147358043	0.004833378562826763	0.00005709665657042014	0.04374957395689415	0.6087829404710849
0.51503646397133	-16.548305479095	2.456673541237924	1.1325402912223028	1.6918387157774875	0.5887672047364022	1.3067881183589825	0.42499185539404855	0.4726432557402951	0.8861809797141784	2.4103408166363454	1.542560192716129	0.6550591495152821	1.1501525877211334	0.35011813658511276	0.6591617920059428	0.001683002963293832	0.000018754825361698925	0.01635033786769624	0.2874002821057493
0.11864169536000986	0.278103541237924	-4.551161860343058	0.328929605315282	0.5767638556894268	0.14014687384580593	0.400390888952741	0.09375990262733044	0.10673583535332615	0.23691162283473974	0.971706971614162	0.5053942752637827	0.16033552983418245	0.33591378070155586	0.07425914714495785	0.1616112478134258	0.00023913279478410488	2.466086298875267e-6	0.002529358198306644	0.058786129675016355
0.441252373291851	0.8782272912223027	2.2531866053152823	-14.598197417589546	1.522305707453155	0.5066808959005293	1.161353344800553	0.3619334239929231	0.40382493481742127	0.7743829270291342	2.208486315930827	1.3817100162003262	0.565848510481459	1.0162460362452554	0.29651851026096787	0.5695203442989673	0.0013439282219371196	0.000014817666354801013	0.013218101703439787	0.24214333275685948
0.24436463632476058	0.5287127157774871	1.5922078556894268	0.6134927074531549	-8.879455489949123	0.2847535332375729	0.7291028641726447	0.19657608957047945	0.22164948958133163	0.45820256046776786	1.554541132654293	0.8925744604442384	0.3219890465288275	0.6249677823165446	0.15820431949015065	0.3243213536096925	0.0005975784772439484	6.366529525525556e-6	0.006107065391074098	0.1270839322329068
0.8907811554242467	1.568807204736402	3.2987568738458055	1.7410338959005291	2.427919533237573	-25.553523497846534	1.9612520699414344	0.7534023632183215	0.8266894575135438	1.417117376139995	3.2475637945822133	2.2498606485469246	1.0959981551945877	1.763596052662955	0.6352698811756402	1.1018758530046573	0.003970601527869672	0.00004634182058657882	0.03648536680911675	0.5330968725641355
0.36375987097062445	0.7454541183589825	2.017626888952741	0.8543323448005528	1.3308948641726448	0.4198780699414344	-12.452162734598282	0.2963102565097224	0.3318500921621956	0.6533923903406669	1.9751022311394841	1.2012439686463459	0.47097163050059826	0.8689290833759009	0.24121159572772363	0.4741527270521846	0.0010231492181437317	0.00001114396292638408	0.010203817860597623	0.19581449090481223
1.1656888297324435	1.9469318553940482	3.794269902627331	2.138186423992923	2.8816420895704793	1.2953023632183214	2.3795842565097227	-31.52934609121213	1.088781331582847	1.7764230452964973	3.7412655777896973	2.6914228242510214	1.4078543850755947	2.1630730793284902	0.854808816201469	1.414706730241154	0.006339029633614748	0.00007622185049871539	0.05610416571284116	0.7268851632031347
1.0728263976363128	1.8219832557402948	3.6346458353533255	2.007477934817421	2.7341154895813315	1.1959894575135437	2.2425240921621956	0.916181331582847	-29.551954596675824	1.65721963030501	3.582159249494334	2.5474710911928593	1.3033455654749766	2.0316643845839377	0.7797325205264256	1.309893101610108	0.005464698715190398	0.00006506397394927458	0.048976177889018674	0.660219318522744
0.5921816461314307	1.1231709797141787	2.6524716228347396	1.2656859270291343	1.858318560467768	0.6740673761399955	1.451716390340667	0.49147304529649727	0.5448696303050105	-18.508623759637164	2.604758291217942	1.7013450284938905	0.7472907586229612	1.2845550144473352	0.4070683581045167	0.7518106154910105	0.0020739390387713766	0.000023352680054271765	0.019903775523586843	0.3358394477576747
0.12375231931239937	0.2889008166363446	1.028836971614162	0.34135931593082663	0.5962271326542931	0.1460837945822131	0.41499623113948386	0.09788557778969749	0.11137924949433375	0.24632829121794178	-4.744633544438496	0.5229723854712973	0.1670290585827087	0.3485620713565069	0.07758849882994699	0.16835199905521386	0.0002518419282448283	2.6015530295879997e-6	0.002659153354496448	0.06146623393535583
0.28401878793292534	0.6025771927161289	1.7439812752637829	0.696040016200326	1.1157174604442381	0.32983764854692477	0.8225949686463463	0.22949982425102197	0.25814809119285964	0.5243720284938904	1.7044293854712975	-10.109386813875238	0.3718894564154391	0.7086458688454218	0.1854542223391101	0.37451772137786643	0.0007297899956591851	7.83693306897357e-6	0.007393894084841878	0.14953134472408955
0.8075702700685141	1.4488791495152817	3.132725529834182	1.6139815104814588	2.278935046528827	0.9097781551945883	1.8261256305005982	0.6797343850755944	0.7478255654749767	1.304120758622961	3.0822890585827087	2.105692456415439	-23.66084641678652	1.6356650869569698	0.5705213789804534	1.0055351751876276	0.0033769419360803587	0.000039040722381463884	0.03139532387472319	0.4766559528331501
0.43251474132010365	0.863521587721133	2.2278527807015553	0.9839280362452597	1.5014627823165443	0.49692505266295517	1.143632083375901	0.3545020793284904	0.39569338458393805	0.760934014447335	2.183371071356507	1.3619978688454217	0.5552140869569698	-14.361653481082072	0.2902303595122028	0.5588326512496439	0.0013059696896118302	0.000014380188424874478	0.012864188036080294	0.23685636254399672
1.3423357263488687	2.178018136585113	4.080729147144957	2.378731510260968	3.149230319490151	1.4831298811756406	2.6304455957277235	1.1607688162014695	1.258292520526426	1.997978358104517	4.026928498829948	2.9533372223391106	1.6046013789804536	2.404761359512203	-35.197646586791834	1.6119745772949636	0.008234861593574653	0.00010085701648708761	0.07117559544375252	0.8568722242155078
0.8028120147358041	1.4419317920059425	3.1229512478134254	1.606603344298967	2.2702173536096923	0.9046058530046573	1.8182567270521846	0.6755367302411538	0.743323101610108	1.29759061549101	3.0725619990552135	2.0972707213778663	0.9944851751876219	1.6282336512496438	0.5668445772949632	-23.551185193916968	0.0033445858844627797	0.00003864531255954603	0.03111554200283899	0.4734615166888495
7.3288633785628265	8.532773002963294	10.709899132794785	8.786746928221937	9.694813578477243	7.55502060152787	9.093447149218143	7.015489029633614	7.18721469871519	8.296173939038772	10.652781841928244	9.471802789995659	7.74064694193608	8.819026969689611	6.711424861593574	7.751664585884463	-144.6397145026229	0.035182457507190276	2.8442873270607056	6.4124552878736845
12.27868709665657	13.485708754825362	15.6642624660863	13.740017817666356	14.648822366529526	12.505696341820588	14.047035143962924	11.9638262218505	12.13641506397395	13.248723352680054	15.60713260155303	14.42568083693307	12.691909040722384	13.772335380188423	11.657890857016488	12.702958645312561	4.989782457507191	-238.52350500533342	7.600067754571603	11.356552805476513
4.726129573956893	5.905790337867695	8.070539358198307	6.156971101703438	7.058673065391073	4.945885366809117	6.460977817860596	4.423604165712841	4.589076177889017	5.672353775523586	8.013539153354495	6.8368168940848415	5.127015323874723	6.18893518803608	4.132715595443751	5.137785542002838	0.20263732706070547	0.003817754571600838	-97.50305584731248	3.8497923279708726
1.5309929404710847	2.416670282105749	4.366626129675017	2.625726332756859	3.419479932232907	1.6823268725641354	2.886418490904812	1.3342151632031343	1.4401493185227439	2.2281194477576745	4.3121762339353555	3.218784344724089	1.8121059528331498	2.652757362543997	1.1582422242155077	1.8199615166888494	0.010635287873684507	0.00013280547651167967	0.08962232797087309	-39.00514296645612