-41.30582029297301	1.4186625555835262	4.3809388521207335	2.472329266936234	2.9781619005578426	1.485907964660397	2.0323691331151	1.2838378703053965	1.030647329817183	1.8381031501540828	4.6943005108748475	2.0500185052337585	1.2609386449397806	2.2615499793292972	1.1770457871645195	1.950896327004262	0.8503916516823349	1.1879074324546146	4.026813754100284	2.9249996769388207
0.6731275555835264	-31.470832169226878	3.6801672839381934	1.8959893212109407	2.3535989371196693	1.0542866520428082	1.5110393960224417	0.8925772376739298	0.6963562552539102	1.3456820040317363	3.9841904936972874	1.5262117827033517	0.8745271323144408	1.7098705683334448	0.8089022777167053	1.4413178255785333	0.5614815577291745	0.8173535281244833	3.339299822848645	2.304852537303655
0.05810085212073314	0.10286428393819327	-4.800857699759779	0.28820625972217917	0.4238059277242621	0.11139201104888076	0.19645737476077985	0.08692510236602496	0.060920257555919274	0.16282366758820105	1.172145488806872	0.1997118017912187	0.08436688128429348	0.24142368870511519	0.07535212774749132	0.18186926158546796	0.045297256342598076	0.07648803645868137	0.8247956845870431	0.40791173562582406
0.27455126693623394	0.44374632121094054	2.413266259722179	-16.708267350411646	1.3290013031146761	0.4737308665573749	0.7456439917630341	0.385958954610887	0.2859069314562632	0.6432749415339806	2.6827409146861783	0.7552511029769736	0.37645424322063015	0.8743094648949146	0.3424054842076659	0.7019555510075277	0.22147759409174672	0.3467452979840646	2.119165910307802	1.2926809501285748
0.1817539005578422	0.30272593711966916	1.9502359277242622	0.7303713031146762	-12.298686637563609	0.3246814215538981	0.5298546218592848	0.2608320188273949	0.1897050420058148	0.4513995822565587	2.1974769104971656	0.5372872835073983	0.25399626885257964	0.6303409878545958	0.22964098007219957	0.49620351472864677	0.14495078032439684	0.23273356721212302	1.6847746929183565	0.9697218965767451
0.6336959646603972	0.9476096520428079	3.5820180110488806	1.8192968665573752	2.2688774215538983	-30.185622446567162	1.44314258637176	0.8441413813091351	0.6559074383417438	1.2822660454455792	3.8843169060956675	1.457926649211342	0.8267833491675685	1.6371663510964078	0.7637451377126238	1.3752537626100545	0.5271741241973918	0.7718569450527384	3.2435641150718397	2.2208797390199506
0.39545913311510045	0.6196643960224419	2.8823853747607804	1.3065119917630346	1.689352621859285	0.6584445863717598	-21.710438950226063	0.5441739619168775	0.4108312592932704	0.8733534522728316	3.1682603647437477	1.0117793912528812	0.5316569883848339	1.1563795121188838	0.48656873419329905	0.9462090026001004	0.3228789368949899	0.49233782656142344	2.5664719278346872	1.6477194882658346
0.7614398703053963	1.1157142376739295	3.887365102366025	2.061338954610887	2.534842018827395	1.1739553813091346	1.6586859619168774	-34.25991275344823	0.7868439137840263	1.484195572237697	4.194655503102445	1.6746462276169902	0.9804925208617615	1.8672301788149621	0.9094039467436245	1.5852381029585472	0.6387703256183113	0.9185737092963752	3.5418965562044757	2.4846246691993725
0.9699663298171841	1.38121025525391	4.32307725755592	2.4230039314562637	2.9254320420058146	1.447438438341744	1.9870602592932705	1.2485609137840266	-40.451452268253234	1.794959510617191	4.635834871856226	2.0045258361057763	1.2260501020987997	2.214008138947747	1.1436299007013095	1.9064631375024779	0.8235379362599751	1.1542963820177643	3.9698201775822692	2.8725768470555697
0.4661751501540828	0.719289004031736	3.113733667588201	1.4691249415339807	1.8758795822565586	0.762550045445579	1.1383354522728317	0.6346655722376966	0.48371251061719067	-24.378621626785392	3.4059457406636793	1.1511484729325425	0.6205789987012391	1.3077542447879953	0.5696985848687698	1.079711094611451	0.3829465850643123	0.5762211517885549	2.78921340251253	1.83193742471646
0.04491251087484753	0.08033749369728657	0.8455954888068722	0.23113091468617825	0.3444969104971656	0.08714090609566737	0.15578236474374732	0.06766550310244493	0.0471278718562263	0.12848574066367904	-3.7675491347910963	0.15843353099767304	0.06563730309610744	0.19255842670362375	0.0585033965540523	0.14391952821716603	0.03488335784313927	0.05940115518154996	0.6904382218045299	0.33109850936913965
0.3896415052337586	0.6113697827033516	2.862172801791219	1.2926521029769735	1.6733182835073985	0.649761649211342	0.9883123912528756	0.53666722761699	0.4048298361057759	0.8626994729325426	3.147444530997673	-21.483656504305227	0.5242851681685933	1.1435295005311268	0.4796935193654743	0.9349497568201507	0.31796098145933066	0.48539812298026325	2.5470732097979876	1.6318966608523995
0.7778126449397805	1.1369361323144402	3.9240788812842937	2.0911062432206307	2.5672782688525797	1.1958693491675683	1.6854409883848338	1.0197645208617612	0.8036051020987995	1.5093809987012392	4.231899303096107	1.7015361681685932	-34.76473447933084	1.8956429286641412	0.9279454119145198	1.6113539910145112	0.6531654181290729	0.9372424244565335	3.5778603277668735	2.516815376294563
0.326657979329297	0.5205135683334445	2.6293696887051152	1.1371954648949147	1.491856987854596	0.5544863510964073	0.8583975121188836	0.45473617881496187	0.3397971389477466	0.744790244787995	2.9070544267036236	0.869014500531127	0.4438769286641412	-18.944878011341398	0.4048766133239078	0.810021764101569	0.2649627223611127	0.40985637722526275	2.324428712331215	1.4529848512160781
0.84166578716452	1.2190572777167055	4.062810127747492	2.204803484207666	2.6906689800722	1.2805771377126238	1.7880987341932992	1.0964219467436247	0.8689309007013091	1.6062465848687701	4.372511396554052	1.8046905193654745	1.0756914119145196	2.004388613323908	-36.700729803095385	1.7116564197138726	0.7094943312183649	1.0097766548079259	3.713921578980378	2.6393179160886713
0.423569327004262	0.6595258255785329	2.977380261585468	1.3724065510075274	1.7652845147286467	0.7001387626100538	1.055792002600101	0.5803091029585469	0.43981713750247753	0.9243120946114509	3.2659805282171654	1.067999756820151	0.5671529910145111	1.217586764101569	0.5197094197138725	-22.789900120663297	0.34669359537664274	0.5257846141858079	2.6577784756700926	1.7226783953764115
1.1662036516823349	1.6228285577291746	4.683947256342598	2.735067594091747	3.257170780324397	1.6951981241973921	2.2756009368949903	1.4769803256183114	1.2000309362599753	2.070686585064313	5.000083357843139	2.294149981459331	1.4521034181290733	2.515666722361113	1.360686331218365	2.189832595376643	-45.89715033284218	1.3725474869811325	4.325813939169968	3.2025517520981843
0.8330374324546147	1.208018528124483	4.044456036458681	2.1896532979840644	2.674271567212123	1.269198945052738	1.7743778265614234	1.0861017092963754	0.8601073820177642	1.593279151788555	4.35391915518155	1.790905122980263	1.065498424456533	1.9898783772252626	0.9902866548079271	1.6982416141858079	0.7018654869811323	-36.44203747975139	3.6959063065670286	2.6230344604150693
0.07759575410028399	0.1356168228486445	1.198415684587043	0.3677259103078023	0.5319646929183567	0.14655811507183977	0.25416392783468694	0.11507655620447559	0.08128317758226832	0.2119234025125297	1.3906082218045295	0.25823220979798756	0.11176832776687304	0.3101027123312153	0.10008357898037774	0.23588747567009302	0.06078393916996669	0.10155830656702819	-6.202253549303857	0.5129047332478562
0.18977167693882074	0.31515953730365454	1.9955217356258241	0.7552309501285749	1.0309018965767451	0.3378637390199506	0.5494014882658345	0.2717946691993721	0.19802984705556945	0.46863742471645997	2.2452585093691395	0.5570456608523998	0.2647133762945633	0.6526488512160785	0.2394699160886707	0.5147773953764114	0.15151175209818368	0.2426764604150688	1.7268947332478564	-12.70730961978918