-25.270183787210783	2.1458002721886924	0.8590991141773915	2.2435938439477012	1.6459671247924637	0.11945843813024722	1.6095751141924404	1.686959483079558	0.9590487368231785	1.5340042429116902	3.444745674450793	1.6903960266592857	1.1261122239143002	1.419646132385971	0.2494117046451225	0.3040733283080421	0.6574656943956793	1.7215450726682826	1.8526397598710131	0.0006417996689307572
0.3596422721886925	-10.390509785373782	0.29644587238642206	1.0642601325973984	0.6941962385060384	0.029737591255174934	0.6734731147731965	0.7177968207576411	0.3408993502020207	0.6311338068560692	1.9558715199129313	0.719787696778532	0.419264133466866	0.5688680499581895	0.06770217770203386	0.08497358879766184	0.21248310991027786	0.7379198715166176	0.8159268939856015	0.00012754382242054552
1.1555241141773918	2.3790288723864217	-28.543445412480995	2.48105499391301	1.852594524972232	0.14838148988219257	1.8138902626562639	1.8961236746280339	1.110477627319361	1.7333302648214164	3.7165344556007054	1.89976968864299	1.293512975040085	1.6109131793218154	0.30416057887996006	0.3686015833857327	0.7745487724552984	1.932795224535724	2.0713664778706056	0.0008366519917624208
0.33155584394770166	0.9383801325973979	0.2725919939130101	-9.648281157922074	0.6467669718219407	0.026841301674537084	0.6271137620086602	0.6691672292779353	0.3140457221498968	0.5870080141510545	1.8641363048983814	0.671057720707121	0.3873742935952697	0.5281481385830235	0.061396344594268536	0.07718273031302425	0.19461426474677343	0.6882817856553506	0.7625049037228537	0.00011369956387496545
0.5502421247924638	1.3846292385060386	0.46044452497223226	1.4630799718219405	-15.15802437294754	0.05167739994305223	0.9731506829710455	1.0304417681059939	0.5238085737787666	0.91793510367508	2.4941843637727827	1.0330032720566606	0.6333076394476587	0.8358023994255639	0.11430750401316452	0.14207032401904435	0.33785475771358	1.056287013492591	1.155558717880102	0.00023899255978063132
3.4958104381302477	5.1922475912551755	3.2283084898821928	5.315231301674537	4.523754399943053	-73.45909011975317	4.471817615145046	4.581631905593269	3.4202995329582637	4.362195846612004	6.704871297015018	4.586454866277941	3.718502015080627	4.191318216254617	1.6060278825384866	1.8098058373820518	2.79922377889709	4.629970873497606	4.8094091876315614	0.012209043984393847
0.5680381141924403	1.4180941147731965	0.4759282626562637	1.4976147620086602	1.0273386829710482	0.05392861514504516	-15.583799109716672	1.058324633733758	0.5409405629640932	0.9437494667620322	2.5387082941511827	1.0609314192059287	0.6531059123732393	0.8600027290569109	0.11898976097567292	0.14776514370281185	0.3498995489842107	1.0846231992922517	1.1855648625561692	0.0002510242117546911
0.5309564830795578	1.347951820757641	0.443695674628034	1.4252022292779354	0.9701637681059948	0.04927690559326846	0.9438586337337578	-14.693390630263966	0.5052522179182689	0.8897928285780866	2.4450150292832147	1.0025110983594432	0.6118189729163493	0.8094502132086371	0.10929620296837386	0.13596758495341926	0.32486391290106525	1.0253404967713429	1.122750278993778	0.0002262782357965582
1.0421007368231772	2.2101093502020213	0.8971046273193608	2.3091357221498967	1.7025855737787667	0.1269995329582635	1.6655295629640932	1.7443072179182688	-26.164750733954573	1.5885283488873285	3.520391064403977	1.7478040186507116	1.1715580952326958	1.4718665398522848	0.26382713291573895	0.32111800656090317	0.6888564761079864	1.7794931223227397	1.91274424651902	0.0006913583873401693
0.6071602429116904	1.4904478068560691	0.5100612648214162	1.5722020141510544	1.0868161036750805	0.05899984661200453	1.0584424667620322	1.1189518285780864	0.5786323488873286	-16.510342440288618	2.633921672360367	1.12165423424943	0.6965299217308432	0.9128263980718623	0.12947803266279354	0.1604971222125582	0.37656828506079953	1.146207297584634	1.2506670515002858	0.0002785016002808259
0.12450767445079328	0.42179151991293123	0.09987145560070537	0.4559363048983813	0.2696713637727827	0.008281297015017322	0.26000729415118307	0.2807800292832145	0.11710106440397688	0.24052767236036635	-3.6535262105481023	0.28172209911812185	0.14860998725885785	0.2125373815603733	0.019773879355077236	0.025225299338246836	0.06868984355697892	0.2903375790813125	0.3281232592585752	0.00003120617120663398
0.5293750266592859	1.3449246967785324	0.4423236886429899	1.4220747207071212	0.9677072720566626	0.04908186627794053	0.9414474192059282	0.9974930983594491	0.5037310186507116	0.8874772342494296	2.440939099118122	-14.655136847249835	0.6100553094467811	0.8072833479355492	0.1088881771213847	0.1354703353940196	0.3238015398638948	1.0227915640618004	1.1200461822331744	0.0002252504870599718
0.8836742239143004	1.9629841334668658	0.7546499750400846	2.0569742935952697	1.4865946394476586	0.09971201508062658	1.4522049123732395	1.5253839729163496	0.8460680952326953	1.380935921730843	3.2264099872588576	1.528638309446781	-22.760809103884526	1.2734744331995291	0.2111478389157619	0.2586271129609137	0.5719604583730054	1.558153066217593	1.682699394662038	0.0005163200521137038
0.6725301323859708	1.6079100499581895	0.5673721793218154	1.6930701385830236	1.1844113994255643	0.06785021625461692	1.1544237290569113	1.2183372132086372	0.6416985398522845	1.0925543980718624	2.7856593815603734	1.2211883479355492	0.7687964331995293	-18.031908741497887	0.1475974184283813	0.18241710991138774	0.4216948131328915	1.2470800786043648	1.356989507909077	0.0003276546974575189
2.589543704645122	4.193992177702034	2.3478675788799603	4.3135663445942685	3.5501645040131646	0.5698078825384865	3.500658760975673	3.605431202968373	2.520907132915739	3.396454032662793	5.680143879355078	3.6100411771213845	2.7937178389157618	3.2348454184283812	-56.512708828138855	1.1552852017439879	1.9696947862920628	3.65166662904432	3.8238757312534273	0.005044844088850306
2.3482153283080422	3.915273588797662	2.1163185833857328	4.033362730313025	3.2819373240190437	0.47759583738205175	3.2334441437028114	3.3361125849534194	2.2822080065609027	3.131483122212558	5.389605299338247	3.340633335394019	2.545207112960914	2.9736751099113876	0.8592952017439877	-51.957053426051644	1.756695985043284	3.381465558047478	3.5506202600873187	0.0039043138897588044
1.444797694395679	2.785973109910278	1.2654557724552984	2.8939842647467735	2.22091175771358	0.21020377889709024	2.178768548984211	2.2681989129010653	1.3931364761079863	2.0907442850608	4.176259843556979	2.272154539863895	1.601730458373005	1.9561428131328915	0.4168947862920626	0.4998859850432842	-34.44195422148147	2.3079489239083153	2.4574672898176204	0.0012949803206534346
0.5152820726682826	1.3178148715166178	0.4301072245357239	1.3940567856553505	0.945749013492592	0.04735587349760554	0.919897199292252	0.9750804967713407	0.49017812232273966	0.8667882975846337	2.4043125790813127	0.9775495640618015	0.5943280662175933	0.7879330786043649	0.10527162904432008	0.13106055804747835	0.31435392390831546	-14.313190337812507	1.0958547910231764	0.00021619048700351
0.46042675987101334	1.2098718939856015	0.38272847787060554	1.2823299037228537	0.8590707178801018	0.04084418763156124	0.8348888625561691	0.886540278993778	0.4374792465190199	0.7852980515002858	2.2561482592585755	0.8888541822331747	0.5329243946620381	0.7118925079090772	0.0915307312534273	0.11426526008731912	0.2779222898176205	0.9099047910231761	-12.963103387095645	0.0001825903202461241
9.61522379966893	11.40086754382242	9.318993651991764	11.526733699563875	10.710545992559782	6.250439043984395	10.656370024211755	10.770811278235797	9.53222135838734	10.541704501600282	12.934851206171206	10.775828250487061	9.857536320052114	10.362025654697458	7.279494844088851	7.5743443138897595	8.828544980320654	10.821061190487004	11.006977590320247	-189.76457524454065