-33.021995772593485	1.5834663441882424	2.4463452817125204	2.4141975265126616	2.600615873029698	0.20817485815109646	1.7034075922667005	1.2876897184578413	1.4347794412951762	2.1717899863819716	2.323247415137049	1.7817926968162838	0.7721519432750714	1.130597230216396	0.34300398320519115	1.3765350381875778	1.63606979662756	2.8435078199555432	2.8209349739097505	2.1436882532671606
0.5812143441882426	-21.48001536291612	1.6921773787250982	1.6651019522994808	1.8233079615936019	0.10073323531519585	1.0914906487213485	0.7819526306102016	0.8889935738220974	1.4638949013438471	1.5889883651978978	1.1521794440346853	0.43112274971813447	0.6708665323635181	0.17349767463450766	0.8462687860642283	1.0399173997896582	2.0335552273226742	2.013831407201458	1.4409211499702403
0.2804732817125203	0.528557378725098	-11.666879398445587	0.9803010728639275	1.0967204699273143	0.040835215661569814	0.5867673517298952	0.39545913311510034	0.4597794120052404	0.8369476332402352	0.9254357538172292	0.6261145500334148	0.19970523683165015	0.3308866158857473	0.07317591460829813	0.43386571686191716	0.5537883662847244	1.2561565438504683	1.2409797279895511	0.820930023301684
0.28798552651266185	0.5411419522994807	1.0199610728639292	-11.938750851655488	1.1179194692295724	0.042148540823609526	0.6004039404407684	0.40545202724555185	0.47105891914855014	0.8546291633085205	0.9443858337099663	0.6404367400096176	0.20531262632549038	0.33951704593764676	0.07544177346317137	0.4446348956753502	0.5668346199080686	1.27923002538521	1.2638831517424962	0.838373527625827
0.24716387302969856	0.47210796159360197	0.909140469927315	0.8906794692295728	-10.438006090636959	0.03513093031993618	0.5254643642341388	0.3508882666275245	0.4093256485632376	0.7568155732412789	0.8393442887181944	0.5616387430052291	0.17496684538027663	0.29251444977163343	0.0632899247079892	0.38574873002109683	0.49521118023718474	1.1505135192904208	1.1361485794114605	0.7419132733271697
2.8111428581510967	3.705953235315196	4.80967521566157	4.77132854082361	4.991550930319935	-73.83434888110884	3.871027916081658	3.2748219544719173	3.4939671099629024	4.476540018156694	4.661935967815204	3.976398892508001	2.3981468654259075	3.028214814394044	1.4172541334099078	3.4084094216484493	3.778954060125193	5.271547086075891	5.245820292901705	4.441659567859954
0.5234355922667004	0.9137706487213487	1.5726673517298952	1.5466439404407686	1.6989443642341386	0.08808791608165782	-19.730302627206935	0.7095658560778852	0.8095699471227642	1.3538299392746764	1.4735835784942024	1.0573615277312078	0.38565880209294895	0.6063211219124066	0.15275993565177498	0.7695957606800017	0.951355297578918	1.902186740724182	1.8830819015999063	1.3318824047915538
0.7587277184578411	1.2552426306102016	2.0323691331151004	2.002702027245552	2.1753782666275243	0.14289195447191705	1.3605758560778851	-26.58173291758375	1.1260916915952046	1.780601544145715	1.9190324366352356	1.429937166027524	0.5733561154890502	0.8673258716641973	0.24130609556539329	1.0759558346769393	1.3013171751768182	2.402541192648971	2.381333536525542	1.7550466708271373
0.6634174412951761	1.1198835738220978	1.8542894120052407	1.8259089191485505	1.9914156485632377	0.11963710996290232	1.218179947122764	0.8836916915952042	-23.88907572474743	1.6142201866218453	1.7459966326191159	1.2831473426838191	0.49652765548774724	0.762169921269768	0.20414037999974882	0.9536635761001938	1.162824578327493	2.2102418337516077	2.189763514671155	1.5899563596997648
0.35193798638197143	0.6462949013438468	1.1829676332402357	1.1609891633085203	1.290415573241279	0.053720018156694097	0.7139499392746761	0.48971154414571505	0.5657301866218449	-14.184180026886182	1.099596836714651	0.7594261606576288	0.2534450760699265	0.41266245935647833	0.09525465784568313	0.5351858717085967	0.675676973147764	1.4659793062986222	1.4493450856875965	0.9818906536844522
0.3104054151370492	0.5783983651978977	1.0784657538172298	1.0577558337099668	1.1799542887181944	0.04612596781520372	0.6407135784942022	0.4351524366352358	0.5045166326191158	0.9066068367146506	-12.739497005389172	0.6827319760382418	0.22210701403360372	0.3652248147635837	0.08228187405002999	0.47660378008311716	0.6054319176163606	1.3465909858261091	1.3307618671890722	0.8896676669303063
0.4892106968162842	0.8618494440346853	1.499404550033415	1.474066740009618	1.6225087430052292	0.08084889250800133	0.9447515277312077	0.6663171660275239	0.7619273426838192	1.286696160657629	1.402991976038242	-18.668872939163922	0.3589368825898041	0.5679327341742166	0.14079384186504462	0.7236743003876659	0.8979609673261663	1.821143100874957	1.8024468492604124	1.26541102314
1.2687879432750715	1.9300107497181347	2.86221323683165	2.8281606263254906	3.0250548453802764	0.2918148654259073	2.0622668020929487	1.5989541154890503	1.7645256554877473	2.5699330760699266	2.7315850140336035	2.1481548825898042	-39.73295545397314	1.4198004547033223	0.46870549197228384	1.6991971991427186	1.9881440426265902	3.2797055253896783	3.2561220362350958	2.5398188911838373
0.8798692302163956	1.422390532363518	2.2460306158857475	2.215001045937647	2.3952384497716332	0.17451881439404415	1.5355651219124065	1.1455598716641977	1.282803921269768	1.9817864593564782	2.1273388147635837	1.6097867341742162	0.6724364547033225	-29.874740894059023	0.2910227623317338	1.2283536323571367	1.4719656421945664	2.631097232473658	2.609133020286981	1.954842538001993
2.202701983205191	3.0354476746345074	4.0987459146082985	4.061351773463171	4.276439924707989	0.6739841334099073	3.192429935651775	2.629966095565393	2.8352003799997485	3.7748046578456833	3.9548218740500296	3.2930738418650445	1.8317674919722837	2.401448762331734	-60.93948885717073	2.7548472732130933	3.1047624753207836	4.550974520108204	4.525704680417464	3.741015464800428
0.6993230381875778	1.1713087860642282	1.9225257168619172	1.8936348956753501	2.061988730021097	0.12822942164844878	1.2723557606800018	0.9277058346769395	1.0478135761001934	1.6778258717085968	1.812233780083117	1.339044300387666	0.5253491991427186	0.8018696323571364	0.21793727321309328	-24.915174659489818	1.2154737643163775	2.2841360592072357	2.263366728077753	1.6530522910803709
0.5550177966275597	0.9611173997896593	1.6386083662847246	1.6119946199080686	1.7676111802371848	0.09493406012519215	1.0502752975789178	0.7492271751768181	0.8531345783274932	1.414476973147764	1.5372219176163606	1.1094909673261661	0.41045604262659025	0.6416416421945664	0.16401247532078428	0.8116337643163777	-20.692944242989782	1.974794145508933	1.9553407806856824	1.391955060190939
0.20276581995554363	0.3950652273226743	0.7812865438504681	0.7647000253852099	0.8632235192904203	0.027837086075890832	0.44141674072418186	0.29076119264897093	0.34086183375160767	0.6450893062986222	0.718690985826109	0.4729831008749568	0.14232752538967844	0.24108323247365832	0.05053452010820432	0.3206060592072357	0.41510414550893304	-8.733078415632958	0.9868927717408124	0.6318487791997788
0.20652297390975077	0.4016714072014582	0.7924397279895514	0.7756831517424964	0.8751885794114608	0.028440292901704262	0.4486419015999061	0.2958835365255422	0.3467135146711554	0.6547850856875967	0.7291918671890725	0.4806168492604124	0.14507403623509588	0.24544902028698154	0.051594680417463866	0.32616672807775343	0.42198078068568257	1.0132227717408124	-8.880662034976885	0.641395129442985
0.3602762532671606	0.6597611499702403	1.2033900233016839	1.1811735276258268	1.3119532733271697	0.05527956785995423	0.7284424047915538	0.5005966708271372	0.5779063596997646	1.0183306536844539	1.1190976669303068	0.7745810231400001	0.25977089118383706	0.4221585380019929	0.09790546480042812	0.5468522910803708	0.6895950601909387	1.4891787791997788	1.4723951294429847	-14.468644728325584