-17.791243263843203	2.1256884001831824	0.6205370319165208	1.7085218266818547	1.182014650226334	0.6284559342688691	0.3399118278834382	1.1994162723645494	1.507814419137353	5.000151390695282	1.5637691946582024	0.41484996046300293	0.2547478594888698	0.14492870514015924	0.46825719363337387	0.5559203261663791	0.018245727187837305	0.0004911716973896753	0.05651102655142911	0.0010103454991749548
0.3657284001831822	-7.723020819808236	0.2016167366040474	0.7408906389344896	0.45385572232424204	0.2047591746234139	0.09860458650632005	0.46258880092980353	0.6260071409658915	3.340765793404585	0.6573735844170547	0.12447174174082637	0.07077369663135114	0.037586101968177014	0.1436555756350828	0.17644401234999613	0.004088082068726279	0.00009950693107784116	0.013504115755955478	0.00020740783401420766
1.5094570319165204	2.8504967366040472	-25.31253508323841	2.373997444308081	1.740252582507512	1.0111209217984125	0.5871525842212301	1.7619497227771967	2.1374468193588236	5.871027270325217	2.2039487690036923	0.7014491976098038	0.45264440018956004	0.2698530951188641	0.7809325874102762	0.9083016318054954	0.03770148792666457	0.0010877101646860714	0.11149697140404265	0.0022181187882824253
0.5211218266818544	1.31345063893449	0.2976774443080812	-10.353166714685457	0.6369983451024115	0.3020697867356886	0.15041607513922378	0.6483508605384404	0.8570252076632462	3.8662974640265384	0.8963398344840107	0.18806333663516916	0.1092811354769296	0.05915520349680733	0.2156682382314947	0.26230026711399335	0.006698177183090186	0.00016775390872384	0.02173679516429945	0.00034832386096511923
0.8377046502263341	1.8695057223242422	0.5070225825075121	1.4800883451024116	-15.337816550839245	0.5138021072652805	0.2708533046811854	1.015625547710734	1.295396675975203	4.666897871434106	1.3466935480892062	0.3330807813834728	0.20100485984873434	0.11254818800775965	0.37782461867001804	0.4519216272267727	0.01369157161219434	0.0003601837700579015	0.0430512750988914	0.0007430899051321463
1.4952159342688682	2.831479174623414	0.9889609217984114	2.356229786735688	1.7248721072652797	-25.104007774490206	0.5796331604156204	1.7464705165732957	2.1204589775290397	5.8491804916960275	2.1867295586087963	0.6928525539366006	0.44651371914881316	0.2658622459963071	0.7716363761256011	0.8979609673261657	0.037036769015769806	0.0010664814196153806	0.10967268861455563	0.0021753433923399563
2.213601827883438	3.7322545865063206	1.5719225842212299	3.2115060751392237	2.4888533046811854	1.5865631604156212	-35.642802263373156	2.514340843682282	2.9465405743221496	6.846293865595946	3.0215369870090063	1.1646618238716564	0.7981208171589471	0.5053478299868703	1.2760324751068368	1.4498740900793716	0.08157773729254349	0.002594743768277138	0.2259498570704021	0.005229079581843265
0.8240162723645493	1.847148800929804	0.49762972277719697	1.4603508605384408	0.9845355477107364	0.5043105165732963	0.265250843682282	-15.1285948975303	1.2771484351431714	4.636954462524054	1.3280138403916932	0.3264071681519332	0.1966788796479467	0.10997456313684763	0.3704150476203668	0.44335030653018087	0.013339159439150202	0.00035021591005563124	0.041997543851583566	0.0007227106070109363
0.6214444191373532	1.4995971409658917	0.3621568193588236	1.1580552076632462	0.753336675975203	0.36732897752904026	0.18648057432214912	0.7661784351431713	-11.972767427029087	4.149128455681709	1.0436214006796867	0.23185690337059553	0.1364502449832922	0.07469830823613065	0.2649099113090559	0.32036920056053936	0.00866152876750317	0.0002205311512627153	0.027815778224187203	0.00045691397024468
0.03488139069528156	0.13545579340458502	0.01683727032521775	0.08842746402653838	0.04593787143410581	0.017150491696027215	0.007333865595945834	0.04708446252405327	0.07022845568170952	-0.582265894090048	0.07503833683191943	0.00957414559941552	0.005045976471452623	0.0025079680659277274	0.011301365049190108	0.014376061639854684	0.00023630921512731205	5.142522722941177e-6	0.0008326332888428612	0.000010890022130469783
0.591389194658202	1.444953584417055	0.34264876900369257	1.1113598344840112	0.7186235480892061	0.34758955860879653	0.17546698700900637	0.7310338403916931	0.9576114006796883	4.06792833683192	-11.492472337584045	0.2185198559910878	0.1281240127894475	0.06990869277708184	0.24994109715023596	0.3027664993134801	0.008049713561904768	0.00020396744493754261	0.025930579964602206	0.00042286441799828394
1.975519960463003	3.4451017417408267	1.373199197609804	2.9361333366351694	2.238060781383473	1.3867625539366015	0.8516418238716564	2.2624771681519333	2.678896903370596	6.535514145599416	2.751569855991088	-32.13752894521557	0.6721018628268419	0.4171656142800679	1.1012205906278627	1.2605060850734777	0.06409843906373255	0.0019710774309385035	0.1815994154884485	0.0039883916706386306
2.5636678594888695	4.139653696631351	1.8726444001895597	3.6056011354769293	2.8542348598487344	1.8886737191488134	1.2333508171589471	2.880998879647946	3.331740244983292	7.279235976471453	3.4094240127894477	1.4203518628268414	-40.84252212558269	0.6514771793863936	1.5453705958265855	1.7384443590053131	0.11323352787029049	0.0037932851074168276	0.30302836554670565	0.007597348177800616
3.257358705140159	4.9099761019681765	2.493363095118864	4.358985203496807	3.5692881880077594	2.511532245996307	1.7440878299868703	3.5978045631368474	4.073498308236132	8.080207968065928	4.154718692777082	1.9689256142800677	1.4549871793863938	-51.35925304001479	2.1163820425626683	2.340224829710258	0.2021554074936982	0.007581209252726952	0.5031931878215814	0.014982667576461165
1.832887193633374	3.268245575635083	1.2566425874102765	2.767698238231495	2.086764618670018	1.2695063761256016	0.7669724751068367	2.1104450476203667	2.515909911309056	6.341201365049191	2.5869510971502363	0.9051805906278622	0.6010805958265857	0.36858204256266824	-30.0459877715991	1.1499932310759478	0.05499917444381777	0.0016581450872146387	0.15790627575737065	0.003363230276101555
1.6342103261663792	3.0146940123499966	1.097671631805496	2.5279902671139935	1.8745216272267726	1.1094909673261661	0.6544740900793719	1.8970403065301806	2.2850292005605395	6.057936061639856	2.35343649931348	0.7781260850734778	0.5078143590053134	0.3060848297102581	0.8636532310759475	-27.138187100545995	0.04386041750589616	0.0012869313054751275	0.1282473112751621	0.0026189454822281564
5.775735727187835	7.5215380820687265	4.906271487926664	6.951588177183089	6.115491571612194	4.927766769015769	3.9653777372925423	6.14622915943915	6.652521528767503	10.722996309215127	6.7379197135619044	4.260918439063731	3.5618035278702895	2.8472154074936973	4.447859174443816	4.723060417505895	-92.31005808023778	0.06620895999559209	1.8576671065894874	0.12188878400476898
9.91306117169739	11.672629506931079	9.024737710164686	11.100137753908724	10.25724018377006	9.046876481419618	8.041474743768278	10.288320215910057	10.799160531151266	14.877845142522723	10.885153967444937	8.353871077430938	7.607443285107418	6.807721209252727	8.549598145087216	8.835566931305474	4.221288959995594	-167.31455930092957	5.575873177847165	1.456559106214264
4.414791026551428	6.1317441157559545	3.580856971404042	5.5674167951642985	4.745641275098891	3.6011926886145553	2.710539857070401	4.775677543851583	5.272465778224187	9.324382633288842	5.356590579964601	2.979209415488447	2.352388365546705	1.7490431878215804	3.1515562757573696	3.4082373112751614	0.4584571065894872	0.021583177847163727	-69.64328492493493	0.04151081962024757
9.107580345499175	10.866737407834014	8.219868118788282	10.294318323860965	9.451623089905132	8.24198534339234	7.238109079581843	9.482692710607012	9.993396913970244	14.071850890022132	10.079372864417996	7.549888391670638	6.805247348177802	6.00912266757646	7.745303230276101	8.030898945482226	3.4709687840047696	0.6505591062142632	4.789800819620249	-152.09932438090166