-29.88104684180742	1.2563474758222495	3.1037475203618725	2.079085611044175	3.319257634783323	2.078853528334902	0.41568561379443775	1.2933704538466453	1.6830425635465431	1.5103225441674946	4.015804948928244	1.4142435124029138	2.0733954042893696	1.1033951090948846	1.64667930370025	1.3367828038552625	0.1832504841605457	0.28528251440007646	0.7271051911640257	0.3553946241102141
0.7811474758222495	-24.649455708632175	2.6935095535664653	1.7335767242555036	2.8999008758249905	1.73336428208779	0.30638544038378906	1.032045662802402	1.3752305509148988	1.2218468880423565	3.574393113656008	1.1373792495632493	1.7283688374900774	0.868757812335886	1.3427807678376524	1.0697535918286825	0.1301411710767465	0.20635502499230635	0.5547148114017733	0.2598038747493512
0.16414752036187216	0.22910955356646542	-6.822193268538736	0.5047300930997957	1.1257783332622642	0.5046373018419876	0.050669860008165	0.23928496869142657	0.35891269834591705	0.30303296490315246	1.5805949130859867	0.2739268899659353	0.5024575430103698	0.1892045372973212	0.3467647720533809	0.2514755221947134	0.01875303091632329	0.03179541388622318	0.1052728097363781	0.04164454231105931
0.3802616110441747	0.5099527242555033	1.7455060930997954	-13.924453737128571	1.9180945970961676	0.999847007802747	0.13049808596569953	0.5296325741263261	0.7506769575150347	0.6496158656150584	2.50580053525705	0.5955077628930812	0.9962511962496746	0.43117197152214076	0.7290014424666539	0.55300736474142	0.05120881584602802	0.0843995252997697	0.2553204961376149	0.1086991101946292
0.137837634783323	0.1936808758249901	0.883958333262264	0.43549859709616767	-5.8182984091913506	0.4354160808076787	0.041824028091746936	0.20247483195414606	0.3066897336531832	0.2578282362901737	1.4252365304388341	0.23250097717807075	0.4334778807091345	0.15931341321598202	0.29604212310823436	0.21302592724777708	0.015336071954498208	0.02611899405296682	0.08773691164807848	0.03430122787410192
0.3803355283349017	0.5100462820877898	1.7457193018419876	1.0001530078031107	1.9183180808076787	-13.926650558138377	0.1305273584451762	0.5297289433824515	0.7508022668067277	0.6497285144251176	2.5060515615485643	0.5956132474204572	0.9964038211963591	0.4312538395500813	0.7291241119205649	0.5531070196190935	0.051221171202511774	0.08441919443920538	0.25537339457947716	0.10872391272712151
1.973135613794438	2.33903544038379	4.547719860008166	3.3867720859657	4.780694028091747	3.3864953584451767	-50.93929860333546	2.3898791752849484	2.9012030588265	2.6794628670266034	5.5176232000728245	2.5528811378725105	3.3799849301541602	2.1238578299972213	2.85509356908422	2.4489342799271157	0.5088115480008933	0.7366931949809611	1.5495388730578266	0.8814825523606544
0.7547494538466454	0.9686246628024021	2.6402639686914267	1.689835574126326	2.8452738319541466	1.6896259433824516	0.29380817528494774	-23.996333724305458	1.3368122373813822	1.1861041677847444	3.5163722932844275	1.103226058522983	1.6846967166814117	0.8402798917907528	1.3049068863311533	1.0369368736095779	0.1242152606979747	0.1974131435926772	0.5343098737881068	0.2488787107519245
0.532765563546543	0.700153550914899	2.148235698345917	1.2992239575150348	2.3378327336531832	1.299043266806728	0.19347605882649926	0.7251562373813824	-18.24635673291379	0.8756206019618391	2.970169929418914	0.8081689408323803	1.2947955031422596	0.5990464827938303	0.9734894916243714	0.7547293106780625	0.07844037469899051	0.12724643130641747	0.366408000341853	0.16235459912468256
0.6200595441674945	0.8067838880423567	2.3523699649031524	1.4581768656150584	2.5489852362901737	1.4579835144251179	0.23174986702660347	0.8344621677847442	1.1356346019618395	-20.569243844486735	3.199174125710117	0.9260010189862032	1.4534376659813224	0.694308395636499	1.106809547799039	0.8671344051564029	0.09557675229756513	0.15375744155552293	0.4316165102867766	0.19522233086074323
0.0782949489282436	0.11208311365600748	0.5826849130859864	0.2671145352570498	0.6691465304388341	0.2670595615485642	0.022663200072823665	0.11748329328442701	0.18293692941891362	0.15192712571011663	-3.3339039436070204	0.13607273428635117	0.26576866998847765	0.09118196800991459	0.176133517911127	0.12398930264780388	0.008101693220503362	0.013968691697577747	0.04881420575423091	0.01847900869006754
0.6758195124029134	0.8741552495632494	2.4751028899659353	1.5559077628930809	2.6754969771780703	1.5557072474204574	0.25700713787251006	0.9034230585229823	1.2200219408323802	1.0778400189862027	3.335158734286351	-22.008682260651085	1.5509926942198622	0.754879777207698	1.189856190780762	0.9379313535276089	0.10710915513126265	0.17142901333374513	0.4738352939788621	0.21700825254714834
0.38207840428936923	0.5122518374900773	1.7507405430103697	1.0037581962496724	1.9235808807091346	1.0036048211963424	0.13121793015416036	0.5320007166814117	0.7537555031422595	0.6523836659813224	2.5119616699884775	0.5980996942198621	-13.978415314244723	0.4331840316215783	0.7320151992510388	0.5554561759877454	0.0515127346997947	0.08488328330932404	0.25662095334429835	0.10930907291848531
0.9032751090948837	1.1438378123358854	2.9286845372973205	1.9298759715221407	3.140613413215982	1.9296518395500817	0.3662878299972207	1.178780891790753	1.5492034827938301	1.3844513956364992	3.828571968009915	1.2931837772076984	1.9243810316215786	-27.60559113053024	1.5144483337993577	1.2198139699674069	0.15889866235608918	0.24934936704255947	0.6502275109105231	0.31205422638051367
0.5499003037002496	0.7212017678376522	2.189585772053381	1.331046442466654	2.3806831231082346	1.3308631119205647	0.20086456908421926	0.7467488863311529	1.0269874916243729	0.9002935477990391	3.0168645179111264	0.8315011907807617	1.3265531992510384	0.6177893337993574	-18.709694880861143	0.7769534605159228	0.08171556037542985	0.13233806862131772	0.37911932657966924	0.1686852071009983
0.7251758038552621	0.9333465918286826	2.5794685221947136	1.64022436474142	2.782838927247777	1.6400180196190934	0.2798772799271154	0.9639508736095775	1.2933993106780626	1.1457904051564027	3.4498923026478034	1.0647483535276099	1.6351661759877454	0.8083269699674066	1.2621254605159227	-23.257945643883026	0.11769848378084276	0.18754496942487128	0.5115557658697611	0.23679706330295797
2.9680604841605462	3.3901511710767473	5.743163030916325	4.534842815846028	5.981566071954498	4.534549171202512	1.7361715480008935	3.4476462606979754	4.013527374698991	3.7706497522975653	6.730421693220504	3.6303431551312633	4.527639734699794	3.1438286623560896	3.96330456037543	3.5141154837808433	-71.01167986764445	1.3565853103962113	2.456233969903046	1.5688796169291712
2.425662514400076	2.821935024992306	5.111775413886224	3.92360352529977	5.347918994052966	3.923317194439205	1.3196231949809603	2.8764141435926764	3.417903431306417	3.184400441555523	6.0918586916975785	3.050233013333745	3.9165802833093237	2.589849367042559	3.3694970686213175	2.9395319694248707	0.7121553103962106	-60.15501199905332	1.9555176861350219	1.177234730586568
1.3338851911640253	1.6366948114017732	3.6516528097363774	2.560924496137615	3.8759369116480786	2.5606713945794763	0.598868873057826	1.6797108737881066	2.1234650003418527	1.9286595102867763	4.593104205754231	1.8190392939788618	2.5547179533442983	1.4571275109105226	2.082678326579669	1.7299427658697608	0.27820396990304536	0.421917686135022	-37.405072575811104	0.5178709911937857
2.1600546241102143	2.539663874749351	4.78590454231106	3.61218311019463	5.020381227874103	3.611901912727122	1.1286925523606546	2.5921597107519245	3.1172915991246826	2.890145330860743	5.760649008690068	2.7600922525471487	3.6052860729184855	2.3168342263805135	3.0701242071009984	2.6530640633029585	0.5887296169291713	0.8415147305865689	1.715750991193786	-54.77042365471418