-27.70648045000309	1.4540646762932001	1.8035716964689188	1.3814699217433208	1.576201366252464	1.383755483984837	1.4404241386095569	1.0179809969817355	1.024276830848555	1.2783515304894348	2.9552103695041945	1.225432327699375	1.8351647819616566	1.5458197917055752	1.455263616765219	1.0823567890648227	1.3945389353880455	1.3265472198919988	1.7746012662834814	0.7514487100667012
0.6520166762931997	-18.898201568862998	1.2832352581433115	0.9427510112705029	1.097586590093252	0.9445446100934894	0.9891991682264981	0.6653126948219269	0.6699782457269542	0.862441374700211	2.2876620535815557	0.8217043127347109	1.3094184097404316	1.073166836046486	1.0009503008333116	0.7132624615572478	0.9530147462221122	0.8998261394000217	1.259306293052127	0.47282438632564555
0.4801536964689188	0.7618652581433115	-14.26984741660736	0.7146371124068248	0.8430973264684937	0.7161118232467732	0.7529303282910503	0.4906661086588525	0.4943600210473646	0.6489428546020631	1.891907917770005	0.6158782544997199	1.0223642746026698	0.8226863453419865	0.7626519320139807	0.5287548578746757	0.7230803922223824	0.6794412534285903	0.9796104896858014	0.34070716983389615
0.6961919217433209	1.059521011270502	1.3527771124068246	-20.05325905631751	1.1607798329293897	1.0018661594080713	1.0482983954776102	0.7101480765670332	0.7150437203755284	0.9163462834150128	2.3807787912811764	0.8738391216365391	1.379793617073292	1.1354640333149901	1.0605082720579528	0.7604250945869223	1.010677736248525	0.9553112026927869	1.3280736741522505	0.5074149996797798
0.5849433662524642	0.9083765900932522	1.1752573264684938	0.8547998329293898	-17.119102430099183	0.8564763557141647	0.8982584717067524	0.5971954977560867	0.6014969401359402	0.7798714078981601	2.1401277549719624	0.7419713344906652	1.2000686210364324	0.9770384801621697	0.9092670447689346	0.6414563863263123	0.8643954003994142	0.814716945774671	1.1526016476715446	0.42078302554236985
0.694747483984837	1.0575846100934894	1.350521823246773	0.9981361594080438	1.1587263557141645	-20.015687853839452	1.0463754573934476	0.7086823845102905	0.7135706220108275	0.9145894156307303	2.377780856062295	0.872138961349962	1.3775118928221501	1.1334391002579702	1.0585706912985864	0.7588845385929317	1.0088006667432416	0.9535037618875806	1.3258429639874294	0.506280108844702
0.660056138609557	1.0108791682265037	1.2959803282910505	0.9532083954776106	1.1091484717067523	0.955015457393448	-19.109354674078958	0.6734738710646876	0.6781818552545693	0.8722788071601656	2.304834291054346	0.8312140010663849	1.3223190667069349	1.08456201858562	1.0118363342706254	0.7218530495721509	0.96354895179175	0.9099563868690929	1.2719068267522677	0.4791012542254408
0.9822319969817334	1.4316116948219266	1.7783351086588526	1.3596770765670332	1.5527044977560864	1.3619413845102903	1.4180928710646874	-27.270809105582956	1.0062218505273055	1.2575507552819418	2.9241861239699674	1.2051667835834936	1.8097057731197421	1.522575046793385	1.4327999878059043	1.063633527391918	1.372624974883885	1.3052745935274332	1.7495726048293163	0.7369024535080505
0.9761098308485532	1.4238592457269543	1.7696110210473646	1.3521547203755282	1.5445879401359401	1.3544116220108275	1.4103828552545694	0.9938038505272986	-27.120391885833087	1.2503739535552822	2.9134339993682423	1.1981762953002368	1.8009039479101565	1.514546459192128	1.4250438264594316	1.0571794530833316	1.3650604129070856	1.2979334732666912	1.7409211752342508	0.7318978036292105
0.7653235304894347	1.1514613747002111	1.4593328546020627	1.0885962834150136	1.25810140789816	1.0905694156307302	1.139618807160166	0.7802717552819418	0.7855129535552821	-21.83679876207399	2.5208495775461066	0.9548666385274469	1.4875550069779861	1.2314752634538058	1.1525029419419295	0.8340382754801325	1.0998842084890068	1.0413034595659598	1.4335076042401964	0.562027403118415
0.18517236950419474	0.3196720535815558	0.4452879177700055	0.29601879128117653	0.36134775497196253	0.2967508560622953	0.315164291054346	0.18989712396996725	0.19156299936824198	0.2638395775461069	-5.586187290579066	0.24796767117340976	0.45761186437598156	0.3507594375809407	0.3200696692419639	0.20721442999263928	0.3002158483685943	0.27867304501353196	0.43412927142546703	0.12483231829668498
0.804071327699375	1.202391312734711	1.51793525449972	1.137756121636539	1.3118683344906654	1.1397859613499621	1.1902210010663847	0.8195547835834935	0.8249822953002373	1.0465336385274469	2.5966446711734097	-22.824602207224245	1.546785676702668	1.284552668527361	1.2034615807627984	0.8751999945921185	1.1493674399355363	1.0890811528140296	1.491524783560438	0.5928842082673474
0.46734678196165663	0.7436484097404313	0.9779642746026713	0.6972536170732919	0.8235086210364325	0.6987018928221502	0.7348690667069346	0.47763677311974206	0.4812529479101565	0.6327650069779861	1.8598318643759817	0.6003286767026682	-13.91504941647284	0.8034352614439031	0.7444214306397999	0.5149341797498016	0.7055459108884998	0.6626967840189492	0.9578785435631278	0.3310293731386551
0.600841791705575	0.9302368360464858	1.2011263453419865	0.8757640333149906	1.0233184801621695	0.8774691002579703	0.91995201858562	0.6133460467933852	0.617735459192128	0.7995252634538054	2.1758194375809405	0.7609356685273609	1.2262752614439032	-17.54372007495588	0.9311419059035935	0.6584988771910615	0.8855225262496855	0.8349887118722021	1.178157492620074	0.4330648187129419
0.6513156167652189	0.9990503008332831	1.2821219320139803	0.9418382720579528	1.0965770447689347	0.9436306912985855	0.9882563342706243	0.6646009878059042	0.6692628264594317	0.8615829419419292	2.2861596692419637	0.8208745807627986	1.3082914306397997	1.0721719059035932	-18.879768121329427	0.7125131828515989	0.952095276089793	0.8989420594123835	1.2582056489507423	0.47227741926091105
0.9219307890648226	1.3548844615572477	1.6917468578746755	1.2852770945869223	1.4722883863263123	1.2874665385929318	1.3417950495721511	0.9389565273919175	0.9449204530833315	1.1866402754801326	2.816826429992639	1.1361349945921186	1.7223261797498015	1.4430508771910613	1.3560351828515989	-25.782284666091105	1.2977983300325218	1.232705611140998	1.6637236611890676	0.6877769658208486
0.6879809353880456	1.0485047462221124	1.3399403922223825	0.9893977362485289	1.1490954003994143	0.9912506667432471	1.0373589517917488	0.7018159748838847	0.7066694129070855	0.9063542084890073	2.363695848368594	0.8641704399355362	1.3668059108884998	1.1239425262496856	1.0494852760897921	0.7516663300325215	-19.83950984422606	0.9450306746950861	1.3153773284419488	0.5009670842289398
0.7320192198919986	1.107346139400022	1.4083312534285903	1.0460612026927876	1.2114469457746708	1.0479837618875794	1.0957963868690934	0.7464955935274333	0.751572473266691	0.9598034595659594	2.454183045013532	0.9159141528140295	1.435986784018949	1.185438711872202	1.108362059412384	0.7986036111409976	1.0570606746950855	-20.981084950097376	1.3830334239770106	0.5356460508483585
0.4922432662834814	0.7789962930521269	1.0206704896857985	0.7309936741522504	0.861501647671544	0.7324929639874295	0.7699168267522677	0.5029636048293163	0.5067301752342506	0.6641776042401963	1.9218092714254669	0.630527783560438	1.0433385435631286	0.8407774926200742	0.7797956489507422	0.5417916611890674	0.7395773284419488	0.6952034239770104	-14.603372970616363	0.3498652709998228
1.2981117100667012	1.8215353863256458	2.210788169833896	1.7393559996797796	1.9587040255423698	1.741951108844702	1.8061322542254408	1.3193144535080503	1.3267278036292105	1.6217184031184149	3.441533318296685	1.560908208267347	2.245510373138655	1.9247058187129418	1.8228884192609112	1.3948659658208487	1.7541880842289397	1.6768370508483585	2.1788862709998225	-34.844662824348724