-24.18659859631872	1.594455772051313	1.7633432048180886	1.0572894216431592	1.4950275054581543	0.3229109977986556	1.4544993847535517	1.1152652567131138	1.208318450184174	1.2483320918186382	1.8030488960108364	1.6176386187239769	1.3468148188573916	1.4293430078788	0.7990857566643748	0.908536827689254	1.1716218129333666	1.3793505569370068	1.511535244004112	0.9601809713807564
0.5756257720513129	-14.272364281520806	1.1288386602364597	0.6143584051252616	0.9257518176125897	0.16044945810688718	0.8958418235650004	0.6540562711286508	0.7187965153421798	0.7470132582956945	1.159606922460092	1.017485744045105	0.8173996622192101	0.877381733901856	0.4438659750725375	0.514839919828319	0.6931171198301523	0.8409400012455427	0.9379940876010439	0.5490011338529115
0.4970332048180886	0.8813586602364596	-12.356297558826283	0.5316396170076777	0.8133655698351577	0.13411941670061403	0.7860580119950762	0.5672167481633864	0.6254617176326652	0.6509313805405846	1.0284497840524573	0.8974126217911117	0.7146770149207237	0.7692285292492756	0.3801500327524078	0.4429433668037236	0.6023261145270589	0.7360616419659632	0.8245565510893735	0.4733075747444781
0.9448184216431598	1.5207174051252614	1.6854786170076779	-22.93053349442236	1.42393030453803	0.2999062741864487	1.3845268239107846	1.0559200170399465	1.1458281018226892	1.184545292284026	1.7242759443812523	1.5433077040385426	1.279973113054148	1.3600830314719194	0.7519471312663699	0.8568861719152863	1.1103496455777087	1.3115404896541214	1.4399880796516678	0.9065109258533223
0.6285615054581546	1.0781158176125898	1.213209569835158	0.66993530453803	-15.546069330744068	0.1788650617720049	0.9684739258794488	0.7122597419262735	0.7811179788248992	0.8110683315692	1.245391399694489	1.096483559332265	0.8856261066011845	0.9489991569266255	0.48718422024931807	0.5634654974201629	0.7538290205739474	0.9105146885853472	1.0128939460365143	0.6000744979084528
2.2754809977986556	3.131849458106887	3.352999416700614	2.364947274186448	2.9979010617720045	-51.71203939944787	2.9424135936069624	2.4536630959181323	2.5925627076643054	2.651072413280294	3.4039443403768037	3.16266108898514	2.792242533495038	2.907696936067293	1.9452065611210367	2.128555921167015	2.5382746589060217	2.838053268891676	3.0203500608139056	2.2121640105896416
0.6517623847535517	1.1119348235650002	1.2496310119950762	0.6942608239107846	1.0322029258794487	0.18710659360696238	-16.100395623611824	0.7377011031607972	0.8083036528129375	0.8389864779758174	1.2823990368747287	1.1306703613106928	0.9153022462291829	0.9800997834723395	0.5062673412735265	0.5848253892480881	0.7803336517793651	0.94075769384618	1.0453695455739884	0.6224807763433563
0.892964256713114	1.4505852711286509	1.6112257481633865	0.9460900170399463	1.3564247419262734	0.27879209591813264	1.3181371031607974	-21.742439260428906	1.0868234973727886	1.1242658132342116	1.6491130327325845	1.4725851176400915	1.2166817246238173	1.2943995283595775	0.7078903440686585	0.8084642917921043	1.0525411515671645	1.2472920542571204	1.3720356432933722	0.8561278274371147
0.8171224501841745	1.34643051534218	1.500575717632665	0.8671031018226897	1.256387978824899	0.24879670766430587	1.2198446528129372	0.9179284973727893	-19.990083974954672	1.035471747701126	1.537022737358431	1.3675022861414727	1.1232168313983568	1.1972094887316027	0.64388832382109	0.737851526612875	0.967562989236125	1.1523384442915474	1.271299461809384	0.7825305161960195
0.7870120918186382	1.3045232582956947	1.4559213805405846	0.8356962922840259	1.2162143315692004	0.23718241328029352	1.1804034779758172	0.8852468132342111	0.9653477477011256	-19.289200731059044	1.4917571301568726	1.325203468372442	1.085797141410289	1.1582306726399512	0.6186273286024833	0.7098889628601058	0.9336769091372281	1.1142962613009733	1.2308318053660503	0.7533432445130579
0.4803688960108365	0.8557569224600918	0.9720797840524559	0.5140669443812521	0.7891773996944891	0.12869434037680327	0.7624560368747288	0.5487340327325844	0.6055387373584313	0.6303971301568728	-11.94583362884661	0.8714864020264546	0.6926598733040824	0.7459932711150885	0.36673635039474606	0.42774693669323127	0.5829680411137378	0.7135615454684745	0.8001312597002259	0.4572797249320233
0.5640386187239768	0.9827157440451041	1.1101226217911122	0.6021787040385423	0.9093495593322649	0.15649108898513991	0.8798073613106926	0.6412861176400917	0.7050982861414729	0.7329234683724419	1.1405664020264543	-13.99182171483497	0.8023656379025607	0.8615779738051277	0.43442632806662623	0.5042171799106018	0.6797819802255259	0.8256001632330933	0.92144339343743	0.5378310858467102
0.7185438188573918	1.2079586622192098	1.3527160149207236	0.7641731130541479	1.1238211066011847	0.21140153349503774	1.089768246229183	0.8107117246238169	0.8861418313983564	0.9188461414102886	1.3870688733040826	1.2276946379025606	-17.683606018972412	1.0687037822485275	0.5615145078068162	0.6464639660463842	0.8562892623973634	1.0270114108360935	1.1377321908877427	0.6870451947335028
0.6666740078788002	1.133542733901856	1.272869529249276	0.7098850314719192	1.052796156926626	0.19245793606729308	1.0201677834723413	0.7540315283595775	0.8257364887316027	0.8568816726399513	1.3060042711150885	1.1525089738051275	0.9343057822485268	-16.455470667061917	0.5185629410622051	0.5985687933744006	0.7973362931332215	0.9601182079557051	1.0661340911464539	0.6368884445219435
1.2320617566643746	1.8956719750725373	2.0794360327524073	1.2973941312663695	1.7866262202493182	0.42561256112103635	1.7419803412735264	1.3631673440686585	1.4680603238210899	1.5129233286024835	2.122392350394746	1.9210023280666262	1.622761507806816	1.7142079410622046	-29.387201910187947	1.1270148016043524	1.4267905604333004	1.6588759165070441	1.804777687444161	1.1864448019768892
1.0974048276892547	1.722537919828319	1.8981213668037236	1.158225171915286	1.6187994974201632	0.364853921167015	1.576430389248088	1.2196332917921042	1.3179155266128748	1.360076962860106	1.939294936693231	1.7466851799106018	1.463602966046384	1.5501057933744007	0.8829068016043523	-26.38461265827931	1.279196680345088	1.4977321619441937	1.6360428592098286	1.0550464038142944
0.8460168129333663	1.3863421198301522	1.543031114527059	0.8972156455777086	1.2946900205739476	0.2600996589060219	1.257465651779365	0.9492371515671648	1.033153989236123	1.0693919091372293	1.5800430411137376	1.407776980225526	1.1589552623973636	1.2344002931332212	0.6682095604333005	0.764723680345088	-20.659841052586167	1.1886570624311288	1.309874705376084	0.8105563930625808
0.6975345569370067	1.177954001245543	1.3205556419659632	0.7421954896541214	1.095164688585347	0.2036672688916759	1.0616786938461795	0.7877770542571204	0.8617184442915473	0.893800261300974	1.3544255454684746	1.197384163233093	0.9734664108360943	1.040971207955704	0.5440839165070441	0.6270481619441938	0.8324460624311287	-17.187441766387025	1.108847773784857	0.666722423250954
0.6193912440041124	1.0646800876010436	1.1987225510893735	0.6603150796516679	0.9872159460365192	0.1756360608139055	0.9559625455739886	0.7021926432933719	0.7703514618093839	0.8000078053660503	1.230667259700226	1.0828993934374294	0.8738591908877427	0.936659091146454	0.47965768744416115	0.5550308592098289	0.743335705376084	0.8985197737848566	-15.326326274840996	0.5912218886147935
1.0409049713807568	1.6485551338529114	1.820341574744478	1.0997059258533217	1.5472644979084529	0.34031801058964134	1.5059417763433562	1.1591528274371146	1.254450516196019	1.2953872445130579	1.8606837249320232	1.6721550858467098	1.3960401947335026	1.4802814445219432	0.8341928019768892	0.9469024038142948	1.2168853930625807	1.4292624232509537	1.5640898886147934	-25.1125158395728