-33.657782691055566	1.9272567541007692	5.171144314538874	3.9343449112823743	4.692904212921151	1.5560519331447065	0.001748110011352373	2.6573952748765826	1.177268075521022	2.0727205096579024	3.8599920675584944	0.13009633253305947	0.9611806942170942	2.2408328545631115	1.209416864783185	2.0240447367333716	4.769778694089969e-6	0.00002200077067946865	0.041059910386359935	0.0002983636767838158
0.43212975410076926	-19.829963156343098	3.7434639521110733	2.6023639127829066	3.2935522624950657	0.7564420445536847	0.00046092950346715296	1.5336551169168817	0.5299021904509084	1.1008259562426586	2.5364678731854697	0.041269064059368095	0.4114573247687284	1.2208955444618663	0.5482137175890005	1.0667637438544917	1.1763765113194624e-6	5.487006874185353e-6	0.01201665086563825	0.00007645501773421886
0.0302643145388734	0.09771095211107324	-2.5808283771429705	0.48991590662760964	0.7736976195656246	0.06492815966655704	0.000016423930322578897	0.19188980898207422	0.03966839281502178	0.11307515293729546	0.46679003619683357	0.0018870475473983564	0.02839011209834373	0.13280337953132396	0.04152904569534216	0.10776372194788528	3.7509127752940596e-8	1.784807565530666e-7	0.0004954830699624545	2.6038915439647355e-6
0.0836649112823746	0.24681091278290654	1.7801159066276095	-6.325245239047778	1.4510458499173635	0.17005965677604393	0.00005402739724452752	0.45007830514712166	0.10777747283660567	0.2815271948553971	0.9607425597411209	0.00580707464715397	0.0787856992897644	0.3251124594244362	0.11248128322194471	0.26960652384269157	1.275413161831522e-7	6.031720414250625e-7	0.0015659914531045004	8.679091537015434e-6
0.044964212921150985	0.1407392624950657	1.2666376195656246	0.6537858499173637	-3.7667573819676416	0.09469801242767391	0.000025915503162359876	0.26931056645315704	0.05858797286354276	0.16205505922024985	0.6248480089432479	0.002908481129320399	0.042235006605685244	0.18921213018782	0.06127063508984016	0.15470336306930196	5.990101283015786e-8	2.843897997049444e-7	0.0007708130438621749	4.128240760637829e-6
0.5954319331447064	1.2909490445536849	4.245188159666557	3.0601196567760436	3.782018012427674	-24.30639597176136	0.0007445332980126096	1.9022187454180328	0.719905657110524	1.4088986630464362	2.990441297843907	0.06289976175082038	0.5687855136176213	1.5477264126245889	0.7429531892021168	1.369198443108163	1.94239345884031e-6	9.02616498291569e-6	0.018781331453762085	0.00012464816026542218
8.489838110011354	9.983677929503466	13.628986423930325	12.338824027397246	13.136055915503164	9.449454533298013	-156.44560307244643	10.909723465444461	8.82516886787127	10.178902569534763	12.259258124773945	5.255814463898058	8.411293691537047	10.396924479610464	8.882464423824917	10.114308756338943	0.010035642598093579	0.039038364584738416	3.818082756968289	0.3177505258178636
0.23596127487658228	0.607348116916882	2.911335808982074	1.8793243051471216	2.4958165664531573	0.44140474541803293	0.0001994654444597886	-13.343582599585588	0.2958435581684011	0.6786354345092755	1.8222225217715922	0.0194246382869177	0.22354769550847184	0.7653696229628346	0.3072656985843696	0.6543908064365266	4.920880245838665e-7	2.308851787243974e-6	0.005456917185074554	0.00003262199400265196
0.8414880755210219	1.6892491904509084	4.844768392815022	3.6226774728366062	4.370747972863541	1.3447456571105239	0.0012988678712705034	2.381497558168401	-30.20537801857537	1.8257635016355673	3.5496822233805	0.10141275952564686	0.807048255247483	1.9844674408091123	1.028954165766155	1.7799955633959041	3.4858748103487894e-6	0.000016122338585279455	0.031341207648692165	0.0002201053156164944
0.3822945096579025	0.9055269562426592	3.5635291529372957	2.4417811948553974	3.1195690592202503	0.6790926630464359	0.0003865695347627874	1.4096434345092757	0.47111750163556765	-18.32845266657909	2.377502840876161	0.035287261122334775	0.3635964161194329	1.1130060018218657	0.48782039661339494	0.9680394221798189	9.791599448831573e-7	4.5730761721970485e-6	0.010189816078044858	0.00006391789237398717
0.08888206755849416	0.2604848731854696	1.8365600361968337	1.0403125597411218	1.501678008943248	0.17995129784390626	0.000058124773945826976	0.47254652177159184	0.11435222338050004	0.2968188408761604	-6.629301784822793	0.0062180854205658295	0.0837223093038494	0.3423622929078957	0.11931563957820752	0.2843487217866855	1.375202259907872e-7	6.500997340466302e-7	0.001680048263002401	9.345671355393261e-6
3.3905763325330596	4.796876064059367	8.403247047547397	7.116967074647154	7.91132848112932	4.28399976175082	0.02820446389805724	5.701338638286917	3.697672759525647	4.9861932611223345	7.037808085420565	-74.98292545428195	3.319608451132582	5.1985783314883625	3.750754069495608	4.923458087172916	0.0000972152517540023	0.00043297754938493996	0.4304271738789555	0.00535717839175722
1.039850694217093	1.9852543247687284	5.247940112098343	4.008135699289764	4.7688450066056856	1.608075513617621	0.0018736915370471373	2.7236516955084715	1.221498255247483	2.1326924161194327	3.9335023093038495	0.13779845113258204	-34.493813359582845	2.302864843494586	1.2543869290365688	2.083376710208558	5.133033631062882e-6	0.000023660829410463816	0.04371755530340677	0.0003203582305845276
0.3323158545631115	0.8075055444618663	3.3651663795313245	2.267275459424436	2.9286351301878195	0.5998294126245889	0.0003174796104649292	1.2782866229628347	0.41173044080911225	0.8949150018218658	2.204955292907896	0.02958133148836282	0.3156778434945864	-16.736743689732492	0.42673013696544726	0.8652974626546602	7.976088780347061e-7	3.730440429286177e-6	0.008467452832205638	0.00005231534260156914
0.8162768647831847	1.6502007175890003	4.789269045695342	3.5700212832219442	4.316070635089839	1.3104331892021166	0.0012344238249176074	2.3355596985843694	0.9715941657661566	1.7851063966133947	3.4972856395782075	0.09713406949560809	0.7825769290365685	1.9421071369654468	-29.634876870001246	1.739862341442014	3.303896172905544e-6	0.000015287560267046435	0.029916802825232628	0.00020893883146253016
0.3982357367333713	0.9360817438544909	3.6228347219478856	2.4944775238426917	3.1768343630693017	0.7040094431081627	0.00040975633894348845	1.4500158064365265	0.48996656339590394	1.032656422179818	2.4296497217866855	0.037169087172917274	0.3788977102085583	1.1480054626546599	0.5071933414420138	-18.81727339200087	1.0404653084849638e-6	4.857321038228669e-6	0.01076226803559501	0.00006782200699771347
14.958494769778696	16.453618176376512	20.09937003750913	18.809170127541318	19.606430059901015	15.919111942393462	6.480435642598095	17.37992449208803	15.294273485874811	16.648916979159946	18.72960013752023	11.698107215251754	14.879825133033634	16.86700779760888	15.351633303896175	16.58430004046531	-272.53981476740046	2.0386711057861775	10.196900343329755	4.544023977287504
13.313212000770678	14.808322487006874	18.454070178480755	17.16387060317204	17.9611302843898	14.273819026164983	4.864138364584737	15.734626308851785	13.648986122338584	15.003620573076173	17.084300650099735	10.053142977549385	13.23454366082941	15.221710730440428	13.706345287560266	14.939003857321037	0.3933711057861754	-241.43422660739571	8.552873348407743	3.0231390405651424
4.80302991038636	6.269113650865638	9.903345483069963	8.614215991453104	9.410680813043863	5.741371331453762	0.09196275696828898	7.188860917185074	5.129091207648693	6.462585816078046	8.534760048263003	1.9319171738789558	4.727017555303408	6.6789544528322065	5.185026802825233	6.398541268035595	0.00038034332975368107	0.0016533484077454882	-97.09159237296397	0.019083501935278985
10.465588363676783	11.960493455017733	15.606172603891546	14.315978679091538	15.113234128240762	11.426034648160266	2.2949505258178635	12.886756621994003	10.801290105315616	12.155779917892374	14.236409345671355	7.210167178391757	10.386940358230584	12.373859315342601	10.858638938831463	12.091166822006997	0.050823977287502736	0.17523904056514342	5.722403501935279	-190.1319275273612