-27.346561225852977	1.7062804373303	1.943091023124084	1.3139660408640637	1.1401535376201661	0.2841625021514789	1.8221157046352048	1.3972119169601984	1.151364374868846	1.4002637910089657	1.6797211177030311	1.521767755784932	1.5147859775466646	1.4467407217327013	1.1784104976474092	1.145441884874076	1.5732329768600126	1.8177460153459313	1.8950547855596407	1.4150501642352677
0.5221344373302998	-15.125513572688307	1.1754849547764634	0.7255304630832059	0.6110245301368021	0.12357646707318796	1.0849681737479475	0.7819694988465227	0.6182701093525111	0.7840576887360668	0.9807599979500577	0.8682654822894905	0.8633709614689054	0.8160229623348285	0.6358307917380221	0.614439942637838	0.9045507287781999	1.081732222288004	1.1393302714849443	0.7941938886350131
0.4263750231240841	0.8429149547764634	-12.486723564993927	0.6014281709089697	0.5024240011024902	0.0964503177311596	0.9187332901994574	0.6506254404615144	0.5086550066964772	0.6524505086985297	0.8258123294119519	0.726323712186465	0.7220154396067373	0.680429900584463	0.5237761052203943	0.5053605793367597	0.7583167956926609	0.915837354694377	0.9674803388301151	0.6613142957308571
0.740539040864064	1.3362494630832058	1.5447171709089698	-20.875391948583548	0.8551929128472987	0.1918540719252011	1.4377468670455051	1.0703088147142	0.8644479121400356	1.0728976220132371	1.3131112651334234	1.1765874007077917	1.170597053725458	1.1124183265482188	0.8868250261732842	0.859557151371544	1.2208620027606307	1.4339012285677106	1.5021271495585526	1.0854514684952152
0.8718315376201666	1.5268485301368022	1.7508180011024903	1.1602979128472986	-24.190968960333386	0.23706628117804684	1.6361721609814408	1.2375566069986306	1.0102955923737849	1.2403946429763022	1.5018476325840788	1.353696796478734	1.3471702217217414	1.2836631654798671	1.035159139005625	1.004855834355724	1.4018649977064965	1.632039910372947	1.7052394786959757	1.2541505177172343
2.4304465021514785	3.454006467073188	3.7594503177311593	2.911565071925201	2.6516722811780467	-59.46969716023531	3.605132677467365	3.0312671456611247	2.6688856837908226	3.035602835239025	3.4188489467259178	3.205425270150735	3.195808197816153	3.1011938017014535	2.7101421348885686	2.659800462523657	3.275818585087012	3.5994939404807784	3.6985782329886194	3.056558605655021
0.47258970463520483	0.9195881737479479	1.085923290199458	0.6616478670455049	0.554968160981441	0.10932267746736542	-13.77073338835478	0.7144435491260205	0.5617003741626121	0.7163995128579337	0.9014143327998542	0.7954222110935775	0.7908213906306993	0.7463630577171538	0.5780273093695013	0.5581412670180866	0.8295587398241983	0.9969331416313616	1.0515721901056283	0.7258964379412303
0.6863159169601987	1.255219498846523	1.4564454404615144	0.9328398147141999	0.7949826069986308	0.17408714566112482	1.3530735491260208	-19.477795796847968	0.8037736780793733	1.00247553939992	1.232944679172264	1.1017778140382661	1.096033201611431	1.0402899765121396	0.825040562501407	0.7991277294066389	1.144264624818972	1.3493617921383394	1.4152594776993415	1.014482748701664
0.8625213748688466	1.513573109352511	1.7365280066964772	1.1490319121400356	0.9897745923737837	0.23375868379082274	1.622383374162612	1.2258266780793732	-23.95879380683322	1.2286481108306935	1.4886947393558634	1.341311680889362	1.3348206382604477	1.2716672404250435	1.0246960100043498	0.9945972650330067	1.389222204273787	1.6182698828862145	1.6911443623818503	1.2423239410281404
0.684420791008966	1.2523606887360668	1.4533235086985294	0.9304816220132373	0.792873642976302	0.1734758352390257	1.3500825128579337	0.9975285393999129	0.8016481108306935	-19.42862198602869	1.23011715868424	1.0991440583639476	1.0934083187149104	1.0377529593089012	0.8228752424086867	0.797010924179952	1.1415662761290326	1.3463756201480876	1.4121886555819085	1.0119875207483553
0.5343051177030309	1.0194899979500565	1.1971123294119521	0.7411222651334234	0.6247536325840787	0.1271489467259183	1.1055243327998536	0.7984246791722643	0.6321217393558634	0.8005441586842402	-15.455108519638443	0.8859765005435981	0.8810127439563412	0.8329827370515459	0.649976687898109	0.6282268835949881	0.9227678172078005	1.1022488786994296	1.1605374801719028	0.8108315909940458
0.6137857557849322	1.1444294822894905	1.3350577121864649	0.8420324007077915	0.714036796478734	0.1511592701507356	1.2369662110935777	0.904691814038266	0.722172680889362	0.9070050583639475	1.1234105005435981	-17.578990799124945	0.9946097199811067	0.9423714309397982	0.7418698311181926	0.7178725255527756	1.0399050847028548	1.2334503621450545	1.2959355170375946	0.9182286451206694
0.6176039775466645	1.1503349614689051	1.3415494396067373	0.8468420537254582	0.7183102217217415	0.15234219781615377	1.2431653906306992	0.909747201611431	0.7264816382604476	0.91206931871491	1.1292467439563407	1.005409719981107	-17.679843022741544	0.9475696277551845	0.7462639728603925	0.7221627281675148	1.0454565655785155	1.2396387049160695	1.3023128002927615	0.9233357581305075
0.6563187217327013	1.2097469623348283	1.4067239005844632	0.8954233265482188	0.761563165479867	0.16448780170145394	1.3054670577171539	0.9607639765121393	0.7700882404250436	0.9631739593089005	1.187976737051546	1.0599314309397991	1.0543296277551844	-18.69673655556562	0.7907180913397044	0.7655826709199041	1.1013782568353356	1.3018338497532806	1.3663640887516988	0.974864689874397
0.8405754976474091	1.4821417917380224	1.7026571052203943	1.1224170261732846	0.9656461390056236	0.22602313488856948	1.5897183093695015	1.1981015625014066	0.9757040100043515	1.2008832424086868	1.4575576878981091	1.3120168311181923	1.3056109728603924	1.2433050913397046	-23.409817264928016	0.970389655010862	1.3593094123371758	1.5856499252214031	1.6577424659808282	1.2143674042040993
0.8674238848740761	1.520567942637838	1.7440585793367596	1.1549661513715441	0.9951598343557193	0.23549846252365733	1.6296492670180869	1.232005729406639	1.0054222650330125	1.2348359241799518	1.4956248835949884	1.3478365255527756	1.3413267281675147	1.277986670919904	1.030206655010862	-24.081104452702107	1.395883063576269	1.625525870005333	1.698572018263007	1.2485539968741675
0.5864749768600124	1.1019387287782	1.288274795692661	0.807531002760631	0.6834289977064965	0.14277658508701252	1.1923267398241983	0.8684026248189721	0.6913072042737868	0.8706512761290326	1.0814258172078006	0.961129084702855	0.9558805655785166	0.9050422568353359	0.7103864123371755	0.6871430635762689	-16.854564710034374	1.1888902291668921	1.2499914894369502	0.8815628592615785
0.47436001534593164	0.9224922222880032	1.089167354694377	0.6639422285677108	0.5569759103729468	0.10982394048077904	1.003073141631363	0.7168717921383392	0.5637268828862145	0.7188326201480876	0.904278878699429	0.7980463621450545	0.7934347049160695	0.7488698497532805	0.5800989252214029	0.5601578700053329	0.8322622291668922	-13.819517085865298	1.0547490894941411	0.7283530679099435
0.4440987855596406	0.872520271484944	1.0332403388301152	0.6245981495585526	0.5226054786959756	0.1013382329886196	0.9501421901056285	0.6751994776993416	0.5290313623818506	0.6770756555819087	0.8549974801719027	0.7529615170375943	0.7485388002927613	0.7058300887516987	0.5446214659808281	0.525634018263007	0.7857934894369499	0.9471790894941406	-12.981592586244009	0.6861866939285501
0.6753271642352675	1.238616888635013	1.4383072957308571	0.919155468495216	0.7827495177172341	0.17055160565502128	1.3356994379412301	0.9856557487016667	0.7914439410281404	0.9881075207483548	1.2165245909940459	1.0864876451206686	1.0807947581305073	1.0255636898743976	0.8124794042040993	0.7868489968741673	1.1285978592615784	1.3320160679099438	1.39741969392855	-19.19234729518596