-21.545297185149753	0.9879413633745581	0.9730740937485649	0.9272809742132248	1.137474955575442	1.125119382152572	1.4327067801147346	0.9198971992922512	0.9681680959571506	1.035490168484119	1.4482244652021325	1.2771250581788711	1.127534939339283	1.0602224242514036	1.0297390841188552	0.9921799910627724	1.2244348346911555	1.299101723907996	1.6205718070230652	0.9590098444615994
1.0121563633745547	-21.80639093830461	0.985011145242297	0.9388357663979615	1.150691546874999	1.1382445964672294	1.4479003332580942	0.9313892372928996	0.9800647580049865	1.0479296098973212	1.463511782638812	1.2913243776390562	1.140678076938801	1.0728552012417767	1.042133108999247	1.0042730690889714	1.2382739132721363	1.3134476669566624	1.636839633711838	0.9708307510069695
1.0274180937485669	1.0151401452422988	-22.133932954797118	0.9533488078477635	1.1672713142212714	1.154710841426103	1.4669327391228175	0.9458241427001485	0.9950033499943963	1.0635434368902537	1.4826603487340977	1.3091241526661401	1.1571665900318264	1.0887094247337825	1.0576904552807826	1.01945606586071	1.2556266559801057	1.331429328318853	1.6572020005391006	0.9856750614580959
1.076424974213224	1.0637647663979601	1.0481488078477645	-23.18387908688587	1.2204146451226123	1.2074984340826855	1.5277371112069411	0.9922292331451207	1.042994040233579	1.1136566447973841	1.5438263833387078	1.3660841898806937	1.2100239709278104	1.139577429378252	1.1076262596203055	1.0682154238833763	1.3111895363699315	1.388957385504666	1.7221407452930915	1.0333691056417638
0.8740749555754423	0.8630765468749988	0.8495273142212714	0.807870645122612	-18.82976406521309	0.988643319624684	1.2734580979142027	0.8011648643738508	0.8450589039909516	0.9064898731836254	1.2879352433412292	1.1288657185756994	0.9908629989182165	0.929118238128831	0.9012325941754437	0.8669416072783536	1.0801376371602789	1.149226762481368	1.4493576797467806	0.8367210645252521
0.8845193821525723	0.8734295964672295	0.8597668414261032	0.8177544340826857	1.0114433196246795	-19.055788522502358	1.2868018362376288	0.8109904224910344	0.8552607600010672	0.9171996448732711	1.3013703739488751	1.1412474546805171	1.0022366650744488	0.9400098000886592	0.9118997281571295	0.8773268471342878	1.0921739565746036	1.1617495636132353	1.463755578846105	0.846852317028228
0.6646567801147347	0.6556353332580941	0.6445387391228171	0.6105431112069408	0.7688080979142028	0.7593518362376289	-14.26323046538755	0.6050878180655771	0.6408833686350608	0.6913168427505015	1.0124159638888655	0.8769431637616344	0.7611991138807388	0.7099903981998062	0.6869857108665074	0.6588042323197806	0.8358771222283067	0.8941644742892942	1.1519601561427122	0.6340682025043485
1.0846231992922515	1.0719002372928996	1.0562061427001483	1.0078112331451254	1.2292908643738512	1.2163164224910343	1.537863818065577	-23.359256927698425	1.0510254039320224	1.122036397341251	1.55401195424924	1.375584248793532	1.2188533841300448	1.1480809492394366	1.1159769130384793	1.0763730159753646	1.3204614254637628	1.3985501431738707	1.7329394381480283	1.0413517368525036
1.0325220959571506	1.020203758004987	1.0050133499943898	0.9582040402335787	1.1728129039909514	1.160214760001067	1.4732873686350607	0.9506534039320234	-22.243412228344514	1.06876438016572	1.4890534446451251	1.315070371957944	1.1626778983203006	1.0940101914506835	1.0628926419600793	1.0245339139494547	1.2614246580599358	1.337435838168915	1.6639968246495063	0.9906403842676408
0.9653301684841197	0.953554609897321	0.9390394368902534	0.8943526447973841	1.0997298731836256	1.0876396448732708	1.3892068427505015	0.887150397341251	0.9342503801657195	-20.799674209679893	1.4044509092598716	1.2365226684796276	1.0900031600062665	1.0241716727854817	0.9943805656110084	0.9576934810402484	1.1848806239279346	1.2580724529869278	1.5739332405768023	0.9253114366222775
0.6554444652021325	0.6465167826388122	0.6355363487340978	0.601902383338708	0.7585552433412291	0.7491903739488751	0.9876859638888683	0.5965059542492402	0.6319194446451252	0.6818309092598719	-14.060683656400343	0.8656862036673603	0.7510197512274513	0.7003158482123546	0.6775438794921012	0.6496526773429705	0.8249928094674134	0.8827542912719729	1.138454061407436	0.6251762650643238
0.766195058178871	0.7561793776390561	0.7438501526661402	0.7060101898806935	0.8813357185756991	0.870917454680517	1.1340631637616345	0.6999282487935321	0.7397863719579437	0.7957526684796276	1.14753620366736	-16.485984578666287	0.8729532012342573	0.8164203618069845	0.7909548862993014	0.759698315433327	0.9550348486294091	1.0188216229547795	1.298340134421271	0.732206599605884
0.8824649393392835	0.8713930769388012	0.8577525900318262	0.8158099709278103	1.00919299891821	0.9977666650744251	1.284179113880739	0.8090573841300446	0.8532538983203004	0.9150931600062663	1.2987297512274514	1.1388132012342576	-19.011340837640176	0.93786766460336	0.9098016053604581	0.8752840135047079	1.0898073962506432	1.1592876681652136	1.460926434184454	0.8448593055419232
0.942102424251404	0.9305202012417764	0.9162454247337828	0.8723134293782523	1.0743982381288322	1.06248980008866	1.3599203981998063	0.8652349492394366	0.911536191450684	0.9762116727854814	1.3749758482123544	1.2092303618069844	1.0648176646033607	-20.29929164730431	0.9706822336193337	0.9345909473412175	1.1583082346159483	1.2304867321528605	1.5424799743585624	0.9027469210955741
0.9708390841188552	0.9590181089992463	0.9444464552807823	0.8995822596203049	1.1057325941754435	1.0935997281571295	1.3961357108665076	0.8923509130384788	0.9396386419600788	1.0056405656110077	1.4114238794921015	1.2429848862993014	1.095971605360458	1.0299022336193326	-20.918250127222294	0.9631729841642935	1.1911742020345923	1.2646033767237261	1.5813683718905376	0.9306645258101179
1.0078609910627765	0.9957390690889697	0.9807930658607069	0.9347524238833754	1.1460226072783537	1.1336078471342876	1.4425352323197806	0.9273280159753643	0.9758609139494524	1.043534481040249	1.4581136773429706	1.286309315433327	1.136035013504708	1.0683919473412178	1.0377539841642942	-21.714155352878937	1.2333857145501934	1.3083809745010424	1.631096470743562	0.9666536077043063
0.8048248346911555	0.7944489132721363	0.7816726559801056	0.7424355363699315	0.9239276371602793	0.9131639565746039	1.1843171222283067	0.7361254254637628	0.7774606580599358	0.8354306239279347	1.1981628094674137	1.0463548486294085	0.9152673962506434	0.8568182346159484	0.8304642020345923	0.7980947145501933	-17.327234655505208	1.0657455698202503	1.3529162513878956	0.7696032650207113
0.7507617239079959	0.7408926669566626	0.7287453283188532	0.6914733855046657	0.8642867624813679	0.8540095636132353	1.1138744742892939	0.6854841431738704	0.7247418381689151	0.779892452986928	1.1271942912719728	0.9814116229547821	0.8560176681652135	0.8002667321528605	0.7751633767237263	0.7443599745010421	0.9370155698202496	-16.149237838849036	1.276371290386032	0.7172749734713663
0.5625918070230652	0.5546446337118381	0.5448780005391008	0.5150167452930916	0.6547776797467809	0.6463755788461049	0.8620301561427126	0.5102334381480284	0.5416628246495062	0.5861132405768023	0.8732540614074361	0.7512901344212709	0.6480164341844538	0.6026199743585624	0.5822883718905377	0.5574354707435619	0.7145462513878956	0.7667312903860319	-12.010177242281063	0.5356711488242839
1.0421418444616004	1.0297477510069681	1.014463061458095	0.9673571056417642	1.1832530645252526	1.170584317028228	1.4852502025043484	0.9597577368525027	1.0094183842676434	1.0786034366222779	1.5010882650643238	1.326268599605884	1.1730613055419232	1.103998921095574	1.0726965258101184	1.0341046077043075	1.2723452650207112	1.3487469734713664	1.6767831488242837	-22.449670516507176