-22.815778419903157	1.0353786237140339	1.3905578070238682	0.9587264485650138	0.522797167849136	0.005054088960276342	1.6471402129474195	0.9363414483908087	1.1314928876263401	1.5129736536095293	1.6156887647188878	1.5966901256919248	1.3516739796084818	1.3748372087433438	0.982355512711187	1.6592212564134199	1.049630858593818	1.376676834157629	1.450905966260147	1.2176355743178937
0.9654366237140347	-22.066642737480482	1.3479463878680904	0.9251382656634232	0.5013470647217662	0.004757775667431266	1.6002321597271365	0.9032933101751025	1.0939916283007622	1.4682252537503417	1.5692706744524973	1.550572754922606	1.309776792547064	1.3325124295989228	0.9482058120777687	1.6121275726500353	1.013929078587113	1.3343183644343477	1.4072203573206594	1.1783404313013788
0.6904698070238683	0.7178003878680901	-15.991872214308971	0.658777449079696	0.33806291221295104	0.0027501924526294754	1.211810774108959	0.6416770204210032	0.7927944269964139	1.1002866103157556	1.1855213228742716	1.1696835555316936	0.9684528826961466	0.9872273476504246	0.6768957209952458	1.2219322072366388	0.7288527359637811	0.9887207288628429	1.0492581525317766	0.8608979794867814
1.042441448565014	1.0787952656634232	1.4425804490796963	-23.731852275897776	0.5494060243188116	0.005432476376946275	1.7042360114816597	0.9769675925305067	1.1774437019661965	1.5675231804504888	1.6722075465962558	1.6528545660052028	1.4028504569765468	1.4265203598295333	1.0243017243820056	1.716535565727762	1.09343376802998	1.4283998944741867	1.5041996985616057	1.2657225448819527
1.704816167849136	1.753308064721766	2.2201699122129512	1.6477100243188116	-37.60532124383272	0.013824073620463928	2.539350554611038	1.6164875563182999	1.8830529495754522	2.3740560645504507	2.500895979995612	2.477582053650783	2.1706168934764936	2.2001766625348638	1.6804751602690442	2.554075878917517	1.7727277678323996	2.2025191158853823	2.296421266209514	1.9970550972827357
7.277383088960276	7.347028775667432	7.975167192452631	7.194046476376947	6.104134073620465	-146.31211709208614	8.371730267528086	7.147844072386422	7.528772413606844	8.16902261575664	8.325036839498809	8.296595169278968	7.911552909283761	7.949574606680407	7.242041295037151	8.38954001476528	7.374646050234098	7.952578210156405	8.071893351961796	7.683529668833714
0.5496792129474194	0.5727131597271363	0.8144377741089592	0.5230600114816597	0.2598705546110381	0.0019402675280871886	-12.784326663663435	0.508738307596837	0.6362768164680128	0.9018911671502581	0.976794818403943	0.9628380614145327	0.7870862338793023	0.8033544348638373	0.538265925394687	1.0089465219926468	0.5820481752727699	0.8046496457889536	0.8572983755835054	0.6944371994498495
1.0664804483908077	1.1033743101751023	1.4719040204210032	1.023391592530505	0.5646075563183	0.005654072386421898	1.736338307596837	-24.248926561269244	1.2034238296460857	1.5982325082255087	1.703994482143483	1.684447752641291	1.4317092385463508	1.4556574971471765	1.048066282736249	1.7487572392589523	1.118226584777852	1.4575589513733411	1.5342207622077402	1.292881124746237
0.8791118876263395	0.9115526283007618	1.2405014269964139	0.8413477019661965	0.44865294957545243	0.004062413606844872	1.4813568164680126	0.8209038296460855	-20.182625887907005	1.3551091096631165	1.4517044148514304	1.4338092313060302	1.204221267333153	1.2258261081523125	0.8629567207505081	1.4927558766736668	0.9246392776790405	1.2275429004170306	1.2969280692911278	1.0796432576034813
0.6185996536095292	0.6437932537503419	0.9060006103157553	0.5894341804504889	0.2976630645504509	0.002319615756639855	1.1049781671502583	0.5737195082255085	0.7131161096631166	-14.36415650820105	1.080191291437044	1.0652706041515452	0.8765143446528708	0.894057423962087	0.6061013480371696	1.1145275900442002	0.65399226512262	0.8954534798029787	0.9521214000995862	0.776302597418861
0.5650027647188879	0.5885266744524972	0.8349233228742718	0.537806546596256	0.2681909799956118	0.0020218394988085393	1.0235698184039455	0.5231694821434832	0.6533994148514305	0.9238792914370442	-13.137291911323658	0.9858211533386808	0.8070827612185703	0.8236429520696724	0.5533435112544343	1.0326554006441486	0.5980578486889518	0.8249612672499064	0.8785317021050014	0.7127051797820543
0.5744971256919246	0.5983217549226062	0.8475785555316937	0.5469465660052031	0.2733700536507827	0.002073169278967448	1.0381060614145332	0.5321157526412913	0.6639972313060302	0.9374516041515443	1.0143141533386832	-13.355483798667905	0.8194392365759956	0.8361778295569787	0.5626868519077369	1.0472763206139717	0.6079732817213657	0.8375102589821067	0.8916434994159023	0.7240044919605867
0.7153579796084816	0.7434027925470643	1.0322248826961482	0.6828194569765469	0.35228189347649375	0.0029079092837608206	1.248231233879302	0.6652542385463508	0.8202862673331529	1.1345723446528706	1.2214527612185706	1.2053162365759957	-16.551228785907927	1.0191795725423305	0.7014238675138877	1.25853867656184	0.7547399988415515	1.020704955391584	1.0825127039133504	0.8900210143486464
0.7004042087433436	0.7280214295989225	1.0128823476504263	0.6683723598295332	0.3437246625348639	0.0028126066804084666	1.2263824348638372	0.6510854971471763	0.8037741081523124	1.1139984239620868	1.1998959520696724	1.1839378295569785	0.9810625725423321	-16.215401175040224	0.6866856632418833	1.2365788222074596	0.7391881195852891	1.001506255509968	1.0625548517801917	0.8725330293835406
1.0178545127111893	1.0536468120777693	1.412482720995246	0.9760857243820088	0.5339551602690441	0.005211295037149576	1.6712259253946873	0.9534262827362491	1.1508367207505084	1.5359743480371697	1.639528511254434	1.620378851907737	1.3732388675138878	1.3966176632418834	-23.201659484605678	1.683400127301784	1.0680629396307961	1.3984742698500299	1.4733719057720545	1.2378868457420509
0.5439202564134199	0.566768572650035	0.8067192072366387	0.5175195657277618	0.2567558789175174	0.0019100147652822829	0.9911065219926525	0.5033172392589521	0.6298358766736667	0.8936005900442006	0.9680404006441508	0.9541683206139726	0.7795536765618399	0.7957108222074593	0.532600127301784	-12.651410313941668	0.5760292481647694	0.7969972445114774	0.8492952291340635	0.6875615211220248
0.9519588585938176	0.9861990785871176	1.331268735963781	0.9120467680299796	0.49303676783239975	0.00464505023409751	1.58183717527277	0.8904155847778519	1.0793482776790408	1.4506942651226202	1.5510718486889516	1.5324942817213656	1.2933839988415512	1.3159491195852893	0.9348919396307964	1.5936582481647694	-21.7737395268176	1.3177416165598261	1.3901139571003462	1.1629839544312301
0.699232834157629	0.7268163644343476	1.0113647288628496	0.6672408944741869	0.343056115885382	0.002805210156405393	1.2246666457889535	0.6499759513733409	0.8024799004170302	1.112383479802979	1.1982032672499061	1.1822592589821066	0.9795769553915828	0.998495255509999	0.68553126985003	1.2348542445114774	0.7379696165598258	-16.189062445903673	1.0609886097109182	0.8711618427847231
0.653867966260147	0.680124357320659	0.952308152531777	0.6234466985616058	0.31736426620951425	0.002526351961796985	1.1577213755835056	0.6070437622077404	0.7522710692911279	1.0494574000995858	1.1321797021050015	1.1167984994159021	0.9217907039133504	0.9399498517801922	0.6408349057720545	1.1675582291340636	0.6907479571003464	0.9413946097109175	-15.165295730518977	0.8179098715596912
0.8099845743178941	0.8406314313013786	1.153334979486781	0.7743565448819527	0.4073850972827356	0.0035496688337120115	1.3842471994498498	0.7550911247462371	0.9243732576034814	1.2630255974188611	1.3557401797820543	1.338546491960587	1.1186860143486463	1.1393150293835408	0.7947368457420508	1.3952115211220246	0.8530049544312299	1.140954842784723	1.207296871559691	-18.659472226437433