-2.3399010016485104	0.18019358704068492	0.15903566349701342	0.04176300778033573	0.0567964022504838	0.0021812782545072773	0.2396364905875409	0.04026390084736837	0.10490815802817446	0.16987427448117173	0.09605868968726648	0.17387562222475475	0.12974668935213482	0.14876055696427973	0.10969393417193632	0.16725348427587752	0.0882585444160862	0.15708313500630805	0.15730807020265625	0.11720951257992962
2.988783587040685	-15.896226368070156	0.9149848624543927	0.3272509419747377	0.41938445588783	0.023941877980283854	1.2188329391417951	0.3176090387743633	0.6743020103697808	0.9590740174298096	0.6309551590370773	0.9750608319430982	0.789455049726313	0.8720647173072928	0.6972031809027396	0.9485199112449776	0.5915880890073872	0.9069156703008215	0.9078472881998434	0.7324527393469284
3.1427656634970136	1.0901248624543927	-17.38794472276333	0.3664283833300228	0.4672606115461204	0.027627632571554255	1.3207977610411672	0.35583347487116457	0.7430304126206573	1.0467773815475119	0.6964275786935004	1.0637184149070449	0.8663343758556846	0.9543805416666508	0.7676089659349747	1.0355873928598232	0.6540078037225158	0.9914296245537317	0.9924192532592012	0.8053845878305945
4.782463007780336	2.2593609419747382	2.123398383330023	-37.29251907316753	1.2069937202793743	0.10930638477690581	2.590987412752572	0.9772895683133914	1.7100932295597118	2.194469379979106	1.630181553481281	2.2199380097840606	1.9136815496127515	2.0529758250333177	1.7515480079881467	2.1775690274764323	1.5558487862755976	2.1102541489807383	2.111773917068415	1.8143862187206303
4.408646402250484	1.9626444558878298	1.83538061154612	0.8181437202793739	-32.138666072775	0.08151173812370278	2.275836088381712	0.7983818767172912	1.4532963892131625	1.9018157963286506	1.3803506203459897	1.925670826275425	1.6405500946093503	1.769750653178856	1.4912642980026378	1.885999934645925	1.3127969009642715	1.8231156356801446	1.8245333872317966	1.5489766431122782
8.238891278254508	5.452061877980284	5.280607632571555	3.605316384776906	3.9663717381237036	-96.32599568075531	5.854947264448878	3.5633331323029154	4.729324479635076	5.370745861901331	4.616205343771561	5.402769329294538	5.007237101333265	5.190100763353226	4.78705501369997	5.349416364456189	4.508642759418801	5.263807234896308	5.265751865988908	4.873410254547396
2.6384664905875406	0.8090729391417948	0.735897761041167	0.2491174127525712	0.3228160883817123	0.017067264448877444	-12.750702999087839	0.24147410089237634	0.5321606345586032	0.7737729527492693	0.49605721220764504	0.7875460261912199	0.6289731452923557	0.6991838476290342	0.5513117817497989	0.7646917255242763	0.4634385330169041	0.7289834041106455	0.7297814114250356	0.5808902673870096
4.826733900847367	2.2954890387743627	2.1585734748711642	1.023059568313393	1.233001876717291	0.11309313230291464	2.6291141008923766	-37.924778573007245	1.74179729475506	2.230153136782142	1.6611006014248442	2.255798402482221	1.9472113836504719	2.0876231940245247	1.783643587528415	2.2131339471679663	1.5860002186774405	2.145332564324109	2.1468635525798474	1.8470555968913351
3.655928158028174	1.416732010369781	1.310320412620657	0.5204132295597113	0.6524663892131626	0.043634479635075454	1.6843506345586032	0.5063472947550604	-22.840453421728462	1.36569238819393	0.9424579084599927	1.385670193873011	1.1502834787343155	1.2560119102317422	1.0301775870877827	1.3524746655688447	0.8896953769467664	1.3001412258478608	1.3013171751768182	1.0763389028671722
3.061464274481172	1.0420740174298075	0.9546373815475109	0.3453593799791057	0.44155579632865066	0.025625861901331027	1.2665329527492692	0.33527313678214266	0.7062623881939303	-16.59200016906361	0.6613825668957523	1.0164391059120121	0.8252600763335041	0.9104396091219957	0.7299539288208039	0.9891445666952234	0.6205797100211665	0.9463308890267669	0.9472899719705431	0.7663945548729244
3.7644586896872667	1.4907651590370772	1.3810975786935007	0.5578815534812805	0.69690062034599	0.04789534377156119	1.7656272122076453	0.5430306014248446	1.0598379084599938	1.4381925668957527	-24.08749707414944	1.4587766000532782	1.2157062246840749	1.3250361541422813	1.0911835151330285	1.4245693024515442	0.9450499282739021	1.3705946651013483	1.37180812545116	1.1390853248539117
3.032765622224755	1.0253608319430967	0.9388784149070447	0.33812800978406066	0.43271082627542534	0.024949329294538098	1.2476060261912205	0.3282184024822215	0.6935401938730112	0.9837391059120115	0.6492666000532784	-16.315488880281364	0.8110189885362257	0.895184444765901	0.7169193097955714	0.9730024177648771	0.6090318532053479	0.9306654784982642	0.9316137328837027	0.7528892918908126
3.393896689352135	1.2450150497263128	1.1467543758556844	0.437131549612751	0.5528500946093501	0.034677101333264765	1.494293145292356	0.4248913836504723	0.863413478734316	1.1978200763335038	0.8114562246840749	1.2162789885362255	-19.964122875423886	1.0968107808681198	0.8907395555564398	1.1856173347857506	0.7639906218101666	1.1373825121837975	1.1384649433733078	0.9326389691258586
3.22516055696428	1.1398747173072927	1.0470505416666507	0.38867582503331727	0.4943006531788562	0.029790763353225228	1.3767538476290344	0.37755319402452525	0.7813919102317425	1.0952496091219963	0.7330361541422811	1.1126944447659008	0.9090607808681193	-18.213607082100232	0.8068714286025236	1.0837236464059776	0.6889679955808199	1.0382147241249553	1.0392350833887956	0.8460012057099406
3.6009539341719363	1.3798731809027396	1.2751389659349746	0.5021080079881465	0.6306742980026381	0.0416050136999707	1.6437417817497995	0.48843358752841537	0.9704175870877828	1.3296239288208038	0.9140435151330285	1.3492893097955712	1.1178495555564398	1.2217314286025236	-22.221173339164785	1.3166151077270705	0.8623916596902549	1.265126277372858	1.2662829366899873	1.0452732627098458
3.080633484275878	1.0533099112449782	0.9652373928598218	0.350249027476432	0.44752993464592505	0.026086364456189427	1.279241725524277	0.3400439471679669	0.7148346655688449	1.0109345666952256	0.6695493024515442	1.0274924177648763	0.8348473347857509	0.9207036464059779	0.7387351077270705	-16.777988653778007	0.6283661733681051	0.9568685227517879	0.9578348258256432	0.7754903027817136
3.868648544416086	1.5633880890073875	1.4506678037225156	0.5955387862755974	0.7413369009642718	0.05232275941880098	1.8449985330169043	0.5799202186774411	1.1190653769467669	1.509379710021167	1.0570399282739023	1.5305318532053478	1.2802306218101671	1.3929579955808198	1.1515216596902547	1.495376173368105	-25.314970815397785	1.4398607270904253	1.4411094375428886	1.20107569636894
3.158003135006308	1.099245670300821	1.008619624553728	0.37047414898073755	0.47218563568014443	0.028017234896307572	1.3310734041106456	0.3597825643241088	0.7500412258478609	1.055660889026766	0.7031146651013481	1.0726954784982639	0.874152512183797	0.9627347241249553	0.774786277372858	1.0444085227517885	0.660390727090425	-17.53919405612852	1.000995330008291	0.8128122862693644
3.1562380702026567	1.0981872881998436	1.0076192532591977	0.37000391706841484	0.4716133872317971	0.027971865988906847	1.329881411425036	0.3593235525798481	0.7492271751768184	1.0546299719705425	0.70233812545116	1.0716537328837024	0.873244943373308	0.9617650833887947	0.7739529366899875	1.0433848258256422	0.6596494375428886	0.9990053300083411	-17.521640247963937	0.8119499396970504
3.5192495125799295	1.3259027393469283	1.2236945878305945	0.4757262187206299	0.5991666431122787	0.03874025454739477	1.5841002673870097	0.4626255968913355	0.9273589028671724	1.2768445548729246	0.8727253248539112	1.2960392918908124	1.0705289691258584	1.1716412057099403	0.9560532627098455	1.2641503027817136	0.8227256963689398	1.2139322862693644	1.21505993969705	-21.316265557563636