-24.179133342258467	1.201402124208692	1.222755442342777	0.8857250912202614	1.0542208962450474	2.427088244187109	1.5093668232543433	1.0316622726527218	1.0176071395884776	0.9063916318375753	1.3624825976658685	1.214532865049901	1.7739633065593088	1.3000821498145738	1.2505291517515071	1.004210894001379	1.0956583486757665	1.450642602645705	1.5636246313324853	0.9071871292249706
0.8224721242086923	-20.09707570444115	1.018983626593841	0.723060468596477	0.8699849406731633	2.128178799564494	1.276493978355244	0.8501911707537938	0.8378773706677008	0.7409636502733279	1.143914216344418	1.01167004646916	1.5182345450899413	1.0879725567407164	1.0437191266643437	0.8261543311505571	0.9064384125176852	1.223341644500428	1.325771235680175	0.74165345959699
0.8060954423427774	0.9812536265938409	-19.715986625802252	0.7081402885693211	0.8529462021198081	2.0993476840314687	1.2545661342662986	0.8334256660872895	0.8212836955267877	0.7257737654160237	1.1234407126981767	0.9927774724722785	1.4939535884526245	1.0681511907738344	1.0244307707429248	0.8097255767800136	0.8889058753631838	1.2019819512502639	1.30333373261448	0.7264532497008573
1.1237050912202615	1.339970468596477	1.3627802885693212	-26.977045847639	1.1821372292342156	2.6228358444717266	1.6670059125946872	1.1578462117581758	1.1426975951167604	1.022430237947514	1.5115262160487384	1.3539994049426132	1.9450859796721225	1.4452050402435035	1.3924164811709572	1.1282488913608963	1.2266857441939099	1.6049479428762878	1.7242281728895152	1.0232930947313237
0.9476708962450479	1.1423649406731637	1.1630562021198083	0.8376072292342157	-22.984661370846283	2.3413825276095634	1.4415927735914669	0.9782204493844375	0.964656461257721	0.8574887740530245	1.2986648101998644	1.155087504751547	1.6999200858455725	1.2380588665626617	1.1899820759967494	0.9517324928225739	1.0400354242368344	1.384406630399445	1.494478958941264	0.8582542669213202
0.2849482441871092	0.3649687995644939	0.3738676840314692	0.24271584447172664	0.3057925276095637	-6.998943757786087	0.5009251796287799	0.29705748128319953	0.2916603261367423	0.2501822036897595	0.4340458881919501	0.3704315952190599	0.6306382969913271	0.4067543709917413	0.3855605852206722	0.2865485288881701	0.3220702816649208	0.473744135326388	0.5265606694032671	0.2504711152857468
0.620586823254343	0.7666439783552442	0.7824461342662983	0.5402459125946872	0.6593627735914669	1.7542851796287797	-15.335474671947381	0.6431799394202584	0.633133222363411	0.5546332100861537	0.887268399364232	0.7763541989585523	1.2091512447317034	0.8401560786262505	0.8030870605049331	0.6235834029677314	0.6892718576862514	0.9546276886272604	1.0422692849146873	0.5551882820051366
0.968992272652721	1.1664511707537937	1.1874156660872894	0.8571962117581762	1.0221004493844388	2.376527481283199	1.4692899394202583	-23.47217850829434	0.986233755487043	0.8774004874272628	1.3247254611918156	1.179342183715065	1.7302153319011429	1.2633779819808066	1.2146915392677693	0.9731153335952809	1.0627135888202666	1.4114672910073789	1.5227440448966152	0.8781783176640173
0.9825971395884767	1.1817973706677005	1.202933695526788	0.8697075951167604	1.03619646125772	2.398790326136742	1.486903222363411	1.0138937554870402	-23.782653914635574	0.8901157187032374	1.341312282778563	1.1947943221017876	1.7494547169692765	1.2794991450105622	1.2304296065853577	0.9867589626380101	1.0771735635865523	1.428681541770181	1.5407131479828853	0.8909013403645231
1.099841631837575	1.313343650273328	1.3358837654160236	0.9779002379475135	1.1574887740530249	2.5857722036897592	1.636863210086154	1.1335204874272629	1.118575718703237	-26.4399707378036	1.4829640041338865	1.3272062420647155	1.912478049219464	1.41736603140082	1.365175359979287	1.1043233178190783	1.2014584104567767	1.5754174138719372	1.6935419885904268	1.0008502408333282
0.7083325976658685	0.8686942163444181	0.8859507126981768	0.6193962160487382	0.7510648101998643	1.9220358881919501	1.1218983993642315	0.7332454611918153	0.722172282778563	0.6353640041338865	-17.42288621400295	0.8793001501382257	1.3462290383858624	0.948828771830755	0.9084656085818353	0.7116392289274805	0.7839448828742372	1.0729259031338145	1.167418359472567	0.6359796820406587
0.8123528650499009	0.988420046469164	1.0072574724722738	0.7138394049426133	0.8594575047515473	2.1103915952190597	1.262954198958552	0.8398321837150654	0.8276243221017878	0.7315762420647158	1.1312701501382252	-19.861696181990837	1.5032461524681988	1.0757302332456709	1.0318052034006526	0.8160029655473153	0.8956065763694813	1.2101517473519023	1.3119176342527359	0.7322596834719751
0.49251330655930897	0.6157145450899413	0.6291635884526244	0.42565597967212265	0.5250200858455724	1.491328296991327	0.8164812447317036	0.5114353319011427	0.5030147169692764	0.4375780492194638	0.7189290383858621	0.6239761524681986	-12.229706703350566	0.6784673596392498	0.6467644035292663	0.4950200092679259	0.550195090315752	0.7770970304133052	0.8533140113122378	0.43803846258628637
0.7500821498145739	0.9169025567407161	0.9348111907738351	0.6572250402435035	0.7946088665626614	1.998894370991741	1.1789360786262502	0.7760479819808066	0.764509145010562	0.6739160314008198	1.0529787718307557	0.927910233245671	1.4099173596392498	-18.406087405941786	0.9581651710290058	0.7535296440431948	0.8288324102922912	1.128373321621092	1.2258876612209049	0.6745594208741528
0.785399151751507	0.957519126664344	0.9759607707429262	0.689306481170957	0.8314020759967495	2.0625705852206715	1.2267370605049333	0.8122315392677693	0.8003096065853574	0.7065953599792871	1.097485608581835	0.9688552034006527	1.4630844035292663	1.0430351710290058	-19.23317776752258	0.788962629687958	0.8667288838189903	1.1748854081412088	1.2748470519083082	0.7072616495408532
0.9958008940013968	1.196674331150557	1.2179755767800136	0.8818588913608961	1.0498724928225753	2.4202785288881703	1.5039534029677313	1.0273753335952802	1.0133589626380084	0.9024633178190786	1.3573792289274806	1.2097729655473153	1.7680600092679257	1.2951196440431951	1.245682629687958	-24.083535569650323	1.0911993999824303	1.445349638695987	1.5581038798917421	0.9032564415825819
0.9100783486757662	1.0997884125176853	1.1199858753631833	0.8031257441939097	0.9610054242368334	2.278630281664921	1.3924718576862514	0.9398035888202676	0.9266035635865525	0.8224284104567768	1.2525148828742374	1.1122065763694813	1.646065090315752	1.1932524102922912	1.146278883818991	0.91402939998243	-22.122207817038586	1.336442243951822	1.4443250545440312	0.82317176768741
0.6540226026457053	0.805651644500428	0.822021951250264	0.5703479428762877	0.6943366303994447	1.8192641353263879	1.0467876886272607	0.6775172910073788	0.667071541770181	0.5853474138719376	0.930455903133815	0.8157117473519024	1.261927030413305	0.881753321621092	0.8433954081412092	0.6571396386959868	0.7254022439518217	-16.134416643176277	1.0903365398215763	0.5859259677702916
0.5914646313324851	0.732541235680175	0.74783373261448	0.5140881728895151	0.6288689589412639	1.6965406694032668	0.9588892849146871	0.6132540448966154	0.6035631479828852	0.5279319885904268	0.8494083594725668	0.7419376342527357	1.162604011312238	0.8037276612209049	0.7678170519083083	0.5943538798917419	0.6577450545440312	0.9147965398215762	-14.635832265203305	0.5284662055334028
1.0989371292249708	1.31233345959699	1.3348632497008572	0.9770630947313251	1.1565542669213202	2.5843611152857466	1.6357182820051368	1.1325983176640173	1.1176613403645235	0.9991502408332817	1.4818796820406586	1.326189683471975	1.9112384625862862	1.416309420874153	1.3641416495408534	1.103416441582582	1.20050176768741	1.5742959677702917	1.6923762055334028	-26.419589777415784