-16.05811906182869	1.9901816244577561	1.1985899068088302	0.9693888679639036	0.2550150447329758	0.05103001746605308	0.10763441321503514	1.862293000265335	1.4136264390969495	1.6613042819221457	4.28127035369302	1.0266272212227079	0.032571973782063286	0.09066574547523916	0.33724624482275006	0.7790551728930726	2.459966597923271e-7	1.0027660044418872e-6	0.001617505214751585	3.3435024260229295e-11
0.409751624457756	-7.496933835961448	0.5152090276284709	0.3941191697889551	0.0813288174593802	0.014078996291081398	0.03135745859563578	0.9151496665661174	0.6370309915857216	0.7866986320575495	2.8409826383209382	0.4234867924533963	0.008759929257473351	0.02604398286538424	0.11175378153893327	0.3007877115137464	5.5066178842279036e-8	2.2608413291222116e-7	0.00039433442331586477	7.28039996904693e-12
0.8246599068088303	1.721709027628471	-13.640165663899488	0.7978812095024326	0.19709520628216992	0.037900724331428666	0.08115458186054825	1.6030223608823084	1.1927368483521927	1.4179815617081946	3.9283725837740966	0.8480095056153004	0.024021336309371467	0.06809470068032747	0.2633498162252397	0.6330140762078025	1.7274563113360234e-7	7.054473586652106e-7	0.001161339514465072	2.3317694657229053e-11
1.031248867963904	2.0364091697889553	1.233671209502433	-16.48242897358672	0.2658905211497322	0.05357704924376053	0.11270890716736284	1.9070850441105032	1.4523253238464666	1.7035850929444942	4.340164016982145	1.0584201453096616	0.034240155776405	0.09500497957182664	0.3510042462921815	0.8053845878305945	2.608008795946144e-7	1.0627862811767223e-6	0.0017083324836470585	3.548842192971713e-11
2.5623870447329757	3.9691308174593805	2.8783972062821706	2.511402521149732	-36.45002579545186	0.2777080780996728	0.5143441996971685	3.805890603740617	3.1969974182521335	3.5409106075024392	6.535178890913067	2.6062001372460886	0.1887656717256472	0.4477924132740729	1.2255314777860011	2.1774776619672433	2.1569267907929025e-6	8.677251122556718e-6	0.011900211137841964	3.076978340093803e-10
4.539100017466053	6.0825789962910815	4.899900724331429	4.479787049243761	2.458406078099673	-63.23607047093297	1.5631187175391839	5.910002281963735	5.253752952014065	5.627114728481987	8.707741476209305	4.589806761244499	0.7451502309460367	1.4171981863311578	2.8105143451295964	4.082077534699818	0.00001646003844231651	0.00006511474133982351	0.06973881367432656	2.487480232138664e-9
3.6243144132150356	5.128467458595636	3.9717645818605476	3.5675289071673624	1.723652199697168	0.5917287175391833	-50.53499169896827	4.9584283486925855	4.315413592650561	4.680476938754354	7.738293891961254	3.6729395735538137	0.42195186140322544	0.8902312212484428	2.0278176597490143	3.1896184639357466	6.675238027753519e-6	0.000026622604157713444	0.03233057012064863	9.815169618777914e-10
0.4566530002653352	1.0899396665661172	0.5713123608823085	0.43958504411050303	0.09287860374061666	0.016292281963733602	0.03610834869258611	-8.237811597864054	0.7028297305077121	0.8632325643170284	2.992273839403934	0.4716335072169569	0.010160577843229114	0.030028234731564744	0.12716978387391079	0.3372521504484461	6.500156212393246e-8	2.666799024967245e-7	0.0004615716099885301	8.61869055495297e-12
0.6761964390969497	1.4800309915857217	0.8292368483521928	0.6530353238464667	0.1521954182521337	0.02825295201406502	0.06130359265056118	1.3710397305077122	-11.528564181983164	1.202533793148673	3.5913517734428972	0.6964392080257745	0.017795749214131854	0.05126189099127371	0.20525267270021577	0.5117970071059175	1.2246069936087592e-7	5.009429273149397e-7	0.000840167628427036	1.6423282568188008e-11
0.5429342819221455	1.2487586320575494	0.6735415617081945	0.5233550929444944	0.11516860750243951	0.020674728481987523	0.04542693875435428	1.1505025643170284	0.8215937931486732	-9.561402151166234	3.2461153832115524	0.5600881478056838	0.012946050323354543	0.03786243754204207	0.15671222444466357	0.40512379200276993	8.535811081809174e-8	3.4976349060786646e-7	0.0005974798663289085	1.1372429838368659e-11
0.06304035369301987	0.20318263832093783	0.08407258377409725	0.0600740169821459	0.009576890913066705	0.0014414762093034586	0.0033838919612538577	0.17968383940393348	0.11055177344289742	0.14625538321155243	-0.9874856290812106	0.06567916921312109	0.0008746585054528283	0.0027726520692662377	0.013665573846486319	0.043195179084015455	4.4657035178089635e-9	1.851213426616145e-8	0.000035525472254632145	5.680212195181052e-13
0.9738372212227089	1.9511267924533964	1.1691495056153003	0.9437701453096623	0.2460381372460889	0.048946761244498344	0.10346957355381399	1.8244835072169572	1.3810792080257746	1.625668147805684	4.231119169213121	-15.701492916115765	0.031209718074934813	0.08710755129606396	0.32586330426650767	0.7570792238452798	2.340273365974522e-7	9.542236155789107e-7	0.001543761443242969	3.1776799396097736e-11
5.082721973782063	6.639339929257474	5.448101336309372	5.022530155776406	2.931543671725647	1.3072302309460366	1.9554218614032255	6.465950577843229	5.805375749214131	6.181466050323355	9.269254658505453	5.134149718074935	-71.06254241013018	1.790730761324121	3.3038792774600645	4.617812068015813	0.00002768505774286685	0.00010894150214234047	0.10689775935202699	4.256930977488942e-9
3.835555745475239	5.351363982865384	4.186914700680327	3.778034979571826	1.8853104132740723	0.6740181863311573	1.118441221248442	5.180558234731564	4.5335818909912735	4.901122437542042	7.9658926520692654	3.8847875512960632	0.4854707613241205	-53.41655639085888	2.2022000865389657	3.3944124612346913	8.255325628075102e-6	0.00003286493686918276	0.03884996420058674	1.221361534141271e-9
2.2230832448227504	3.578020781538933	2.5231168162252398	2.1749812462921816	0.8039964777860013	0.208281345129596	0.39697465974901486	3.4186467838739114	2.828519672700216	3.1609192244446636	6.117732573846487	2.264490304266508	0.13956627746006456	0.3431470865389667	-32.05212279132755	1.8623124366756694	1.4527627996093e-6	5.8602310512095275e-6	0.008326546778237581	2.0524841860487582e-10
1.2592251728930728	2.3613877115137463	1.4871140762078026	1.2236945878305945	0.35027566196724336	0.07417753469981685	0.15310846393574687	2.223062150448446	1.7293970071059177	2.00366379200277	4.7415951790840145	1.2900392238452796	0.04783206801581216	0.12969246123469147	0.4566454366756692	-19.533380846078668	3.870767792995608e-7	1.5740028377365785e-6	0.002468357485331447	5.309675017217626e-11
18.11467024599666	19.69510005506618	18.48860017274563	18.05281026080088	15.80730015692679	13.626616460038441	14.59799667523803	19.52031006500156	18.8521001224607	19.23304008535811	22.332900004465703	18.167460234027335	13.064547685057743	14.369788255325627	16.228834452762804	17.634500387076777	-289.25104876555065	1.9243100794001557	9.539326971971455	0.0008363958300613667
16.623571002766006	18.204000226084137	16.99750070544736	16.561711062786284	14.316206677251122	12.13556511474134	13.106916622604157	18.0292102666799	17.36100050094293	17.74194034976349	20.841800018512135	16.676360954223615	11.573528941502142	12.87871286493687	14.737738860231053	16.143401574002837	0.4332100794001565	-262.412709364249	8.050115134260365	0.00021840811307604263
8.577647505214752	10.156854334423315	8.951121339514463	8.515878332483648	6.28055821113784	4.157698813674326	5.091680570120649	9.982131571609989	9.314300167628426	9.694997479866329	12.794295525472254	8.630363761443242	3.6327777593520265	4.869989964200586	6.698519546778237	8.098328357485329	0.0006869719714541282	0.002575134260362138	-125.45040546851486	1.2187762474136502e-7
27.433170000033435	29.01360000000728	27.807100000023322	27.37131000003549	25.1257980003077	22.945100002487482	23.91649000098152	28.838810000008618	28.170600000016425	28.55154000001137	31.651400000000567	27.485960000031778	22.383020004256934	23.688280001221365	25.54733300020525	26.953000000053095	9.319336395830062	10.809818408113076	18.857140121877627	-465.8688059355024