-27.028745997707052	1.4728761633249101	1.9028101519726646	0.8277867924690911	1.0383413358761653	1.1907224495516058	1.4740076114732272	1.0442428346052517	1.311589188132695	1.0716437897434172	1.7415794614435103	1.6698823958410631	1.644678323554284	1.5135305171549056	1.241781552589112	1.9347301042697553	1.3763241936494548	1.5118789736120708	1.5615601493055198	1.4987800091383485
0.6411191633249101	-17.98349717831548	1.3477797855560156	0.5176615364662055	0.6691691110141992	0.7825583636636666	1.0008902640333466	0.6735041232416639	0.874563185689988	0.6936924698653075	1.215212987934741	1.1570654381496681	1.1367464138861358	1.0320757866486001	0.8212090224163398	1.3743102093826862	0.9245534437370959	1.0307692514053715	1.0701995328582792	1.020417089041259
0.44118315197266444	0.7179097855560155	-12.618047322914633	0.3499992415731116	0.4622096554406468	0.5482987927377626	0.7186156145422706	0.46546902780091604	0.6193713561274619	0.4806822091152381	0.8910261596663737	0.8437736779490257	0.8273433454231728	0.7433962869320111	0.5780273093695014	1.0220091357684025	0.6584215323771587	0.74235592072167	0.7738357344285736	0.7341193854126588
1.1945867924690907	1.716218536466206	2.1784262415731117	-31.709986129769824	1.2375296628273014	1.4069770684303697	1.717448144585617	1.2441279688706204	1.54011163997106	1.2747250438808084	2.006197472744879	1.9292043455386365	1.902075453712751	1.760351764267335	1.463347787288725	2.212383087922218	1.6109973292475372	1.7585608060727416	1.812366583191581	1.7443504007092354
0.9626143358761645	1.4251991110141993	1.8481096554406466	0.7950026628273015	-26.113695476785605	1.1488086262795516	1.4263094616231793	1.0057565035658669	1.2670796042298893	1.0324914528058522	1.6892923435478473	1.6187499467145658	1.593964349497428	1.4651047911455772	1.1987467203128046	1.8795802894645204	1.3305042829550318	1.4634832884872069	1.5122743489955681	1.4506237020023993
0.8308194495516052	1.2544123636636666	1.6500227927377626	0.6802740684303699	0.8646326262795517	-22.84155718188406	1.255441574542407	0.8698462602002665	1.1084176849581524	0.8940847649789596	1.5006527861511305	1.4346054016614076	1.411444964988558	1.291435578312083	1.045691903849635	1.6797265811377933	1.1668401962063246	1.2899298597472713	1.3352858069571543	1.277992517529961
0.6404706114732274	0.999110264033335	1.346705614542271	0.5171111445856165	0.6684994616231794	0.7818075745424071	-17.966540587020347	0.6728312509197998	0.8737510943881512	0.6930047184960548	1.214204223642543	1.1560871923786649	1.1357791091907403	1.0311672207068077	0.8204320085758853	1.3732236097787993	0.9237096211178596	1.029861444644771	1.0692691014880078	1.019515320892224
0.9570248346052511	1.4180431232416641	1.839878027800916	0.7901099688706203	0.9942655035658771	1.1425312602002666	1.4191502509198	-25.976413130940784	1.2604069453779454	1.0266338356044975	1.6814309469290207	1.6110654523559067	1.5863439313310388	1.4578344038887636	1.1922987301623376	1.8712796591309924	1.3236318099627515	1.4562174927376672	1.504872464516063	1.4433944897394042
0.7421621881326949	1.136893185689988	1.5115713561274615	0.6038846399710596	0.7733796042298892	0.8988936849581527	1.1378610943881515	0.7781979453779454	-20.59512495630584	0.8006157775809765	1.369515886674639	1.30692204646227	1.2850060657611986	1.1717354020697124	0.941444058541704	1.5398985692247007	1.0546817611161108	1.1703174202289428	1.2130657380902128	1.1590785316800298
0.9316227897434166	1.3854284698653074	1.802288209115238	0.7679040438808079	0.9681974528058527	1.1139667649789597	1.3865207184960548	0.9738308356044953	1.2300217775809763	-25.35092414778365	1.6455557035778603	1.5760086578381869	1.5515834627526344	1.4246915101653495	1.1629486588806126	1.8333700274338973	1.2923253919736974	1.4230958043534834	1.4711221228668516	1.4104417458699696
0.5064424614435101	0.8118329879347411	1.1175161596663734	0.404260472744879	0.529882343547847	0.6254187861511304	0.8126042236425427	0.5335119469290206	0.7038058866746393	0.5504397035778603	-14.402233339321093	0.9488287718307554	0.9310037248320094	0.8396591799515611	0.6582575689316529	1.1411711639271673	0.7467031992878785	0.838524187585614	0.8728347003531475	0.8295358703087623
0.5388953958410627	0.8578354381496683	1.174413677949026	0.43141734553863637	0.5634899467145658	0.6635214016614076	0.8586371923786649	0.5672964523559066	0.7453620464622698	0.5850426578381872	1.0529787718307562	-15.276899203803191	0.9815301314239183	0.8867522207094818	0.6978314970093118	1.1988203540061406	0.7900666353806368	0.8855731644844406	0.9212002347862699	0.8762346392828416
0.5508613235542839	0.874686413886136	1.1951533454231729	0.44145845371275105	0.575874349497428	0.6775309649885584	0.8754991091907401	0.5797449313310387	0.7606160657611984	0.5977874627526345	1.0723237248320097	1.0187001314239168	-15.597431405841299	0.9039940102790965	0.7123716734669311	1.219827038528379	0.8059704719768044	0.9027991704972057	0.938897583205628	0.8933351815333843
0.6182935171549055	0.9685957866485989	1.3097862869320114	0.49831476426733506	0.6455947911455769	0.7561015783120832	0.9694672207068067	0.6498154038887637	0.8459254020697123	0.6694755101653495	1.179559179951561	1.1225022207094821	1.1025740102790964	-17.385130528527448	0.7938195603537647	1.335871756650555	0.894785633458115	0.9987205461333074	1.0373435828837139	0.9885837768167118
0.7918455525891119	1.20303002241634	1.589718309369501	0.6466117872887248	0.8245377203128041	0.9556589038496354	1.204033008575885	0.8295807301623374	1.0609350585417028	0.8530336588806128	1.4434585689316528	1.3788824970093116	1.356252673466931	1.2391205603537645	-21.858850047627485	1.61883766541287	1.1177532943920627	1.2376523477193822	1.2818940653654485	1.2260136229894072
0.4294031042697553	0.7007402093826863	0.9783091357684016	0.34025608792221784	0.44998028946452057	0.5343025811377935	0.7014336097787994	0.45317065913099236	0.603998569224701	0.4680640274338975	0.8709811639271673	0.8244803540061405	0.8083170385283789	0.7257817566505548	0.56344666541287	-12.292112218744759	0.6423217440309684	0.7247594007131577	0.7556999130220543	0.7166659089396994
0.6994571936494545	1.079443443737095	1.4431815323771588	0.5673303292475371	0.7293642829550318	0.8498761962063247	1.0803796211178591	0.7339828099627513	0.9472417611161096	0.7554793919736977	1.3049731992878786	1.2441866353806366	1.2229204719768043	1.113155633458115	0.8908222943920626	1.4707817440309687	-19.498443599259456	1.1117831536599665	1.153177537810074	1.100906366919929
0.6192019736120707	0.9698492514053718	1.3113059207216702	0.4990838060727418	0.6465332884872071	0.7571558597472713	0.970721444644773	0.6507584927376672	0.8470674202289427	0.6704398043534835	1.180984187585614	1.1238831644844405	1.1039391704972057	1.0012805461332683	0.7949113477193824	1.337409400713158	0.8959731536599662	-17.40900837916767	1.038655602468764	0.9898545438946725
0.5925431493055199	0.9329395328582788	1.2664457344285738	0.4765495831915811	0.618984348995568	0.7261718069571541	0.9337891014880071	0.623073464516063	0.8134757380902125	0.6421261228668517	1.1389547003531475	1.0831702347862704	1.0636975832056275	0.9635635828837144	0.7628130653654487	1.2920099130220544	0.8610275378100742	0.9623156024687649	-16.706079922010026	0.952429119417111
0.6264630091383483	0.9798570890412586	1.3234293854126589	0.5052334007092351	0.6540337020023992	0.7655785175299608	0.980735320892222	0.6582954897394042	0.8561885316800302	0.6781457458699696	1.1923558703087622	1.134904639282842	1.114835181533384	1.0115037768167143	0.8036326229894072	1.3496759089396992	0.9054563669199289	1.0102145438946755	1.0491291194171102	-17.599668222118012