-57.24862847862539	2.3508285200432875	6.303084235899554	2.38164711129245	2.7602418199025514	0.02476472319920787	1.9377328764728297	2.1620996542753845	1.8344016185326042	2.278803979743782	6.435646885776183	2.5648595307747604	2.1006505431630447	2.8222775356914678	1.6613857578327362	2.8887101514467	1.523229729836876	4.820307215588157	5.783024061468016	4.614932527685799
0.30341852004328723	-29.898131046836816	4.305788393192274	1.0193380690457594	1.2683304644088587	0.004393606965426417	0.7550088832655008	0.8847493914747732	0.6979833023454595	0.9553693893899062	4.433462452664026	1.1372302629074755	0.8484205026162378	1.311080283232506	0.6064343517877429	1.357445906330071	0.5369246678478179	2.9225661666213605	3.8100454912975805	2.7401409414007496
0.011674235899554084	0.061788393192274436	-3.4178270441094707	0.06366402878164322	0.09044219917983674	0.00009898333005007166	0.04040835894456019	0.051190005545735204	0.036040461280363464	0.05756731205169625	1.0683966479297626	0.0757238614376637	0.04805064517518449	0.09555103161024003	0.029487213334532855	0.1012690746089751	0.024880992520306497	0.4277381651240374	0.7597359022775326	0.3741195318855219
0.2958071112924503	0.9809080690457584	4.269234028781643	-29.479281834887953	1.2460855859308873	0.004249724721003059	0.7393262089092526	0.8671915697974701	0.6831790181877002	0.9368576551215775	4.396733691033503	1.1164572441382203	0.8313712419850494	1.2883817247695364	0.5931157877901174	1.334269163254575	0.5248011832912095	2.8893392542936858	3.774340580547998	2.7076329919963182
0.21698181990255158	0.7724804644088586	3.8385921991798364	0.7886655859308874	-24.77817124994128	0.0028537588702310305	0.5706014400860255	0.6767579469814227	0.524516716490328	0.7352602505483098	3.963652419027753	0.8880661196606554	0.6468561330058248	1.0368006443645523	0.4513190970226947	1.0768742972514627	0.3964303047851196	2.5040641247145015	3.3554800472953077	2.331917880414957
5.4116547231992085	7.438693606965427	11.67839898333005	7.476979724721003	7.933003758870231	-154.96986799306634	6.903292756744553	7.199606390260447	6.761528170279155	7.348422025169719	11.812197578299848	7.700746710182075	7.119872506490671	8.00554786561128	6.515122534480782	8.082652587979496	6.308748080324763	10.16710970372234	11.151940027237355	9.954350259197929
0.42831287647283006	1.2929988832655015	4.82239835894456	1.3157462089092533	1.6044414400860263	0.006982756744552648	-36.14756104362827	1.1563289572412816	0.9303606522495853	1.2403022162105068	4.95209814483166	1.4533657652170795	1.112833860966949	1.653296079052245	0.8172382009566386	1.7060697403483072	0.7301505546556085	3.399561346281563	4.316708648642676	3.208366352551454
0.35478965427538467	1.1248493914747726	4.535290005545734	1.1457215697974703	1.4127079469814228	0.005406390260446887	0.8584389572412806	-32.59858243653443	0.7958423443493465	1.076596080536841	4.663959180931888	1.272524864670934	0.9604748773110892	1.4582457426106228	0.6948202338066198	1.507543967289768	0.617643667887079	3.1328396899415734	4.034679920684146	2.9462079509380064
0.4676516185326047	1.37864330234546	4.960700461280364	1.402269018187701	1.7010267164903283	0.007888170279155142	1.0730306522495852	1.236402344349347	-37.923902937245074	1.3238593357419828	5.09082358718162	1.5449266941152744	1.191023046154366	1.751401435743275	0.881000817488395	1.8057629050381687	0.7890517584117475	3.529333928986323	4.452911691049355	3.336195453620023
0.32202397974378183	1.0459993893899062	4.392197312051696	1.065917655121577	1.3217402505483096	0.0047520251697196324	0.7929422162105064	0.9271260805368412	0.7338293357419824	-30.900553107690442	4.520265694183728	1.1871865911924637	0.8895937764710171	1.3655524750614991	0.6387412469228447	1.4130368267018787	0.5663767256303773	3.001405993329728	3.8945299251409624	2.817335608541622
0.010426885776182506	0.055652452664025596	0.9345866479297625	0.0573536910335023	0.08169241902775347	0.0000875782998475158	0.036298144831660085	0.04604918093188763	0.03235358718161959	0.05182569418372769	-3.0870640865234273	0.06830364218582749	0.04320790837346088	0.08634572766141814	0.02644247320330296	0.09155739674283508	0.022293105031707013	0.39334850796243276	0.7059099555200925	0.34332908798238165
0.2544995307747606	0.8742802629074762	4.056773861437664	0.8919372441382207	1.120966119660656	0.003496710182073623	0.6524257652170792	0.7694748646709343	0.6013166941152742	0.8336065911924639	4.183163642185828	-27.106271346482913	0.736596255878502	1.160581541931934	0.5197333128163725	1.2036379502250745	0.4582014368940723	2.6977816853241103	3.56726320059017	2.5205346763402456
0.3734605431630443	1.1686405026162374	4.612270645175184	1.1900212419850495	1.4629261330058247	0.005792506490671032	0.8950638609669485	1.040594877311088	0.8305830461543654	1.119183776471017	4.741237908373461	1.3197662558785013	-33.531629831533344	1.50937326663005	0.7263373048374422	1.5596257727002742	0.6465332884872069	3.203975949071073	4.110195602009865	3.0160473502060436
0.2062975356914676	0.742510283232506	3.7709810316102406	0.7582417247695369	0.9640806443645531	0.002677865611278986	0.5467360790522448	0.6495757426106231	0.5021714357432746	0.7063524750614995	3.8955857276614183	0.854961541931934	0.62058326663005	-24.078982557012235	0.4314968419392809	1.039137633669329	0.37859412396314784	2.4447014010257457	3.290049371152626	2.274247831291479
0.5428957578327366	1.5353543517877433	5.202407213334533	1.5604657877901182	1.8760890970226953	0.00974253448078255	1.2081682009566386	1.3836402338066203	1.1292608174883951	1.4770312469228455	5.3331724732033035	1.7116033128163723	1.3350373048374429	1.9289868419392815	-41.13038432765517	1.9859767542586337	0.8994863956959771	3.7579100735129494	4.69141926143321	3.5617366685348895
0.19545015144670033	0.711595906330071	3.699419074608975	0.7268491632545749	0.9268742972514622	0.002502587979496203	0.5222297403483069	0.6215939672897681	0.4792529050381682	0.6765568267018788	3.823517396742835	0.8207379502250738	0.5935557727002746	0.9618576336693296	0.41120675425863307	-23.350335535666773	0.360366831275356	2.3822332996369284	3.2209045949832835	2.2136306819256597
0.612989729836876	1.674094667847818	5.406050992520306	1.7004011832912094	2.0294503047851196	0.01161808032476369	1.3293305546556085	1.5147136678870792	1.245561758411747	1.6129167256303776	5.537273105031708	1.8583214368940721	1.4634832884872075	2.0843341239631474	1.1077363956959765	2.143386831275356	-43.930146616078005	3.952056338203227	4.89277479524632	3.7536526360900835
0.04047821558815744	0.1901471666213604	1.9393191651240376	0.19535025429368572	0.2674951247145018	0.00039070372233944813	0.12915234628156275	0.16032068994157386	0.11625492898632311	0.17835699332972843	2.038739507962433	0.2283126853241105	0.15133694907107384	0.2808524010257454	0.0965710735129485	0.2956642996369288	0.0824673382032273	-8.8606754990019	1.5721143598519496	0.8973512958102127
0.01813406146801532	0.09256549129758018	1.2862559022775326	0.09529058054799859	0.13385004729530792	0.00016002723735419834	0.06123864864267484	0.07709992068414652	0.05477169104935483	0.0864199251409631	1.3662399555200924	0.1127332005901701	0.07249560200986506	0.14113937115262598	0.045019261433209154	0.1492745949832835	0.038124795246318746	0.5870533598519496	-4.935730310642485	0.517863874214042
0.04794552768579772	0.22056394140074975	2.098542531885522	0.22648599199631794	0.308190880414957	0.00047325919792827004	0.1507993525514536	0.1865309509380068	0.1359584536200225	0.20712860854162177	2.201562087982382	0.2639076763402457	0.17625035020604335	0.3232408312914792	0.1132396685348886	0.3399036819256597	0.09690563609008342	1.110193295810213	1.7157668742140422	-9.923589600627414