-23.83108154581499	1.2563243316078037	1.2189067692674311	0.8014850026845272	0.8108242342118851	1.0608045674553293	0.9832100326020747	0.7276334565659589	0.8725248278624064	0.9067004150115949	1.3883467558388634	1.9291457575491775	1.6460583339728618	1.4528297270953419	3.798080040791598	2.1958913223722027	0.32153814596972324	0.8935065560185411	0.9134743226678439	0.6537969462698257
0.7811643316078035	-19.07836330781218	0.9677199892038432	0.6157074741516843	0.6234049421993351	0.8325743659063879	0.7670265412464222	0.555158885088007	0.6744799186671098	0.7029312043207039	1.114743918342204	1.5969254197053653	1.3422514252450974	1.1712478489024487	3.3625367197892158	1.840859190335551	0.23389921902081065	0.6919339116882488	0.708583834646566	0.49521416774537846
0.8090167692674306	1.032989989203843	-19.69089871675859	0.6391120748071196	0.6470286108162252	0.8617048933872622	0.7945192898886396	0.5767954750591109	0.6995260285903541	0.7287469313331584	1.1501356109174938	1.6406290033219297	1.3818937784672303	1.207755922524104	3.4215870611188572	1.887869215292955	0.24456545707456015	0.7174540423639201	0.7345505856312359	0.5150179776931593
1.228865002684527	1.5182474741516845	1.47638207480712	-28.686065691304883	1.010874132102069	1.298086331078436	1.2096825210874953	0.913601311473548	1.0824379051075637	1.121876838161572	1.665040772703092	2.2538388446389974	1.9478882157078403	1.7362479784552132	4.199394078423498	2.5383941943340003	0.4224147622186809	1.106667411123628	1.129677661315469	0.8264481817304477
1.2165342342118848	1.5042749421993347	1.4626286108162248	0.9892041321020657	-28.42682966221699	1.2853345899994022	1.1974717872988048	0.9034477961748917	1.0710624821136416	1.1102350590894245	1.6503448239160543	2.2368362699804254	1.9319758023374272	1.721224795869197	4.178863919401569	2.5205535864323325	0.41674380946179634	1.0951275371876632	1.1179840074149796	0.8169814762098709
0.9415645674553297	1.1884943659063882	1.1523548933872623	0.7514663310784364	0.7603845899994026	-22.57434722480336	0.9254452441483388	0.681037479351493	0.8193681699936008	0.8520854245503027	1.3162401297841364	1.8427829087654293	1.5665567587352693	1.3787595320076085	3.6876142946505177	2.104088487130869	0.2972817227932315	0.8394507215333534	0.8585741140930687	0.6107974894393216
1.016980032602074	1.2759565412464222	1.2381792898886397	0.8160725210874952	0.8255317872988048	1.078455244148339	-24.19479679321731	0.7412435754907087	0.8880061581218066	0.9225963924418906	1.4091799392416127	1.953953074729467	1.6689586680781128	1.474212977651608	3.8294936722864508	2.22220282324294	0.3287019575738867	0.9092436040699957	0.9294513414586273	0.6663771925584309
1.3330934565659582	1.6357788850880068	1.5921454750591106	1.0916813114735473	1.1031977961748918	1.4057374793514927	1.3129335754907088	-30.868389178460653	1.1788693300283404	1.2204862609960287	1.7883950038360044	2.395595476550141	2.0809791177752675	1.8622282129536645	4.3687537623240855	2.6867720902987315	0.47140935164438796	1.2044439323234013	1.2287108928843722	0.9071777676425118
1.1393248278624064	1.4164399186671102	1.3762160285903546	0.921857905107564	0.9321524821136419	1.2054081699936008	1.1210361581218067	0.8402093300283409	-26.798008215569848	1.0374614150098946	1.5578022224647132	2.1291730238674926	1.8314804805771823	1.6265474657173462	4.04769628566813	2.4073521880186766	0.38184252482175907	1.023008806366484	1.0448768652163503	0.7581221173569929
1.0994904150115947	1.3708812043207041	1.3314269313331588	0.8872868381615718	0.8973150590894251	1.1641154245503027	1.0816163924418905	0.8078162609960292	0.9634514150098935	-25.953605133729774	1.509689010916145	2.0727742854677533	1.779025227381204	1.5772720565855796	3.9781346876069006	2.3478859651031576	0.36424780153201936	0.9858969287374345	1.0072373760729438	0.7280418534120656
0.6918567558388633	0.893413918342204	0.8635356109174938	0.5411707727030921	0.5481448239160547	0.7389901297841364	0.6789199392416128	0.4864450038360044	0.594512222464713	0.6204090109161448	-17.095997617243654	1.453540474990108	1.2129411679660342	1.0526942533791661	3.1643916936282643	1.6858966665309274	0.20067498298545927	0.6103934731739071	0.6255597528532659	0.43250696377620124
0.4314387575491776	0.5743784197053651	0.55281200332193	0.32875184463899787	0.3334192699804256	0.46431590876542905	0.42247607472946747	0.29242847655014104	0.3646660238674926	0.38227728546775314	0.652323474990108	-11.10093959851293	0.8124971728076209	0.6914221013749637	2.4797803008961834	1.1869927372289897	0.11254341984466215	0.37545280596291436	0.3857934560058761	0.2571700648254325
0.5501983339728618	0.7215514252450977	0.6959237784672304	0.4246482157078404	0.4304058023374276	0.5899367587352694	0.5393286680781132	0.37965911777526806	0.4688204805771824	0.4903752273812041	0.8135711679660347	1.214344172807621	-13.882301959798259	0.8593943843709481	2.8160888180371777	1.4246067123336692	0.15108462862738914	0.4820306574032886	0.49467067527132347	0.335662934703311
0.652739727095342	0.846317848902449	0.8175559225241043	0.5087779784552132	0.5154247958691974	0.6979095320076084	0.6403529776516086	0.4566782129536649	0.5596574657173463	0.5843920565855798	0.9490942533791669	1.389039101374964	1.155164384370948	-16.217905675029805	3.0728347584401114	1.6157984688693978	0.18659634003509434	0.5748234965166302	0.5893141437968318	0.40543421048454503
0.09347004079159797	0.1330867197892157	0.1268670611188574	0.06740407842349748	0.068543919401569	0.10224429465051786	0.0911136722864515	0.058683762324085134	0.07628628566813038	0.08073468760690058	0.15627169362826443	0.2728773008961831	0.2073388180371774	0.1683147584401117	-2.2784124394592764	0.3443433249261262	0.01971950715016473	0.0790037141550714	0.0816300735502052	0.05047872661514935
0.3449513223722025	0.46507919033555084	0.44681921529295493	0.26007419433400025	0.26390358643233286	0.3723884871308687	0.33749282324293983	0.230372090298732	0.28961218801867605	0.30415596510315773	0.5314466665309275	0.8337597372289897	0.6695267123336692	0.5649484688693978	2.198013324926126	-9.006134497118701	0.08629388993329166	0.2985156339615287	0.3070642399205758	0.20171676085277995
2.2806281459697235	2.668149219020811	2.61354545707456	1.9541247622186815	1.970123809461797	2.3756117227932316	2.254021957573887	1.8250393516443888	2.0741325248217595	2.13054780153202	2.85625498298546	3.569340419844663	3.2060346286273895	2.9457763400350943	5.683419507150165	3.896323889933292	-50.24454416569571	2.108864640816576	2.141634035440693	1.690970968751519
1.114636556018541	1.3882239116882489	1.34847404236392	0.9004174111236277	0.9105475371876635	1.179820721533353	1.0966036040699956	0.8201139323234016	0.9773388063664804	1.0142369287374335	1.528013473173907	2.094289805962914	1.7990206574032883	1.59604349651663	4.0047437141550715	2.3705856339615288	0.3709046408165753	-26.275013190701877	1.0215425060482999	0.7394558112509981
1.0918243226678432	1.362093834646566	1.3227905856312365	0.8806476613154691	0.8906240074149799	1.1561641140930687	1.0740313414586276	0.8016008928843726	0.9564268652163506	0.9927973760729462	1.5003997528532662	2.061850456005877	1.7688806752713233	1.5677541437968316	3.964590073550205	2.3363542399205763	0.36089403544069265	0.9787625060482986	-25.790762681276252	0.7222757969877197
1.451026946269825	1.7676041677453782	1.722137977693159	1.1962981817304472	1.208501476209871	1.527267489439321	1.4298371925584306	1.0989477676425112	1.2885521173569925	1.3324818534120648	1.9262269637762008	2.552107064825432	2.2287529347033104	2.0027542104845444	4.552318726615149	2.849886760852779	0.5291109687515183	1.3155558112509982	1.341155796987719	-33.320524408305644