-14.090360075747894	0.8388787567242983	0.7165709005303068	0.6106137247287814	0.6285819748892532	0.4413251468369263	0.7897140828755647	0.6945366186482798	0.7410447801129794	0.7422868713532218	0.7785085543158181	0.7866393389099227	0.7550006594736643	0.7452316932841839	0.7249510122958123	0.7267891662320037	0.8589977018408602	0.8598317849457715	0.8806109753967536	0.7702463323534887
1.1805387567242984	-17.07594713186699	0.8612803737296658	0.7397665190813947	0.7604676674135242	0.5425889250007897	0.944424323289925	0.8361190087515474	0.8891643722065187	0.8905777910600379	0.9317233725901823	0.9409405311823044	0.9050357143811014	0.893928141211341	0.8708355475570385	0.872930411734438	1.0226738193082312	1.023612981603407	1.0469886899960092	0.9223501850452325
1.349820900530307	1.1528703737296653	-19.927191914809182	0.8648286887896283	0.8879466605947437	0.6425422364032832	1.0917978381995845	0.9721126550280843	1.0308457760912912	1.0324076979190406	1.0778090273386134	1.0879619870962998	1.0483757738846329	1.036109437043892	1.0105770302590853	1.0128949545959962	1.177723849084075	1.1787525256912257	1.2043368244461918	1.067477678083541
1.5276067247287815	1.3150995190813948	1.1485716887896282	-22.971025938692357	1.0255052193286165	0.7524941941866656	1.2487488321574884	1.1180270341983811	1.1822949221351167	1.1840008537993756	1.2335184446131109	1.2445737618927732	1.20143195571555	1.1880432494878872	1.1601426238268808	1.1626773469137404	1.3420364716595434	1.3431505982872645	1.3708403550881412	1.2222621428020186
1.4949909748892534	1.2852166674135244	1.121105660594744	0.9749212193286164	-22.40902315291107	0.7319512732214963	1.2197980605319245	1.0910331459667715	1.1543183377693376	1.1559987364099753	1.2047872812112428	1.215682977406944	1.173170546163698	1.1599807407446412	1.1325001618949513	1.1349964113075048	1.3117863686720934	1.3128854413143995	1.3402044764881162	1.1936946715818388
1.9024311468369262	1.6620349250007898	1.4703982364032835	1.296607194186666	1.3266482732214964	-29.535870227699576	1.586050547857589	1.434899022324251	1.5094608980695365	1.5114333588311797	1.5685412702349526	1.581253331600287	1.5315684337281659	1.5161059678386175	1.4838164684674828	1.4867537180491153	1.6927505816957826	1.6940193954206633	1.7255133959615223	1.5555840619712686
1.2446640828755648	1.0577143232899255	0.9134978381995847	0.7867058321574883	0.8083390605319243	0.5798945478575889	-18.150367700550756	0.8872808455233466	0.9425299771794751	0.9440009965013777	0.9867986085130023	0.9963793802044929	0.9590448475390517	0.9474876538786889	0.9234489959409554	0.9256303188988765	1.0812373692034116	1.0822114221255479	1.1064483512767787	0.9770532488536742
1.3840896186482798	1.184012008751547	1.0284156550280874	0.8905870341983807	0.9141771459667716	0.6633460223242509	1.1218838455233469	-20.51009698950702	1.0598342715836002	1.0614248835455937	1.1076471100845175	1.1179802426219205	1.0776845412986533	1.0651944973554772	1.0391904609288427	1.0415515382914904	1.2092829199279933	1.2103287258876094	1.236335309746687	1.0971311577939664
1.3132247801129793	1.1196843722065188	0.9697757760912914	0.8374819221351167	0.8600893377693377	0.6205348980695363	1.0597599771794755	0.9424612715836003	-19.306774657549752	1.001530780299885	1.0460405979920464	1.0559977635591287	1.0171822971816298	1.0051588408176966	0.9801382631231331	0.9824093688297378	1.1440834081863294	1.145093431910451	1.1702177590518799	1.0359098114499774
1.3114068713532216	1.1180377910600383	0.9682776979190395	0.8361278537993758	0.8587097364099753	0.6194473588311799	1.058170996501378	0.9409918835455938	0.9984707802998513	-19.276012083112356	1.0444651282495019	1.0544124757382427	1.0156356513740594	1.0036243681295236	0.9786294371047525	0.9808981971727796	1.1424140169658292	1.1434231042894047	1.1685243367222213	1.0343443976463915
1.2599785543158182	1.071533372590182	0.926029027338613	0.7979954446131107	0.8198482812112425	0.5889052702349525	1.0133186085130041	0.899564110084518	0.9553305979920452	0.9568151282495035	-18.40799706328277	1.0096659442168212	0.9719963834408744	0.9603337559531634	0.9360731357044049	0.9382747497877928	1.095254916796721	1.096237122386776	1.1206752206553583	0.9901674391978702
1.2488393389099228	1.0614805311823052	0.9169119870962994	0.7897807618927735	0.8114739774069442	0.5823473316002872	1.0036293802044962	0.8906272426219205	0.9460177635591281	0.9474924757382427	0.9903959442168224	-18.220567283662014	0.9625738838065498	0.9509878714461371	0.9268885478883429	0.9290754164704031	1.0850578576485936	1.0860341400673577	1.1103260851184844	0.9806267467870052
1.2930106594736643	1.1013857143811017	0.9531357738846339	0.8224489557155499	0.8447715461636981	0.6084724337281658	1.0421048475390533	0.9261415412986534	0.983012297181633	0.9845256513740617	1.0285363834408732	1.0383838838065504	-18.965016396336928	0.98811248095744	0.9633782667961094	0.9656231836204275	1.1255298473221338	1.1265294059906266	1.1513956115374102	1.0185179121251386
1.3071116932841842	1.1141481412113416	0.9647394370438903	0.8329302494878876	0.8554517407446413	0.6168799678386174	1.0544176538786887	0.9375214973554773	0.9948588408176943	0.996384368129522	1.0407437559531638	1.0506678714461384	1.0119824809574405	-19.203350693509442	0.9750657481251668	0.9773289586225594	1.1384703843810688	1.1394772555487787	1.1645238289781694	1.0306468197050076
1.3371210122958122	1.1413455475570384	0.9894970302590855	0.8553196238268803	0.8782611618949518	0.6348804684674827	1.080668995940956	0.961807460928842	1.0201282631231345	1.021679437104752	1.0667731357044057	1.0768585478883423	1.0375382667961097	1.0253557481251654	-19.711644698478786	1.0023017633327134	1.1660423401156208	1.1670645861332751	1.1924903244627525	1.0565109845214666
1.3343591662320038	1.1388404117344382	0.987214954595994	0.8532543469137404	0.8761574113075049	0.6332177180491153	1.078250318898876	0.9595685382914905	1.0177993688297358	1.0193481971727816	1.0643747497877931	1.0744454164704027	1.0351831836204284	1.0230189586225586	0.9977017633327224	-19.66480396004548	1.163502987378295	1.1645238289781694	1.189914936178279	1.054127703651149
1.1556477018408604	0.9776638193082332	0.8411238490840748	0.721693471659543	0.7420273686720936	0.5282945816957827	0.9229373692034116	0.8163799199279936	0.8685534081863294	0.8699440169658295	0.9104349167967212	0.9195078576485938	0.8841698473221338	0.8732403843810689	0.8505223401156208	0.8525829873782951	-16.6608167521119	1.0009252852083192	1.0239583305395017	0.9012092961774949
1.1546317849457715	0.9767529816034074	0.840302525691226	0.7209575982872644	0.7412764413143996	0.5277133954206634	0.9220614221255472	0.8155757258876094	0.8677134319104512	0.8691031042894044	0.9095671223867761	0.918634140067358	0.8833194059906266	0.8723972555487781	0.8496945861332752	0.8517538289781694	0.9990752852082899	-16.643896556351937	1.0230189586225589	0.900347561940359
1.1297209753967534	0.9544386899960091	0.8201968244461921	0.7029573550881412	0.7229054764881163	0.5135173959615221	0.9006083512767789	0.7958923097466871	0.8471477590518796	0.8485143367222213	0.8883152206553581	0.8972360851184841	0.8624956115374103	0.8517538289781694	0.8294303244627524	0.8314549361782789	0.9764183305395028	0.9773289586225596	-16.229577950356717	0.8792451800899023
1.2714463323534886	1.0818901850452323	0.9354276780835404	0.8064691428020184	0.828485671581839	0.5956780619712686	1.0233032488536737	0.9087781577939669	0.9649298114499774	0.9664243976463929	1.0098974391978737	1.0196267467870042	0.9817079121251355	0.9699668197050061	0.9455409845214671	0.9477577036511504	1.1057592961774951	1.106747561940359	1.131335180089902	-18.601172331776787