-24.61532674712019	1.508282622681615	1.5926478759829552	0.881669331088204	1.1826376571335582	0.20163744228343725	1.4925906733646122	1.148774150768661	1.385419881141219	1.0112539026301643	1.8467881859484003	1.6471510268938077	1.2869392223436917	1.5516822634086307	1.1114203788559762	1.6829605277916797	0.8081913917213814	1.2188221488169653	1.2901180165077015	1.766340047757535
0.6211856226816147	-15.72211629377712	1.0658915804263436	0.537966226659183	0.7534972064851265	0.10610622873634944	0.9878322552736315	0.7286251095756651	0.9054914273686234	0.629205635535203	1.2689765515916651	1.108875594168147	0.8310352035454683	1.033797382473412	0.701365805680557	1.1372900735755815	0.4873446778022753	0.780239334712135	0.8334199298901679	1.2039704475959707
0.5765408759829552	0.9368815804263434	-14.634284328033482	0.49805272250488336	0.7018666565893089	0.09631671007034955	0.9252388444552103	0.6782605406420485	0.8465609624006207	0.5841192680929072	1.1952318907527122	1.0412366955309038	0.7755896576195468	0.9692419680665493	0.6524132090919972	1.0685220019286972	0.4504489256092577	0.7272708442706574	0.7778601173132839	1.1326308566852492
1.1284723310882039	1.671866226659183	1.7609627225048834	-27.524803106993055	1.3251741874713112	0.23912955132402366	1.6552640127083917	1.2888377023893036	1.5416094603062023	1.1406464804045684	2.0278304065693282	1.8183819264154206	1.4367366572354652	1.7177335067824755	1.2486871515159366	1.8560497458695913	0.919768666271731	1.363937394319867	1.4401286141189744	1.9435863630381907
0.8372096571335584	1.2951662064851266	1.3725456565893086	0.732943187471311	-20.858571843370544	0.15784829273058582	1.280812473164693	0.9696557744732002	1.1831203782067254	0.847177217959252	1.607634520033676	1.4227175989515322	1.09389457285892	1.33492866884009	0.9362668321203487	1.4557566080428306	0.6687179833588082	1.0325011564055406	1.0967661560386612	1.5329089025063742
2.8503704422834377	3.641936228736349	3.76115671007035	2.641059551324024	3.1520092927305856	-64.01218153548736	3.6194546783843156	3.0977886429427186	3.4631216701764034	2.8696573602429583	4.105560270346391	3.836785168696519	3.3147581799861494	3.703605444255048	3.0371273957163742	3.8859175212754726	2.5043618325184895	3.2091745940004603	3.3196237433551206	3.9987128084461943
0.629928673364612	1.012267255273628	1.0786838444552105	0.5457990127083918	0.7635784731646931	0.10805967838431589	-15.933981902678585	0.7384643686383531	0.9169638552401951	0.6380334876707326	1.2832499110747264	1.1219981233762424	0.8418444139330495	1.0463368161794409	0.7109348860649479	1.1506258115798584	0.494595161096491	0.7905761236868835	0.8442509127647666	1.2177910940220475
0.864661150768661	1.3316091095756648	1.4102545406420488	0.7579217023893036	1.0309707744732008	0.16494264294271865	1.317013368638353	-21.498196211325073	1.2176117366189199	0.8748557582377324	1.6488188553252072	1.4612136368347497	1.1267245211302621	1.3720301533256478	0.9659064885912683	1.4947570629849414	0.6920789818829206	1.0641288537119846	1.1296511319641775	1.5730457412873093
0.6936978811412189	1.1008664273686237	1.1709459624006209	0.6030844603062026	0.8368263782067256	0.1226666701764033	1.0879038552401952	0.81000273661892	-17.46837356795632	0.7024052185280696	1.3857959737350127	1.2165597606054641	0.9202223671176507	1.136836106332403	0.7805623203833009	1.2466700145444822	0.5477170570437013	0.8656268425622964	0.9227820246576461	1.3172015109873842
0.988829902630165	1.493878635535203	1.5778022680929074	0.8714194804045688	1.170181217959252	0.19850036024295792	1.4782714876707326	1.1365447582377324	1.3717032185280698	-24.36019787501957	1.8307473469011795	1.6320325123452186	1.2738140026153295	1.537048122281401	1.0994473161115697	1.6676678086904901	0.7985509559436075	1.2061285600717337	1.2769731142438903	1.750656806513559
0.46273118594840035	0.7720165515916653	0.8272818907527123	0.39697040656932836	0.5690055200336758	0.07277027034639139	0.7618549110747266	0.5488748553252073	0.6934609737350128	0.46911434690117915	-11.811251000993845	0.8635446582252582	0.6321938704741163	0.8003138941185963	0.526891790517147	0.8876049491608691	0.3574101649467356	0.5907256686083484	0.6341473694313841	0.9443377232330916
0.5496740268938076	0.8984955941681471	0.9598666955309039	0.4741019264154208	0.6706685989515324	0.09057516869651897	0.8871831233762422	0.6478496368347497	0.8108047606054638	0.5569795123452185	1.150124658225258	-13.9745928787356	0.7420135628638517	0.9299511492591491	0.6228790643386488	1.0265712545039873	0.42835066273812733	0.6952398157904968	0.7442126575580039	1.0890510096400727
0.7592552223436918	1.1904482035454684	1.2640126576195467	0.6622496572354649	0.9116385728589204	0.13834117998614956	1.176822413933049	0.8831535211302622	1.08426036711765	0.7685540026153291	1.4885668704741162	1.311806562863852	-19.02717928355748	1.2282275221536008	0.8518519539274736	1.3433192706805757	0.6027504204526832	0.9421874439382923	1.0027074390071529	1.4170260016742018
0.5977352634086306	0.9669473824734126	1.0314019680665507	0.5169835067824757	0.7264096688400903	0.10092544425504779	0.9550518161794412	0.7021961533256478	0.8746111063324031	0.6055251222814007	1.2304238941185965	1.0734811492591496	0.8019645221536006	-15.151984640477046	0.6756716662660315	1.1013111403877935	0.46793776074441423	0.7524560462797834	0.8042898833970475	1.1666611459255294
0.8962873788559768	1.3733298056805572	1.4533872090919975	0.7867511515159364	1.0665618321203478	0.17326139571637442	1.358463886064948	1.0348864885912676	1.257151320383301	0.9067383161115695	1.695815790517147	1.5052230643386486	1.1644029539274734	1.4144856662660317	-22.231877548140915	1.5393278547125464	0.7190742787773171	1.1004580325039592	1.1673912713122516	1.6188798516532683
0.5328035277916797	0.8742300735755814	0.9344720019286967	0.45908974586959134	0.6510276080428306	0.08702752127547285	0.8631308115798584	0.6287130629849415	0.7882350145444822	0.5399348086904902	1.1215049491608688	0.9738912545039864	0.7208462706805755	0.9051011403877931	0.6043038547125463	-13.55831516609922	0.41451608052971967	0.6750646116880323	0.7229995047931351	1.0614233233589407
1.2199923917213815	1.7862426778022755	1.8783569256092578	1.0847666662717317	1.4259469833588083	0.2674298325184903	1.769058161096491	1.3879929818829209	1.6512400570437011	1.2327759559436073	2.153268164946736	1.9376286627381274	1.5422354204526834	1.8336857607444146	1.3460082787773173	1.9764740805297198	-29.571897782416016	1.4663925862820004	1.5457655970935085	2.0666365976028405
0.8090811488169652	1.257595334712135	1.3336368442706574	0.707393394319867	0.9681881564055415	0.15070059400046026	1.2434971236868835	0.9385008537119847	1.1476078425622964	0.8188115600717338	1.5650416686083484	1.3829758157904966	1.060130443938293	1.2966620462797835	0.905850032503959	1.4154806116880323	0.6448505862820004	-20.2003763715924	1.0629441754373172	1.4914281385056445
0.7570240165077016	1.1874229298901677	1.2608731173132837	0.6602316141189744	0.9091001560386616	0.13779674335512074	1.1738189127647667	0.8806701319641775	1.0814100246576468	0.7663031142438903	1.485110369431384	1.308595657558004	0.9972974390071627	1.2251428833970477	0.8494302713122519	1.340062504793135	0.6008705970935084	0.9395911754373164	-18.974417203631	1.4136655447468005
0.4957530477575353	0.8204804475959708	0.8781508566852496	0.42619636303819086	0.6077499025063741	0.07939280844619392	0.8098660940220475	0.5865717412873093	0.7383365109873844	0.5024938065135592	1.0578077232330911	0.9159410096400733	0.6741230016742017	0.8500211459255294	0.5634258516532682	0.94099332335894	0.3842485976028402	0.6305821385056445	0.6761725447468004	-12.638306915180202