-20.649090001260785	1.042449157822372	1.4070990193504957	0.4543836650954488	1.1451917347067322	1.6287636739440525	1.274345054782478	0.3109993024691562	0.9489397852606454	0.981944986655557	0.7858298839602115	1.2762895023854435	1.5761234893820468	1.427095741631274	1.1851931328930585	1.1030165016363467	1.1012845076073796	0.9661996216709734	1.0267289840583325	1.0072122559487793
0.9587191578223705	-19.796999642269665	1.3558219530135436	0.43149764499343646	1.100043880396347	1.573036511680414	1.2260472521442294	0.2942774251548331	0.9091076562040096	0.9411709118225724	0.7509656830441036	1.2279462281983147	1.521397530579126	1.37539120499116	1.1390417822945202	1.0589549065649944	1.057268153555152	0.9258723778875769	0.9847087443931896	0.9657306375297781
0.6801990193504961	0.7126519530135434	-13.993655346690566	0.285229882775478	0.7920991873865286	1.1814464335327772	0.8936918512737603	0.18955729011083156	0.6414607619860466	0.6664634877506525	0.519999608356178	0.8952354643641929	1.1379318048977796	1.016171240920819	0.8233642433858875	0.7593353204131199	0.7579942762284733	0.6545185112619195	0.7006078195332205	0.6856971901488633
1.8681406650954488	1.9289846449934365	2.4258868827754783	-38.27993358494061	2.073395404289369	2.7099968996550117	2.2497852613926006	0.7313564336132381	1.7939631423515146	1.8420382174741015	1.5488687863006667	2.2524008814186294	2.6435422286249204	2.4520002002771824	2.128605746373039	2.0145841073893065	2.01215530807356	1.8191623857759252	1.9065366833857267	1.878529705681447
0.8676317347067326	0.9062138803963466	1.2414391873865287	0.38207840428936923	-17.910159500641242	1.4481300535534747	1.1186564221501052	0.2584674127023065	0.8213579367134545	0.8512521265089624	0.674588952037621	1.1204489992925695	1.398867233245678	1.2600017396473844	1.0366623786130769	0.96143390007613	0.9598521023660828	0.836983038501661	0.8919141122073017	0.8741798862464552
0.5585736739440523	0.5865765116804139	0.838156433532777	0.2260498996550115	0.6555000535534748	-11.422122335833286	0.7443603814832289	0.14836034266901355	0.5252672186105631	0.5467489905547297	0.42173317835136565	0.7457165277715498	0.9609956876486488	0.8524933213978155	0.682762536121355	0.627013750865799	0.6258496328200974	0.5364792200844986	0.5761734233631609	0.56331155172573
0.7681750547824779	0.803607252144229	1.1144218512737607	0.3298582613926006	0.8900464221501053	1.3083803814832289	-15.83820281140301	0.2210935425161831	0.7257817566505548	0.7531560574211408	0.5921088852247932	1.0016659240748345	1.2620082568082815	1.1317741946405686	0.9239513366760077	0.8544495368333463	0.8529910509566322	0.7400838062858501	0.7904660475375861	0.7741831925508257
2.3209333024691565	2.3879414251548337	2.9263912901108315	1.3275334336132385	2.5459614127023062	3.228484342669014	2.737197542516183	-47.35177771556171	2.238871012360013	2.2921036215971924	1.9645366677229832	2.740019725819933	3.158139739923965	2.9543115593899176	2.606018641586404	2.4817749810035896	2.4791193583676074	2.266795673081714	2.363250178209308	2.3323938072635224
1.052859785260646	1.0967576562040096	1.4722807619860465	0.4841261423515147	1.202837936713454	1.6993772186105631	1.335871756650555	0.33285701236001275	-21.73765995518057	1.0341756716915513	0.8306922172465113	1.3378721010623007	1.6455178744982335	1.4928007010538804	1.2440773559916452	1.1593206918953964	1.157532762620039	1.0178752554175647	1.0805058875831848	1.060321165983463
1.0182749866555563	1.0612309118225713	1.4296934877506526	0.4646112174741015	1.1651421265089623	1.6532689905547298	1.2956560574211409	0.3184996215971921	0.966585671691551	-21.025748487203934	0.8013124771588064	1.2976201191759866	1.6001995530660091	1.4498740900793718	1.2055773840066708	1.1224968285275785	1.1207452474796575	0.9840605987428918	1.0453247501480676	1.0255743673424371
1.2499418839602112	1.2988076830441038	1.711011608356178	0.5992237863006664	1.4162609520376208	1.9560351783513652	1.5623908852247932	0.41871466772298294	1.1908842172465115	1.2290944771588066	-25.774346660595405	1.564578885009951	1.8981751370371869	1.7332698676685907	1.4616932230773538	1.368183036417067	1.3662046639510708	1.2108823823364376	1.2807351959453022	1.2582589297492048
0.7667895023854433	0.8021762281983145	1.1126354643641931	0.32914388141862944	0.8885089992925692	1.3064065277715498	0.9983359240748503	0.22058572581993227	0.7244521010623007	0.7517901191759866	0.5909668850099509	-15.809242722383377	1.2600770937745194	1.1299700519360254	0.9223738568800045	0.8529551717551141	0.8514984723872313	0.7387351077270705	0.7890517584117476	0.7727898509379455
0.5849834893820467	0.6139875305791263	0.8736918048977795	0.23864522862492032	0.6852872332456781	1.0400456876486472	0.7770382568082813	0.15706573992396503	0.5504578744982332	0.572729553066009	0.44292313703718694	0.7784370937745192	-11.982852501028438	0.8884490170657828	0.7134565794323102	0.6558336576465917	0.6546295740785701	0.5620837908823768	0.6032149828516682	0.589892269584745
0.6680257416312739	0.7000512049911601	0.9840012409208188	0.27917320027718273	0.7784917396473843	1.1636133213978155	0.8788741946405685	0.18530755938991714	0.6298107010538802	0.6544740900793717	0.5100878676685907	0.880400051936025	1.1205190170657824	-13.737459830193	0.8093754399239826	0.7461363590976698	0.7448122312737174	0.6426904800854292	0.6881645846543981	0.6734508044580314
0.8351831328930583	0.8727617822945197	1.2002542433858876	0.3648387463730388	0.9642123786130761	1.402942536121355	1.0801113366760071	0.24607464158640385	0.790147355991645	0.8192373840066707	0.6475712230773536	1.081863856880004	1.3545865794323104	1.218435439923983	-17.235596904283472	0.9265893159429063	0.9250467075070282	0.8053501334913749	0.8588309530726316	0.8415591570142199
0.9036065016363471	0.9432749065649935	1.28682532041312	0.4014171073893064	1.0395839000761307	1.497793750865799	1.1612095368333464	0.27243098100358953	0.855990691895396	0.8867568285275782	0.704661036417067	1.1630451717551142	1.4475636576465916	1.3057963590976698	1.0771893159429065	-18.656511776815478	0.9983758802081583	0.8720738267691481	0.9285759299939437	0.9103410737792738
0.9051245076073798	0.9448381535551519	1.2887342762284733	0.4022383080735598	1.0412521023660817	1.4998796328200974	1.1630010509566322	0.2730253583676072	0.857452762620039	0.8882552474796578	0.7059326639510709	1.1648384723872311	1.4496095740785702	1.3077222312737176	1.0788967075070288	1.0016258802081934	-18.687971323366263	0.8735549936721411	0.9301225541463006	0.9118668460673295
1.0345796216709724	1.0779823778875761	1.4497985112619196	0.4737853857759252	1.182923038501661	1.6750492200844986	1.3146338062858498	0.3252416730817141	0.9823352554175683	1.0161105987428887	0.8151503823364376	1.3166151077270705	1.6216037908823768	1.4701404800854292	1.223740133491375	1.139863826769148	1.1380949936721412	-21.361516299708484	1.0619122551350504	1.0419558408988814
0.9737389840583319	1.0154487443931863	1.3745178195332204	0.43978968338572666	1.1164841122073015	1.593373423363161	1.243646047537586	0.300326178209308	0.9235958875831842	0.9560047501480664	0.7636331959453021	1.2455617584117473	1.5413649828516682	1.394244584654398	1.1558509530726315	1.0749959299939438	1.0732925541463	0.9405422551350501	-20.10723600488025	0.9808241602501372
0.9928222559487747	1.0350706375297771	1.398207190148863	0.4503827056814467	1.1373498862464555	1.61911155172573	1.2659631925508257	0.30806980726352223	0.9420111659834635	0.974854367342438	0.7797569297492051	1.2678998509379455	1.566642269584745	1.4181308044580316	1.1771791570142198	1.0953610737792734	1.0936368460673296	0.9591858408988815	1.019424160250137	-20.501059693161068