-30.86388492810625	1.4422049234282566	2.0109839945379036	1.3989227591598308	1.6853308416844193	2.093048069985555	1.4824281653905926	1.2964933658142943	1.1322935644412204	1.2271037256166513	2.0071339037044598	1.712074407872572	2.2431287418157155	2.0165423395839697	1.355159370878594	1.1913018541177396	1.5746429096815606	1.8191801739531226	1.9484128378701702	1.2274989785696246
0.6589999234282564	-21.556764689167704	1.4686769619226148	0.965635393885892	1.1966170618496257	1.5386608667823098	1.0321140805105902	0.8851243954677285	0.7585688587682196	0.8312558418402187	1.4654070356356796	1.218598972735393	1.6680127572815158	1.473399873551012	0.9310947321720596	0.8036816462369537	1.1063687486342368	1.307299578473142	1.41568685579175	0.8315611042005043
0.40263499453790313	0.6435329619226148	-13.870871359953773	0.6184914462824505	0.7898092184946542	1.0554152740973088	0.6670794266624711	0.560466767232196	0.47116201671061303	0.5221624662190415	0.9974237162197465	0.806467849508546	1.1591919027096556	1.0037231090765002	0.5934859772356271	0.5027211046701772	0.7220476819816407	0.8742816317354922	0.9583954866179494	0.5223783280391855
0.6852527591598305	1.0351703938858918	1.5131704462824505	-22.304707831111074	1.2360545908497473	1.5843153562917551	1.068020643430181	0.9175251027936316	0.7876511485489703	0.8622800341822776	1.5098449635786888	1.2584795964299338	1.7156784827256395	1.5179733912092663	0.9646301052507736	0.833980885060046	1.1439174908743763	1.3489039840671067	1.4592652126483585	0.8625932438421507
0.5317078416844191	0.826199061849626	1.2445352184946543	0.7961015908497474	-17.835636819557134	1.308120655204473	0.8544032872930306	0.7259363996867572	0.6166891545532625	0.6792737917132535	1.2415707268842326	1.0195912922183439	1.4263169488255676	1.2488180089309093	0.7659386767573964	0.655479670748932	0.9198967267218597	1.098952554952075	1.1965676544153496	0.6795375577732452
0.375843069985555	0.60466086678231	0.9465592740973098	0.5807803562917551	0.7445386552044727	-13.018526478897922	0.627133837379818	0.5255253972004401	0.44071463862558297	0.48911306100304713	0.9440765124018758	0.7605077618425146	1.100262122837075	0.9501475042244488	0.5569546263585321	0.4706521603921867	0.6796624259002674	0.8255918351810007	0.9064842591951611	0.48931811399456854
0.6356681653905928	0.9685590805105907	1.4286684266624714	0.9349306434301816	1.1612662872930308	1.497578837379818	-20.88677869597673	0.8562110154967599	0.7326731901303842	0.8035956419475361	1.4254498319828417	1.182841098417242	1.6250675394153573	1.4333173851964427	0.9011468595890825	0.7766806462373949	1.072750986943364	1.2699559592083536	1.3765234259662562	0.8038936747790315
0.7525733658142946	1.1244093954677288	1.6248957672321962	1.0872751027936318	1.335639399686757	1.6988103972004402	1.1590510154967602	-24.195754278375418	0.861970518223751	0.9413787672551028	1.6214375773767653	1.3591334881723371	1.8349553964726621	1.6298898596961415	1.049880754466563	0.9112976452228839	1.2389341068216138	1.4537076273380272	1.5688025967498247	0.9417114968879388
0.8784355644412203	1.2879158587682196	1.8256530167106129	1.2474631485489702	1.5164541545532622	1.9040616386255829	1.3255751901303843	1.1520325182237507	-27.638218295805878	1.087637002979407	1.8219789832755622	1.5417202971606818	2.047916480531094	1.830957920449427	1.2066369995291668	1.054495327983093	1.412142129495938	1.6431436785155802	1.7659951767985045	1.088003209085423
0.8028107256166512	1.1901678418402188	1.7062184662190414	1.1516570341822778	1.4086037917132537	1.782025061003047	1.2260626419475362	1.0610057672551034	0.9172020029794073	-25.583502845383283	1.7026694858217577	1.4328381476659977	1.9214233215859757	1.7113433083264968	1.1128408320713536	0.9686569656277779	1.3087261382606479	1.5302779634752373	1.6486268097707253	1.000346540020778
0.40394190370445976	0.6454200356356798	1.0025807162197633	0.6203229635786888	0.7920017268842328	1.058089512401876	0.6690178319828416	0.5621655773767654	0.47264498327556226	0.5237704858217577	-13.912164504636838	0.8086931983266157	1.1620323143263669	1.0063102173680583	0.5952609985371985	0.5042820292689264	0.7241026135588075	0.876636849533844	0.9609036801799777	0.5239868666554146
0.5195214078725717	0.8092509727353933	1.2222638495085463	0.7795965964299335	0.9806612922183412	1.2851597618425146	0.8370480984172418	0.7105004881723371	0.6030252971606819	0.6645781476659973	1.2193321983266157	-17.47031120963287	1.4021466929134416	1.2264993060921479	0.749886957033527	0.6411709229621259	0.9016254608930802	1.0783706437365155	1.174835454600618	0.6648376610512419
0.3316837418157154	0.5397727572815156	0.8560959027096561	0.5179034827256396	0.6684949488255677	0.9060221228370751	0.5603825394153572	0.46743039647266216	0.39032948053109384	0.4342713215859759	0.8537793143263669	0.6832546929134414	-11.587869204533963	0.859444429549649	0.4961173447106773	0.4174920991197325	0.6086641206422525	0.7435373867287424	0.8187353031436637	0.43445781919917925
0.4007563395839699	0.6408188735510124	0.9962861090765052	0.6158573912092662	0.7866550089309094	1.0515665042244484	0.6642913851964427	0.5580238596961417	0.46902992044942726	0.519850308326497	0.9937162173680671	0.803266306092148	1.155103429549649	-13.81146793929627	0.5909333020854234	0.5004767621722878	0.7190917408164087	0.8708928819806018	0.9547861762320415	0.5200654227550217
0.7130833708785941	1.0722237321720594	1.559758977235627	1.0362241052507741	1.2774856767573965	1.6320836263585323	1.1058308595890816	0.9517247544665621	0.818418999529167	0.8950578320713537	1.5563769985371985	1.300363957033527	1.7654863447106772	1.5646433020854233	-23.091036346893294	0.8660088876935274	1.183413638594249	1.392549386966736	1.504922639295443	0.8953792576673651
0.8303638541177396	1.225948646236954	1.7501321046701774	1.1867128850600461	1.448164670748932	1.8269191603921868	1.2625026462373947	1.094279645222884	0.9474153279830941	1.0320119656277773	1.7465360292689263	1.472785922962126	1.9679990991197327	1.7553247621722878	1.1471468876935276	-26.336718968227196	1.3466259771365703	1.5717209370774123	1.6917626243434858	1.0323658221559424
0.5857469096815605	0.9006777486342371	1.3415006819816409	0.8686914908743761	1.0846237267218595	1.4079714259002671	0.9306149869433638	0.7939581068216136	0.6771041294959378	0.744123138260648	1.3383986135588075	1.1052824608930798	1.5312131206422523	1.345981740816409	0.8365936385942491	0.7186679771365704	-19.435649660663437	1.1888220095586308	1.2912726036384445	0.7444051505094906
0.4737781739531227	0.7451025784731423	1.137228631735492	0.7171719840671065	0.907173554952075	1.1973948351810006	0.7713139592083536	0.6522256273380269	0.5515996785155801	0.6091689634752372	1.1344268495338437	0.9255216437365151	1.309580386728742	1.1412768819806016	0.6892233869667359	0.587256937077412	0.8323160095586309	-16.083102909223445	1.09193079442114	0.6094120323206866
0.42445983787016983	0.67493885579175	1.0427914866179493	0.6489822126483581	0.8262376544153492	1.0997362591951614	0.6993304259662562	0.5887695967498243	0.4959001767985042	0.5489668097707251	1.0401426801799767	0.843435454600618	1.2062273031436637	1.0466191762320416	0.623045639295443	0.5287476243434854	0.7562156036384444	0.9133797944211397	-14.557117833313074	0.5491912416342133
0.8025129785696244	1.1897801042005043	1.7057413280391855	1.151277243842151	1.4081745577732456	1.7815371139945684	1.2256676747790314	1.0606454968879386	0.9168752090854225	0.9996535400207794	1.7021928666554145	1.432404661051242	1.9209168191991792	1.7108654227550215	1.1124692576673654	0.9683178221559422	1.3083151505094908	1.5298280323206865	1.6481582416342133	-25.575333521141