-29.29734274262696	1.3300688535058527	2.1056398210161347	1.4715235225307302	1.5330252414766974	0.4681234564329667	1.4527723461804083	1.2933427752103595	1.1572611501092707	1.5934345023406398	1.9241213672593236	1.527877234924265	1.5823285414854122	1.43016274595737	1.30834005665071	1.3841993722603083	1.8491295795314289	2.0959825116183675	2.136542244864629	1.6534674192720824
0.729655853505853	-22.2468793732289	1.6714718129850399	1.1189819639184768	1.1712450790788727	0.32019091972748853	1.1031103458252307	0.9693991515182522	0.8571165568835041	1.2228800668963855	1.5104295441295523	1.1668584337809496	1.2133653051119881	1.0840125473476963	0.9818802812555529	1.045324235265442	1.4445318235743387	1.662851328253094	1.6990948261132854	1.2744792980578983
0.37190582101613456	0.5381508129850399	-12.041649780744603	0.6151540105694857	0.6496766058036508	0.14636436147090956	0.6047532837060234	0.5187131911892936	0.44872255683266127	0.684191585682731	0.8834655495999265	0.646762935936884	0.6778014480166191	0.5922904570095673	0.5266227422434816	0.5672190727469829	0.8367741626945083	0.9936768837082546	1.0203248615486038	0.7190794379838459
0.6418955225307303	0.8897669639184769	1.5192600105694858	-19.85412618406846	1.0486182504879091	0.2751130999861945	0.9852586553997346	0.8615224223646383	0.7582821469072509	1.0967650935570046	1.3667779141527494	1.0445330575067155	1.0878848307058289	0.9675356015922327	0.8730370701563464	0.9316823758438645	1.3046321828158192	1.5110767910039578	1.5454972513079592	1.1449869432615605
0.6076872414766976	0.8463200790788727	1.4580726058036508	0.9529082504879093	-18.90469035237374	0.2579539402317922	0.93863931276067	0.8190525650146084	0.7195434804395668	1.0466815288961473	1.309260597580796	0.9960412377598571	1.0380681337405426	0.9214902325407638	0.8301667041745271	0.8868185748891684	1.2487148211054193	1.450077534260179	1.4837130860309062	1.0934804261016657
1.8332214564329667	2.2857019197274884	3.245196361470909	2.469839099986194	2.5483899402317918	-49.11108402554535	2.445715468773645	2.237036026740283	2.053265405380659	2.624730430867903	3.0301806735754715	2.5418476281344127	2.6107540385572627	2.4165158064141083	2.256954196791346	2.3567661886921814	2.9399077444621606	3.233872813847052	3.2813481747073205	2.699840650752201
0.6527733461804083	0.9035243458252306	1.5384882837060234	1.0148876553997321	1.06397831276067	0.2806184687736455	-20.15398179692567	0.8749762759097894	0.7705746875328696	1.112578094444692	1.3848806943365746	1.0598540147249076	1.1036153798164177	0.9820991056896046	0.8866153760681404	0.945879529004769	1.3222432749399389	1.5302474463378624	1.5649082161912993	1.1612392892830947
0.7547687752103596	1.0312381515182516	1.7138731911892935	1.152576422364638	1.2058165650146082	0.3333640267402834	1.1364012759097895	-22.921052481348575	0.8852610807292741	1.258384029216522	1.5505838740012874	1.2013492166335238	1.2486998333644541	1.116933945240164	1.0127426696642423	1.0774823370510098	1.483696494167202	1.705138292084833	1.7418585411553122	1.3108837600935268
0.8576751501092704	1.1579435568835037	1.8828705568326616	1.288324146907251	1.3452954804395667	0.38858140538065933	1.2709876875328698	1.124249080729274	-25.639780637110604	1.4014141068113233	1.7111798677692938	1.340520335404911	1.391085370617479	1.2501051251342163	1.138000342368729	1.2077254286901027	1.6405743739970544	1.8737092521162555	1.9122053067610711	1.4573340626251121
0.5761425023406401	0.8060010668963854	1.4006335856827312	0.9091010935570047	0.9547275288961473	0.24234043086790313	0.8952850944446926	0.7796660292165224	0.6837081068113234	-18.020102775097225	1.255392993430389	0.9508902296253339	0.9916434080237438	0.8786859954286115	0.790398052300933	0.8451453475160555	1.1963992295484147	1.3928219900680452	1.42569184550573	1.0454282449366181
0.4332793672593239	0.6200005441295522	1.1263575495999263	0.7055639141527494	0.7437565975807956	0.17424067357547152	0.6940376943365747	0.5983158740012876	0.5199238677692936	0.7818429934303889	-13.889589309967043	0.7405370135451591	0.7747988452277103	0.6802138762953465	0.6071441514738377	0.6523629863993019	0.9491328730725976	1.119522335742074	1.1483128987352598	0.8202452536403922
0.6104672349242651	0.8498614337809497	1.463086935936884	0.956751057506715	1.00396923775984	0.2593396281344128	0.9424430147249069	0.8225132166335238	0.7226963354049109	1.0507722296253341	1.313969013545159	-18.982222586105777	1.0421367059485038	0.9252464356107054	0.8336604327847841	0.8904770451534585	1.253290072142366	1.455076166228749	1.4887772180728118	1.0976891721874975
0.5817965414854126	0.8132463051119884	1.4110034480166191	0.9169808307058284	0.9628741337405419	0.24512403855726286	0.9030823798164171	0.7867418333644541	0.6901393706174792	1.008403408023747	1.2651088452277102	0.959014705948504	-18.179318619747786	0.8863831883136546	0.7975432787639011	0.85263679013582	1.205831232735083	1.403158225188501	1.436168436911202	1.0540816270836597
0.6661817459573702	0.9204445473476959	1.562043457009567	1.0331826015922345	1.0828472325407643	0.2874368064141085	1.018117105689604	0.8915269452401636	0.7857101251342159	1.1319969954286115	1.4070748762953464	1.0786754356107056	1.1229341883136545	-20.522275199078532	0.9033175786748187	0.9633348672942053	1.3438422349919368	1.553732996723681	1.588684109974512	1.1811913488453367
0.7443880566507102	1.0183412812555552	1.6964047422434816	1.1387130701563462	1.1915527041745266	0.32790419679134586	1.1226623760681402	0.9873646696642396	0.8736343423687292	1.2437380523009327	1.5340341514738376	1.1871184327847841	1.2341232787639007	1.1033465786748193	-22.642913129727916	1.0642080365369344	1.4675516447706236	1.687716603913619	1.7242420196280324	1.2958688915073557
0.6944673722603085	0.9560052352654408	1.6112210727469827	1.0715783758438642	1.1224245748891684	0.3019361886921813	1.0561465290047685	0.9263243370510099	0.8175794286901025	1.1727053475160554	1.453472986399302	1.118155045153458	1.16343679013582	1.037583867294205	0.9384280365369347	-21.29456314306982	1.389022512211665	1.6027685973299228	1.6383118216858017	1.2229950243628263
0.46180757953142904	0.6576228235743387	1.1831861626945086	0.7469381828158196	0.7867308211054194	0.1874877444621606	0.7349202749399386	0.6349484941672017	0.5528383739970544	0.8263692295484147	1.0526528730725984	0.7833780721423661	0.819041232735083	0.7205012349919366	0.6441816447706235	0.691432512211665	-14.732296639875031	1.1761341251778743	1.205831232735083	0.8662940252015129
0.37492151161836756	0.542203328253094	1.0063498837082603	0.619643791003958	0.6543545342601789	0.1477138138470519	0.6091854463378623	0.5226512920848327	0.45223425211625556	0.6890529900680451	0.8893033357420741	0.6514251662287489	0.6826292251885011	0.5966529967236811	0.5306076039136193	0.5714395973299228	0.8423951251778744	-12.133645677021006	1.0267600230495753	0.7241217603691019
0.362430244864629	0.5253958261132854	0.9799468615486021	0.6010132513079594	0.6349390860309061	0.14213817470732068	0.5907952161912993	0.5063205411553126	0.43767930676107136	0.6688718455057299	0.8650428987352597	0.6320752180728122	0.6625884369112018	0.5785531099745121	0.5140820196280325	0.5539318216858016	0.819041232735083	0.9737090230495756	-11.751739441390415	0.7031853264120189
0.5466544192720827	0.7680792980578982	1.346000437983846	0.8678019432615603	0.9120054261016648	0.22792965075220106	0.8544252892830946	0.7426447600935269	0.6501070626251121	0.9559072449366188	1.204274253640392	0.9082861721874976	0.9478006270836598	0.8383593488453367	0.753007891507356	0.8059140243628264	1.146803025201513	1.3383697603691018	1.3704843264120188	-17.184854961977308