-26.277771151393733	1.644233312508426	1.9918454112546542	0.5405715536439257	0.582762211845682	1.360994718403292	1.8422036119433516	0.6235302176234007	0.9211628660468252	1.2086766098331467	2.1054064016010985	1.9311536163405376	1.2093032653881748	1.613157321789806	0.7656798648796103	1.4649330915241214	1.6021985413169753	1.6526785200293501	1.7984532467221401	1.4188267686992073
0.5510753125084259	-15.273433750768291	1.2646440420470442	0.2706897152978632	0.2948287779335396	0.7954589237451513	1.1489859392719595	0.31848439999358824	0.5003686227525631	0.6899922908332541	1.3540659841727574	1.2174306930583465	0.6904193482194888	0.9770493105212741	0.403400171312309	0.8692853297338867	0.9689849293259545	1.006257999974534	1.1156567659393424	0.8363551941270106
0.4091774112546541	0.7751340420470442	-11.52952338694192	0.1933832946981866	0.2114736259396785	0.605718897198402	0.9009949740646643	0.22930059927682886	0.3693084510844873	0.5200536253554333	1.0772733310377176	0.9594532805722489	0.5203980092091735	0.7559229499024909	0.2940484721880494	0.6663888231644189	0.7491842405382046	0.7803808133785338	0.8726706406788673	0.6392579053528373
1.6663135536439257	2.489589715297863	2.9017932946981864	-41.31076490928585	1.0653962402525563	2.139099758405237	2.7264402138393504	1.1276176780792124	1.5580664988559432	1.943720129876899	3.03301100850254	2.8310248540156793	1.9445353208345928	2.4518497154306558	1.3379634505622122	2.269496113353605	2.43850197172401	2.4998181463425717	2.674601012936623	2.211926232634188
1.5804442118456816	2.3856687779335397	2.7918236259396783	0.9373362402525568	-39.428974601049674	2.041740474106277	2.6188480024732135	1.059725169084097	1.47534055529366	1.8507008943060488	2.9214323687847785	2.721982110053448	1.8514968488700143	2.3485670963127605	1.2623227490833662	2.1695237008497275	2.3354488226439343	2.395726848444218	2.5677650997395474	2.113081005033135
0.7092947184032921	1.2369169237451514	1.536686897198402	0.36165775840523684	0.39235847410627656	-19.272648707061688	1.4065159389688782	0.4222808470293447	0.6477082149482822	0.8756863773713996	1.6365250749173015	1.483696494167202	0.8761930544008742	1.2105814994647672	0.5284787804170318	1.086107516154054	1.20131375811375	1.2440877085231183	1.3687713944491864	1.047787276278137
0.4645456119433514	0.8644859392719595	1.106004974064665	0.2230402138393508	0.2435080024732136	0.6805579389688781	-13.011137853642438	0.2636321733477148	0.4203147573441409	0.5867918917513899	1.1884105071615507	1.0626511330556456	0.5871699753794506	0.8437211580795679	0.3363742525198473	0.7466424223451119	0.8364321635495883	0.8701531966597342	0.969579860246892	0.7171216816403847
1.5040492176234004	2.2921613999935877	2.692487599276829	0.8823946780792122	0.9425621690840968	1.9544998470293449	2.5218091733477146	-37.7434907965529	1.4018860001607107	1.7675754166775384	2.8205368703805815	2.6235427086465197	1.768353182145534	2.255671830763712	1.1954557626228426	2.079794067078848	2.2427734723030657	2.3020560108383683	2.47145531254361	2.024426077957385
1.0832118660468248	1.7555756227525632	2.1140254510844874	0.5943734988559429	0.63970755529366	1.4614572149482823	1.9600217573441407	0.6834160001607108	-28.22055919837746	1.3023748942391502	2.230620215461826	2.051616405689531	1.3030308333970804	1.723403703646123	0.835134082765688	1.5696288615750278	1.7120530243490426	1.7643147740990557	1.9149124164700841	1.5216810201982391
0.8168466098331464	1.3913202908332543	1.7108916253554332	0.4261481298768986	0.46118889430604887	1.1355563773713997	1.5726198917513898	0.49522641667753825	0.7484958942391501	-21.909015718160273	1.8164745278717813	1.6546901009889103	1.0005546024900545	1.3630415591146934	0.6151914617286041	1.2288815559281498	1.353081414296905	1.3990140712311305	1.532388361955154	1.1874039323106305
0.3719784016010988	0.7137959841727575	0.9265133310377174	0.17384100850254028	0.19032236878477815	0.5547970749173015	0.8326405071615505	0.2065898703805813	0.3351432154618258	0.47487652787178186	-10.517035325399005	0.8880292199206035	0.475197117031952	0.6957076143543047	0.2658751305576654	0.6115994469929318	0.6893661135183743	0.718738591722805	0.8058455153863234	0.5861782860221133
0.4307056163405379	0.8101406930583465	1.0416732805722477	0.2048348540156789	0.22385211005344752	0.6349484941672017	0.9398611330556461	0.24257570864651984	0.38911940568953096	0.5460721009889107	1.1210092199206032	-12.109046875175277	0.5464298229476652	0.7903096647424375	0.310451127698805	0.6977701605788986	0.7833514705085839	0.815555302327537	0.9106977125914939	0.6696889972711836
0.8163642653881744	1.3906383482194888	1.7101270092091734	0.42585432083459296	0.4608758488700146	1.1349540544008745	1.5718889753794507	0.4948951821455345	0.7480428333970804	0.9994456024900529	1.8156861170319518	1.6539388229476655	-21.897320212966243	1.3623677842796034	0.6147997232766852	1.2282486350694592	1.352410551979632	1.3983299320959928	1.5316678256633018	1.1867843802875113
0.5662573217898059	1.0233073105212764	1.291690949902491	0.2792077154306555	0.3039850963127602	0.815381499464767	1.1744791580795675	0.32825283076371214	0.5144547036461231	0.7079715591146936	1.3822356143543049	1.2438576647424373	0.7084067842796032	-15.664381683202334	0.41526502162216616	0.8904849012023436	0.991808987092948	1.0296615940827183	1.1406797112574358	0.8569932595425226
1.2778498648796102	2.0087281713123093	2.3888864721880494	0.7243914505622123	0.7768107490833662	1.6923487804170319	2.226202252519847	0.8271067626228429	1.185255082765688	1.5191914617286044	2.5114731305576656	2.323069127698805	1.5199087232766852	1.9743350216221662	-32.68092470870898	1.8092374242124478	1.9621888887423857	2.0180622809838207	2.1783728065678405	1.7575062569675988
0.6456940915241216	1.1432043297338867	1.4298178231644192	0.3245151133536048	0.35260270084972756	0.918568516154054	1.3050614223451118	0.3800360670788482	0.5883408615750279	0.80147255592815	1.5257884469929321	1.3789791605788984	0.8019486350694595	1.118145901202343	0.4778284242124477	-17.684067180170373	1.1093325546546091	1.1500310154061526	1.2689701479429556	0.9637294124036249
0.5717255413169752	1.031669929325955	1.3013792405382045	0.28228697172401035	0.3072938226439342	0.8225407581137502	1.1836171635495885	0.331781472303066	0.5195310243490426	0.7144384142969051	1.3923211135183742	1.2533264705085838	0.7148765519796318	1.00823598709295	0.4195458887423859	0.8980985546546095	-15.804785487997439	1.0380583957011442	1.149651017559441	0.8644071700788847
0.5470305200293502	0.9937679999745341	1.2574008133785337	0.2684281463425716	0.29239684844421765	0.7901397085231187	1.142163196659734	0.3158890108383687	0.49661777409905594	0.6851960712311306	1.346518591722805	1.210355302327537	0.6856209320959925	0.9709135940827194	0.4002442809838208	0.8636220154061526	0.9628833957011443	-15.168992624588025	1.1089611981616865	0.8308432245855518
0.48226524672214005	0.8926267659393423	1.1391506406788674	0.2326710129366225	0.25389509973954716	0.7042833944491864	1.031049860246891	0.27474831254360993	0.4366754164700841	0.608030361955154	1.2230855153863236	1.0949577125914938	0.6084188256633016	0.8713917112574354	0.3500148065678399	0.7720211479429554	0.863936017559441	0.898421198161687	-13.479414632271183	0.7417715854592571
0.6730277686992071	1.1837141941270104	1.4761269053528372	0.34038523263418763	0.3696000050331349	0.9536882762781366	1.3489806816403846	0.39810807795738545	0.6138330201982389	0.8334349323106308	1.5738072860221133	1.4243379972711836	0.833924380287511	1.1580942595425228	0.49953725696759865	1.0371694124036241	1.1490811700788848	1.1906922245855516	1.312160585459257	-18.369703666849404