-10.702517607221965	1.562448684588315	0.0006783359926607378	0.16207178420734766	0.019939673204132945	0.016042233470669815	0.009750053448399564	0.20670169449272585	0.48741194081751693	6.6885182860779375	1.0533047366672046	0.1399328305396182	0.14486459907589752	0.15793919042109128	0.02573820274128935	0.025399466463602208	0.00003650438718627487	0.0006252286977880202	0.0010468710765768473	0.00006729085200655807
0.5920786845883151	-7.650829089839067	0.000283149239516509	0.07888286150260083	0.008834290416474235	0.007064933035139827	0.004241959593526661	0.10238463913011274	0.261708236951858	5.728732158685691	0.6288761437891139	0.06745158769100659	0.06998431789267873	0.07673712260003601	0.01149132698008526	0.011335363114215196	0.000014884630255517008	0.0002607552424331737	0.0004391304660391376	0.000027544289969288394
9.553448335992664	10.523423149239518	-109.22437443715856	6.60442587353549	3.9829206234733254	3.7385978967214895	3.20011170913815	6.946328609710343	8.256248189832252	16.232891447242583	9.658167552752415	6.402783397975439	6.450029650955303	6.568716040120807	4.276297307909732	4.260899435157419	0.13479546976354959	0.9551899881091088	1.2626639866675913	0.21643577286139098
3.1194417842073476	4.006622861502601	0.00902587353548874	-26.993003518858835	0.19549949991473928	0.16235890343813814	0.1052161501451647	1.181953363711776	2.0487549112302856	9.638118758033304	3.2124509252718783	0.9017732242083324	0.9241836139265525	0.9821129376781945	0.24233877817159735	0.23967413914317195	0.0005398561985011787	0.008353490182505013	0.013605744014739957	0.0009787043445192182
5.670209673204133	6.629474290416474	0.0804206234733236	2.888399499914739	-53.33038630984288	0.8747137995684332	0.6329779746451155	3.19014333673428	4.408407524910107	12.330444445049137	5.773332691310552	2.7147378836702467	2.755119036919786	2.857398496978119	1.1632713074288246	1.1543573098794746	0.005790414002537974	0.07500317458345512	0.11596913377166333	0.01021569338247978
5.92831223347067	6.88970493303514	0.0980978967214882	3.117258903438138	1.136713799568433	-56.48725768499471	0.7329556630191421	3.425559236889635	4.659806907042808	12.592432786242714	6.031748452360203	2.939161416495979	2.9806213910641137	3.085504102045647	1.313414975466722	1.3038070974572564	0.007249454302089701	0.0915892661634365	0.14057686568105657	0.012742304530036452
6.514220053448399	7.479081959593527	0.15181170913814904	3.652316150145165	1.487177974645116	1.3251556630191421	-63.97823432698979	3.9724118203363346	5.23450950993611	13.184614778371621	6.618170252146789	3.466128063649351	3.5095636966802157	3.6191926547747926	1.69291789937958	1.6818279660887376	0.01198428114393153	0.14212887837373517	0.21415364095031175	0.020867375168774693
2.819871694492727	3.685924639130114	0.006728609710342077	0.8377533637117772	0.15304333673428105	0.12645923688963553	0.08111182033633471	-24.453360591382435	1.7972592912014982	9.294145430829627	2.9100416645802816	0.7510893886461392	0.7708012987871055	0.8219214509963905	0.1909270945033683	0.1887627471920717	0.00039606601458872334	0.006223373493116349	0.010180296535297305	0.0007197875977375347
1.7860819408175175	2.530748236951858	0.002148189832251094	0.39005491123028596	0.056807524910107744	0.04620690704280688	0.028709509936110617	0.4827592912014975	-16.39201191305511	7.981524899699823	1.8607168247521557	0.3424847907939343	0.35318208199651996	0.38126121528439944	0.07230596772565996	0.07140871910850961	0.00012015900331054487	0.0019829138516959796	0.0032877096193925466	0.00022011929727480488
0.008398286077937855	0.018982158685691582	1.447242581600983e-6	0.0006287580333052546	0.00005444504913772622	0.0000427862427133077	0.000024778371623025622	0.0008554308296256085	0.0027348996998234	-0.042731024552360726	0.009181006796918143	0.0005238858670329365	0.0005468040844295001	0.000608795010601899	0.00007239877351478115	0.00007133136415795393	6.982276838093358e-8	1.328765503502552e-6	2.282696085251135e-6	1.3113890901191517e-7
0.9485247366672049	1.4944661437891138	0.0006175527524131342	0.15030092527187808	0.018282691310552164	0.014698452360202353	0.008920252146789508	0.19209166458028043	0.45726682475215524	6.584521006796918	-10.328518231664766	0.1296192381828305	0.13422337665776424	0.14643776133713898	0.02362131607808919	0.023309263279399608	0.000033142856036027405	0.00056914628639426	0.0009536149056422752	0.00006112165396437611
3.3006428305396187	4.198531587691008	0.01072339797543745	1.1051132242083328	0.22517788367024774	0.18760141649597928	0.12236806364935138	1.2986293886461386	2.204524790793935	9.841353885867035	3.395109238182831	-28.58071101813357	1.0240243619032592	1.0860077465768638	0.278012438214762	0.2750147269947546	0.0006478789933720716	0.009928587227795506	0.016126827189757515	0.0011727433130879381
3.257904599075898	4.15339431789268	0.01029965095530156	1.079853613926553	0.21788903691978637	0.18139139106411378	0.11813369668021632	1.270671298787105	2.1675520819965204	9.79370680408443	3.3520433766577646	0.9763543619032604	-28.20262899309621	1.0610333236902059	0.26927004098964635	0.26635295151001437	0.0006207832878327829	0.009535322037618667	0.015498235387878492	0.001124106249384082
3.151299190421091	4.040467122600036	0.009306040120806363	1.0181029376781954	0.2004884969781191	0.16659410204564665	0.10808265477479159	1.2021114509963893	2.075951215284399	9.6740887950106	3.244577761337139	0.9186577465768636	0.9413533236902059	-27.269263393159946	0.24835007256445632	0.24562853697770445	0.0005575869160547043	0.008613391254628771	0.014022388534194088	0.0010105793986235996
5.365508202741291	6.321631326980086	0.0632973079097305	2.6247387781715976	0.8527713074288256	0.740914975466722	0.5282178993795803	2.9175270945033676	4.11340596772566	12.019962398773515	5.46817131607809	2.4570724382147615	2.4960000409896463	2.594760072564457	-49.71904760100533	0.9919218699043405	0.004429134986377794	0.05896279463659441	0.09190852119202499	0.007846153358660353
5.381369466463602	6.337675363114216	0.0640994351574173	2.638274139143172	0.8600573098794747	0.7475070974572561	0.5333279660887373	2.9315627471920704	4.128708719108509	12.036161331364157	5.484059263279399	2.4702747269947536	2.509282951510014	2.6082385369777046	1.0081218699043393	-49.903922535788446	0.004491693682749994	0.05971357422641505	0.09304100752540827	0.007955336719056362
12.764806504387188	13.735154884630257	3.3467954697635496	9.807939856198502	7.12029041400254	6.859749454302091	6.272284281143933	10.151996066014588	11.466220159003312	19.44489006982277	12.869583142856035	9.604707878993374	9.652350783287833	9.771967586916055	7.429429134986378	7.413291693682751	-166.13766266408766	3.2650303945957804	3.792030669467372	1.3691442200333601
9.644395228697789	10.614400755242432	1.046189988109106	6.694753490182505	4.068503174583454	3.8230892661634353	3.2814288783737338	7.036823373493114	8.347082913851695	16.3238913287655	9.749119146286393	6.492988587227793	6.540265322037617	6.659023391254628	4.3629627946365925	4.347513574226414	0.14403039459577766	-110.7230636650256	1.3161508587528168	0.2304511985448362
9.067716871076579	10.03747913046604	0.7765639866675909	6.122905744014741	3.5323691337716645	3.294976865681057	2.7763536409503122	6.463680296535298	7.771287709619394	15.746792282696088	9.172403614905642	5.922086827189758	5.9691282353878785	6.087332388534195	3.8188085211920253	3.8037410075254097	0.09393066946737243	0.7390508587528186	-101.35010421201076	0.1534964275769067
12.099737290852007	13.070067544289968	2.7633357728613883	9.143278704344517	6.459615693382478	6.2001423045300355	5.6160673751687735	9.487219787597734	10.801220119297273	18.77979013113891	12.204511121653962	8.940132743313086	8.987754106249382	9.107320579398621	6.767746153358659	6.751655336719055	0.7040442200333579	2.686351198544836	3.186496427576904	-153.75648661031096