-27.71144591319466	1.337616101833244	1.9989167152288507	1.544023441513457	1.7001400072646615	0.30784763979806584	1.6792048654020038	1.0167049955636793	1.2881708093767703	1.3867398424525748	1.8684240201294096	1.8733735209309	1.3998724508718314	1.597366148137888	1.2133981526816326	1.2091303357563608	1.4760969993477702	1.594186143533981	1.80588341786555	1.414350305506023
0.7246221018332442	-20.773249190503755	1.5682385036407493	1.173632532824337	1.3073167675183313	0.2030955858005186	1.2892784951396585	0.7379712343257465	0.9589704670315033	1.0409845582986723	1.453501999966622	1.4578325084718393	1.0519780072804206	1.2190919246874337	0.8973629103574126	0.8938628096785619	1.1160854326361667	1.216375410778277	1.3989326305678063	1.0641153096664597
0.4067467152288507	0.5890625036407494	-12.148947497153685	0.7099848936836312	0.8059704719768045	0.09980193876765464	0.7928783279693252	0.41529772197579956	0.5611383066189981	0.6172089512819775	0.9136295328529213	0.9168601209631806	0.6248011769046832	0.742351858865016	0.5196951463222023	0.5173584550354863	0.6694258167285775	0.7404097059958153	0.8731218563918439	0.6332039959501682
0.6017974415134572	0.844400532824337	1.3599288936836313	-17.536198056653593	1.1210167625751675	0.16088212014075362	1.1046296302455354	0.6134267773785199	0.8079133773327587	0.8809581583465594	1.254452828493528	1.2584222555697007	0.890782542109638	1.0410384742907735	0.7533411918405272	0.7502487270440964	0.9482236622130976	1.0385827977856852	1.2045138375035864	0.9016380457622408
0.5249200072646614	0.7450907675183315	1.2229204719768045	0.8880227625751672	-15.453420946704831	0.13591846091243215	0.9847978249219799	0.5353909929352552	0.7117577851975855	0.7785602610538053	1.124217775180013	1.1279243319313443	0.7875667955388788	0.9259198455059474	0.6620420457946156	0.6592298973094649	0.8403256038349244	0.9236499098180934	1.0776409471300437	0.79752446030548
2.333267639798066	2.841509585800519	3.7173919387676544	3.128528120140754	3.336558460912432	-57.92222174595114	3.3090613640181727	2.359822227846548	2.7703959896022545	2.9112034447401673	3.553562882006433	3.5598436675627614	2.929680537787738	3.2004055548337336	2.660886744195084	2.6545608799439715	3.0357036471062995	3.1961446560413838	3.4737174686788608	2.9499769361683037
0.5345448654020037	0.7576124951396587	1.240388327969325	0.9021956302455351	1.015357824921977	0.1389813640181727	-15.716837655610451	0.5451645802105423	0.7238700891162441	0.7914835001108906	1.1407897588047424	1.1445310245295777	0.8005964786267147	0.9405038731400773	0.673525300366163	0.6706768924322895	0.8539655750121423	0.9382096080792056	1.093769416676997	0.8106710508081935
0.9834789955636811	1.3177392343257466	1.9742417219757995	1.5224267773785196	1.6773849929352553	0.30117622784654835	1.6565985802105423	-27.305614043597487	1.268740793863203	1.3664328516842374	1.8445428359451075	1.8494610073189641	1.3794527471091842	1.5753606713950588	1.194671484275933	1.1904448456759253	1.455041454679444	1.572204650412056	1.7824067349847132	1.393807436017567
0.7583898093767705	1.0421834670315018	1.6235273066189981	1.2203583773327589	1.3571967851975852	0.2151949896022544	1.338749089116244	0.772185793863203	-21.645997557140955	1.0842888423790658	1.5065261531515297	1.5109452661213876	1.095577654625007	1.2669219910252454	0.9365973746887939	0.9329929733229764	1.1613643650321006	1.2641404291957075	1.4508183853734233	1.1080385040864016
0.692866842452575	0.9601055582986728	1.5155059512819775	1.129311158346559	1.2599072610538051	0.19191044474016758	1.2422705001108907	0.7057858516842375	0.9201968423790657	-19.94606200400964	1.4030024821510836	1.4072457400112506	1.0107059351201833	1.173690774556259	0.8603297990886823	0.856930715632232	1.0731767883801866	1.1710379079637065	1.3495532774201238	1.022528173337978
0.4542740201294095	0.6523459999666222	1.0916495328529217	0.782528828493528	0.8852877751800128	0.11399288200643355	0.8712997588047422	0.4636188359451077	0.6221571531515296	0.6827254821510835	-13.494424421818763	1.0034339216302544	0.6909117267930623	0.8172338492137383	0.5772588176142417	0.5747238595015454	0.7389585521540077	0.8151529886616685	0.9569025021206203	0.6999679354482351
0.45236352093090026	0.6498165084718392	1.0880201209631801	0.7796382555697008	0.8821343319313444	0.11341366756276167	0.8681810245295775	0.46167700731896427	0.6197162661213877	0.6801087400112507	0.9965739216302721	-13.440788122798251	0.6882717941750992	0.8142524207615184	0.5749533464613382	0.5724261674283	0.7361851756790356	0.8121769468604384	0.9535764024634948	0.697302503927848
0.6846634508718317	0.9497630072804202	1.5017621769046832	1.1177995421096376	1.247577795538879	0.189051537787738	1.2300474786267146	0.6974697471091842	0.910149654625007	0.9893699351201856	1.3898527267930623	1.394072794175099	-19.731318576805116	1.1618934138099166	0.850740782328144	0.8473682719468707	1.0620386731212033	1.1592573969348086	1.336701112823135	1.011739078898595
0.5741561481378882	0.8088759246874336	1.311311858865016	0.9600544742907734	1.0779298455059476	0.15177555483373345	1.0619538731400773	0.5853766713950587	0.7734929910252455	0.8443537745562588	1.2081738492137382	1.2120524207615182	0.8538924138099163	-16.792793386262005	0.7206236531822775	0.7176295774808205	0.9096993656786975	0.99760890881561	1.1593977495777998	0.8644343313041946
0.8132211526816325	1.1101799103574124	1.7116881463222022	1.295390191840527	1.4370850457946156	0.23528974419508383	1.418008300366163	0.8277204842759331	1.0662013746887935	1.1540257990886826	1.5912318176142417	1.5957863464613382	1.1657727823281436	1.3436566531822776	-23.048943653651502	0.9962327426568421	1.2341604788801126	1.340774859616501	1.5337825395392788	1.178735283761721
0.816497335756361	1.1142238096785622	1.7168954550354862	1.2998417270440963	1.441816897309465	0.23650787994397174	1.4227038924322895	0.8310378456759254	1.0701409733229765	1.1581707156322318	1.5962408595015454	1.6008031674282999	1.1699442719468705	1.3482065774808203	1.0037767426568391	-23.132237156722457	1.2384826739247121	1.345318995594005	1.5386914769769484	1.1829358593810495
0.6392749993477703	0.8922574326361672	1.4247738167285773	1.0536276622130973	1.1787236038349242	0.17346164710629916	1.1618035750121423	0.6514454546794438	0.8543233650321004	0.9302277883801858	1.3162865521540077	1.3203731756790353	0.940425673121204	1.0960873656786978	0.7975154788801125	0.794293673924712	-18.534986147151777	1.0935477644503295	1.2648462186327751	0.9516908996601934
0.5757621435339814	0.8109454107782771	1.3141557059958155	0.9623847977856866	1.080445909818093	0.15230065604138368	1.0644456080792057	0.587006650412056	0.7754974291957075	0.846486907963707	1.2108789886616684	1.2147629468604384	0.8560423969348083	1.002394908815607	0.7225278596165008	0.719527995594005	0.9119457644503302	-16.83614885755037	1.1620339679670915	0.8666028090460095
0.4792034178655502	0.6852466305678063	1.138611856391844	0.8200598375035862	0.926180947130044	0.121617468678861	0.9117494166769972	0.4889527349847134	0.6539193853734234	0.716746277420124	1.0443725021206212	1.047906402463496	0.7252301128231349	0.8559277495777999	0.6072795395392788	0.6046444769769483	0.774988218632775	0.8537779679670914	-14.191028410296388	0.7346134676022925
0.6757543055060227	0.9385133096664603	1.4867779959501686	1.1052680457622408	1.2341484603054802	0.185960936168304	1.2167350508081938	0.6884374360175669	0.8992235040864013	0.9778051733379791	1.3755219354482349	1.3797165039278483	0.9883520788985966	1.1490483313041944	0.8403162837617211	0.8369728593810495	1.0499168996601929	1.1464308090460094	1.3226974676022927	-19.497597386638958