-30.971475029836967	1.3165990359314401	2.376880970157119	1.5580258393426745	1.9599708405021465	0.7336118532556815	1.8287635527177137	1.3063437258033752	1.0015357854082196	1.384324460798926	2.058438776299775	2.3633511724059066	1.4512140985840223	2.1137793878326074	1.1531402365502375	1.2936113319716405	1.3978815534855304	2.013820196173876	2.348813346753875	1.3113688658622036
0.7387460359314402	-23.982400344614486	1.9323327215293713	1.2052604018445914	1.5568155028574817	0.5270489417082296	1.44082073570374	0.9913903514065628	0.7399893797093177	1.0570881641133887	1.6445905317615874	1.9199946095921512	1.1138551582543124	1.6941812907745017	0.8639106772567919	0.9807140989556852	1.0685632663829967	1.6047426655204073	1.906747862386153	0.9956079489257779
0.2969709701571192	0.43027572152937094	-10.666760268603003	0.5436059046966929	0.7540709665010299	0.19859444143383298	0.682427576525129	0.42568351524030934	0.29757502595296437	0.46105846162702335	0.8096736978672344	0.99159368818778	0.4922358329071305	0.8416058065369338	0.3592571628343587	0.42000743992337186	0.4673153939221014	0.7842850257450428	0.9825921979444271	0.42793143907115033
0.5943948393426742	0.819482401844591	1.6598849046966928	-19.891533786915396	1.3155004800281276	0.4165301748580659	1.2105939410690174	0.8119772301616938	0.5954522685821027	0.8693871330828549	1.39537107240399	1.648463850891666	0.9192461549872967	1.440672631990411	0.7015275303200136	0.8026783838903617	0.8794472067396661	1.3590613024906848	1.6362092015599152	0.8156530779755676
0.4203328405021462	0.5950305028574813	1.29434296650103	0.7394934800281275	-14.655291635801383	0.28722096852486945	0.9123296189047717	0.5891042100550133	0.421138047031957	0.6346033566135016	1.0674004245644195	1.284432443602813	0.6744227570949397	1.1058698468807258	0.5026772709417328	0.5817708070606574	0.6426152596402527	1.036691567038282	1.2738093346214416	0.5920059333372193
1.3241818532556815	1.6954719417082298	2.8690744414338325	1.970731174858066	2.4174289685248698	-39.115352346913554	2.2729983839350845	1.6836421721226962	1.3260163169632517	1.7733001772152654	2.525044210491258	2.8545700814717203	1.8496855627888567	2.5852533878734727	1.5054212217517533	1.6689382497396392	1.7888197003815107	2.4763594995090616	2.8389747014685534	1.6894403014207444
0.4699105527177134	0.6598207357037398	1.403484576525129	0.8153719410690174	1.0931146189047725	0.3235753839350841	-16.18702623560329	0.6534127246056439	0.4707910642227653	0.7025538542868752	1.1644780169543727	1.3930853923874045	0.7454573776923414	1.2051273073598854	0.5596965781928477	0.6454801152897305	0.7111938861672257	1.1319866950187867	1.3819348206621647	0.6565505939077912
0.7457597258033754	1.008659351406563	1.9450095152403095	1.215024230161694	1.5681582100550133	0.5324881721226961	1.4516817246056444	-24.176444349614215	0.7470116261618763	1.0660699396498752	1.6562745442611055	1.9326324995040183	1.1231456269440918	1.7060497730386603	0.8717495706920588	0.9892617142765732	1.077608383558774	1.6162741229722528	1.9193436379347812	1.0042419812248498
0.9984657854082153	1.3147723797093176	2.3744150259529637	1.5560132685821026	1.9577060470319567	0.7323763169632517	1.826574064222765	1.3045256261618763	-30.931700035972682	1.382442700316459	2.0561214904610985	2.3608909410891745	1.4492802272743321	2.1114340267635696	1.1514569904153114	1.2918039350860495	1.395989048950693	2.0115262850952194	2.346359310124524	1.3095465663638
0.6943884607989261	0.9450051641133885	1.8510324616270237	1.1430821330828551	1.4843053566135018	0.49279417721526525	1.3714708542868754	0.9367179396498742	0.695576700316459	-22.745624498118303	1.5698369467394049	1.8389514939875566	1.05475996588069	1.6182136461212662	0.8142289824219393	0.9264439985262832	1.0110635018482497	1.530992290998095	1.8259830557955699	0.940777368095081
0.38689877629977454	0.5509035317615872	1.2180436978672347	0.6874620724039902	0.9354984245644192	0.26293421049125837	0.8517910169543725	0.5453185442611055	0.387651490461099	0.588232946739405	-13.60111158220427	1.2084958270007664	0.6258557178065981	1.0368697817941352	0.4640346528046907	0.5384094441082884	0.5957980520291062	0.9705964632186295	1.1982639555212617	0.5480529761165472
0.3003011724059067	0.4347976095921511	1.0084536881877741	0.5490448508916661	0.7610204436028131	0.2009500814717201	0.6888883923874045	0.4301664995040182	0.3009109410891747	0.4658374939875569	0.8169858270007662	-10.778309192695161	0.4972690467984098	0.8491199650405047	0.36316083273141936	0.4244421396357069	0.47214593432283947	0.7914333071070068	0.9909474819822773	0.4324334849560449
0.6536870985840222	0.8941811582543125	1.7746188329071306	1.0853501549872966	1.4165337570949394	0.4615885627888564	1.3067833776923412	0.8862026269440918	0.6548232272743318	0.9471689658806893	1.4998687178065981	1.7627920467984095	-21.595496923857084	1.5470541461696499	0.7684769528745583	0.8763137000368935	0.9578372545534456	1.4620070905722258	1.7500986158080356	0.8901106368292536
0.36938438783260746	0.5276392907745016	1.1771208065369339	0.659908631990411	0.9011128468807257	0.2502883878734726	0.8195853073598857	0.5222387730386604	0.37010902676357	0.5637546461212661	0.9640147817941359	1.1677749650405047	0.6001861461696497	-13.041457564893157	0.4437271570935375	0.515558916064251	0.5710776484204102	0.9353320805208957	1.1577609702767333	0.524882794341006
0.8610582365502375	1.1496816772567922	2.147085162834359	1.3730765303200139	1.7502332709417332	0.6227692217517533	1.6264675781928477	1.140251570692059	0.8624449904153113	1.2120829824219397	1.8434926528046907	2.1341288327314194	1.2739219528745582	1.8960401570935377	-27.31216553437536	1.1285507851517	1.2246000044396632	1.8011956248277332	2.1202125789082666	1.1448717241667405
0.7545813319716407	1.0195370989556836	1.9608874399233718	1.2272793838903615	1.5823788070606575	0.5393382497396391	1.4653031152897307	1.010815714276572	0.7558439350860495	1.077349998526283	1.6709194441082882	1.9484621396357067	1.134810700036893	1.720923916064251	0.8816027851516999	-24.419940047173327	1.0889674576995452	1.6307293951657877	1.9351210056637114	1.0150881289274518
0.6858995534855307	0.9344342663829966	1.8352433939221016	1.1310962067396664	1.4702712596402527	0.4862677003815105	1.3580648861672255	0.926210383558774	0.6870770489506933	0.9890175018482482	1.555356052029106	1.8232139343228395	1.0433822545534448	1.60349064842041	0.8047000044396632	0.9160154576995448	-22.506991811167197	1.516711285851999	1.8103012319471994	0.9302387408259895
0.40167519617387637	0.570450665520407	1.2520500257450429	0.710547302490685	0.9641845670382826	0.273644499509062	0.8786946950187868	0.5647131229722526	0.40245128509521966	0.6087832909980953	1.0299914632186276	1.242338307107007	0.6473890905722257	1.0675820805208958	0.4811326248277331	0.5576143951657877	0.6165482858519993	-14.069242920459615	1.2319296949268057	0.5675223277068212
0.3039233467538752	0.4397108623861526	1.0176121979444253	0.5549502015599154	0.7685573346214418	0.20351470146855347	0.6958978206621648	0.4350376379347809	0.304539310124524	0.47102905579556975	0.824913955521262	1.00910748198228	0.5027356158080356	0.857265970276733	0.3674045789082663	0.42926100566371156	0.4773932319471993	0.7991846949268057	-10.899364262648957	0.4373252583632592
0.7423128658622039	1.0044049489257671	1.9387854390711505	1.2102280779755676	1.5625879333372195	0.5298143014207445	1.4463475939077914	0.9957699812248576	0.7435605663638002	1.0616573680950805	1.6505369761165471	1.9264274849560448	1.1185816368292538	1.700221794341006	0.8678977241667408	0.9850621289274546	1.0731647408259894	1.610611327706821	1.9131592583632593	-24.0811321484173