-18.36976067150176	0.717412045394198	0.9250656827819418	0.5756338327303588	0.6935510147028874	1.0660636811020554	0.8754721631331638	0.789431272678261	0.9717020668288029	0.734274112695969	0.9664146240449017	1.033833162682069	1.543066991334391	0.9511570689028452	1.5001685758810155	1.1407788627068387	0.6519841937040218	1.1344105635068538	1.322026656100818	0.7773141005903674
1.348538045394198	-25.098851411680116	1.2575721764460188	0.8186533870175878	0.969821820182943	1.4279671817284798	1.1968242500661188	1.090320663096878	1.3142984115848915	1.021248398928809	1.3078858608494004	1.3893027002781941	1.9838358130276195	1.2893549084849203	1.9349347177178629	1.5169910568680258	0.9169308480068824	1.509435123820882	1.729734021681719	1.0752020264986903
1.0788756827819417	0.7802561764460189	-19.890928121593845	0.629089561985109	0.7548847109037671	1.148247249635783	0.947681023497825	0.8566760733812654	1.0491136361426943	0.7981696007148661	1.0435493959065665	1.1144218512737605	1.6451868898542417	1.0274873269655291	1.6007452630116417	1.2265261019286378	0.7106212658580878	1.2198611308346092	1.4157005231842392	0.8438346572872647
1.5944398327303593	1.2063333870175883	1.494085561985109	-29.85986363337117	1.172230842533478	1.6815860586908278	1.4267194193060995	1.3078882323829553	1.5567374978598738	1.2302925118989483	1.5496670249552225	1.6392190690270243	2.281004111072233	1.5292178537025984	2.228906234519064	1.7787621079486986	1.1122440998306606	1.7705338199673997	2.0090551587992675	1.2909408091437589
1.3856530147028872	1.0307978201829446	1.293176710903767	0.8455268425334774	-25.816669045460536	1.4663291954796855	1.2313683870457586	1.1228991307982672	1.350855441439696	1.0524749498960277	1.3443369932793139	1.4270657835288632	2.0293317919047396	1.3254974939410857	1.979901224893786	1.5566758819891406	0.9459917532229245	1.5490106352097561	1.772286058625872	1.1074899358825412
0.936723681102056	0.6675011817284799	0.8650972496357828	0.5334400586908274	0.6448871954796853	-17.14997913453393	0.8177827334660032	0.735875158859426	0.9096562210254682	0.6834939881807502	0.9046011813703922	0.9691146669508246	1.459984078849295	0.8900187045733837	1.4184168784547815	1.0717008327851645	0.6055415302234947	1.065583930437083	1.2462007309762546	0.7243591317447773
1.1358111631331635	0.8260372500661187	1.054210023497825	0.6682524193060991	0.7996053870457586	1.2074617334660032	-20.98950545046324	0.9055372410957045	1.1050379539444393	0.8446878020642022	1.0992823797675007	1.1725384809394246	1.7179746674262102	1.0826638920151557	1.6724923487058674	1.2881872588513863	0.7534446515733441	1.2813189430979914	1.4827719826612782	0.8921898718057663
1.2450472726782607	0.9148106630968785	1.1584820733812657	0.7446982323829552	0.8864131307982676	1.3208311588594261	1.1008142410957042	-23.09867515196018	1.212435041962828	0.9348255245435716	1.2063311298534676	1.2839187787617092	1.8556300647611716	1.1886989967838386	1.8083058750825431	1.4059763123606583	0.8367263742354656	1.3987413792579952	1.6102687765219843	0.9857201255421862
1.0288420668288005	0.7403124115848911	0.9524436361426947	0.5950714978598737	0.7158934414396961	1.0961362210254677	0.9018389539444399	0.813959041962828	-18.925904307848022	0.7575630304380654	0.9946097199811086	1.0633122447548233	1.5805883032178616	0.9790533286079814	1.5371112601497658	1.172178743040532	0.6733313212674547	1.165699875908784	1.356385358922343	0.8015738507706134
1.323200112695969	0.9790483989288112	1.2332856007148658	0.8004125118989484	0.9492989498960269	1.4017599881807503	1.173274802064202	1.068135524543572	1.2893490304380655	-24.608958388280932	1.2830102018548535	1.3635131360322854	1.9526336054877946	1.2646940033929936	1.9041045746198542	1.4898605499171897	0.8971803416729256	1.4823809657975915	1.7005977664652934	1.0532183236789379
1.034354624044902	0.7446998608494005	0.9576793959065661	0.5988010249552224	0.7201749932793138	1.101881181370392	0.9068833797675006	0.8186551298534674	1.005409719981109	0.7620242018548536	-19.032211430972914	1.068945142422519	1.5877357533034406	0.98438710965992	1.5441500358958073	1.1781741732197517	0.6774238576152579	1.1716744509397758	1.3629382625790587	0.8062191334746578
0.966913162682069	0.6912567002781942	0.8936918512737608	0.5534930690270242	0.6680437835288634	1.031534666950825	0.8452794809394247	0.7613827787617092	0.9392522447548236	0.7076671360322854	0.9340851424225189	-17.731889440329336	1.4997576440318832	0.9191771949091532	1.4575444214458977	1.1046915397480115	0.6276319334320254	1.0984531514939075	1.2824558683607483	0.7495776702562101
0.6023069913343911	0.4119498130276192	0.5506168898542416	0.3214381110722324	0.39646979190473985	0.6485640788492947	0.5168756674262103	0.4592540647611719	0.5826883032178615	0.42294760548779475	0.5790357533034407	0.6259176440318831	-10.70699632877026	0.5685193301373326	0.9672260597322669	0.7016284759912236	0.3697380638509721	0.6970751627000025	0.8335095059886557	0.4512350160989257
1.0504870689028454	0.7575589084849202	0.9730073269655272	0.6097418537025984	0.7327254939410854	1.1186887045733833	0.9216548920151559	0.8324129967838385	1.0212433286079843	0.7750980033929938	1.0157771096599213	1.085427194909154	1.6086093301373325	-19.34334101968697	1.564709035297103	1.1957088422926272	0.6894234411103636	1.1891485911949102	1.3820898073285843	0.819829090386641
0.6256885758810152	0.4293287177178627	0.5724552630116413	0.3356202345190636	0.41331922489378614	0.6732768784547815	0.5376733487058672	0.478209875082543	0.6054912601497656	0.4406985746198542	0.6017300358958072	0.6499844214458974	1.0335060597322663	0.5908990352971032	-11.157535399373552	0.7278136110356687	0.38565684732860345	0.7231361805091217	0.8631195062367244	0.46992774885617944
0.8713088627068387	0.616395056868026	0.8032461019286378	0.49048610794869835	0.5951038819891408	0.9315708327851653	0.7583782588513867	0.6808903123606584	0.845568743040532	0.6314645499171897	0.8407641732197518	0.9021415397480118	1.3729184759912236	0.8269088422926272	1.3328236110356688	-15.889380978559121	0.5581091256882931	0.9941564269822093	1.1671309134865389	0.6700151617185217
1.4541201937040218	1.0879408480068824	1.358947265858088	0.8955740998306602	1.0560257532229245	1.5370175302234947	1.295241651573344	1.1832463742354655	1.4183273212674548	1.1103903416729253	1.4116198576152577	1.496687933432025	2.1126340638509724	1.3922294411103633	2.062272847328604	1.6297151256882934	-27.141563807818503	1.6218558095000741	1.8504023653610693	1.167314984336583
0.876650563506854	0.6205491238208825	0.8082911308346091	0.4939678199673995	0.5991486352097561	0.9371639304370825	0.7632199430979916	0.6853653792579952	0.8507998759087839	0.6356949657975913	0.8459744509397757	0.9076131514939076	1.3800751627000027	0.8320585911949102	1.3398561805091216	1.005866426982216	0.5619598095000743	-15.99230706627112	1.1736147833245778	0.6744371417875875
0.7350666561008181	0.5116480216817189	0.6749305231842394	0.4032891587992675	0.49322405862587204	0.7885807309762546	0.6354729826612779	0.5676927765219846	0.7122853589223426	0.5247117664652933	0.7080382625790587	0.762415868360748	1.1873095059886556	0.6957998073285844	1.1506395062367243	0.8496409134865388	0.4613063653610694	0.8444147833245779	-13.264685393041198	0.5582183464361719
1.2616271005903674	0.9283890264986907	1.1743376572872652	0.756447809143759	0.8997009358825409	1.3380121317447773	1.1161638718057665	1.014417125542184	1.2287468507706132	0.948605323678938	1.222592133474658	1.30081067025621	1.8763080160989256	1.2048120903866408	1.8287207488561794	1.4237981617185216	0.8494919843365835	1.4165101417875874	1.629491346436172	-23.41898312629638