-41.974450155166814	1.2030801593645852	2.833956937902082	1.6068614381324078	2.263256509075384	0.4083185966662225	1.2388044600779367	1.7681792392615912	1.8580481862173495	1.3710946074679242	2.90230319316583	2.1586274672334507	0.7607483604566884	1.1401633406860987	1.561319182856292	2.6643462948689103	6.170596095221194	3.64553665079319	4.368728954884433	2.0504804808352506
0.8211701593645852	-36.830159938757404	2.5131991924938006	1.3633393220101244	1.971433343559121	0.31968460353384925	1.0317490504776756	1.510991041211111	1.5937917070714382	1.1500206109468514	2.5787196308655904	1.8732941049736531	0.614492187430665	0.9442896144207372	1.3218953822833674	2.351148453851005	5.793593311885367	3.2980564505187626	4.006993073686848	1.7722986981728515
0.2043469379020816	0.2654991924938005	-14.387997613999921	0.4067543709917413	0.6933778963744069	0.06316797205890158	0.27693600352198744	0.47061399624534117	0.5080459846235991	0.3210718193072091	1.0402201758430898	0.6429278694687748	0.14065052200792283	0.24585267348325723	0.38949787080124915	0.903382452444958	3.6346550382520206	1.5231584906416933	2.0651588613071703	0.5926794862307195
0.5693914381324068	0.7077793220101242	1.998894370991741	-28.88043093990163	1.5163411020198958	0.20522077045078263	0.732746416226888	1.1224968285275783	1.1920477819415396	0.8267464936019364	2.058431226194651	1.4310121350848293	0.4146244120958522	0.6642524584981621	0.9659846515486253	1.8526663266537566	5.150839689073661	2.725484085932851	3.401521334572404	1.3439500963439457
0.3261965090753827	0.41628334355912056	1.3859278963744066	0.6167511020198961	-19.862585488037247	0.10712147031787327	0.43288524375445947	0.7045327934691463	0.7552844177218132	0.4962995722953529	1.435141332344752	0.9343764709146476	0.2296248892435066	0.3875901497461355	0.592751613678784	1.2664748067954417	4.283400598334005	2.006751845050267	2.616883265922152	0.8683081674201023
1.994338596666222	2.287614603533849	4.278797972058902	2.828710770450783	3.6302014703178735	-66.79027930242088	2.337535089039471	3.0330635920703437	3.144563964770572	2.518638187369917	4.354397871199807	3.507191175763775	1.6232329003597528	2.19854979623256	2.769944174365422	4.089471568086502	7.7469085157710476	5.156397768352674	5.912324361332282	3.378396924679138
0.7940544600779368	0.9689090504776763	2.461796003521988	1.3254664162268888	1.92519524375446	0.30676508903947125	-36.01905825832968	1.470781744030969	1.5523648024947048	1.115936085634798	2.5268051036973675	1.8281978687499671	0.5926107996495508	0.9143870298864928	1.2847186487677236	2.3011069730770655	5.731714582158257	3.241762296063062	3.948031959203663	1.728454101817641
0.4949692392615905	0.6196910412111106	1.8270139962453409	0.8867568285275783	1.3683827934691466	0.1738335920703438	0.6423217440309683	-26.30422873066491	1.064598797550915	0.727853649781369	1.8840591602005716	1.2880644783384163	0.3570839071813604	0.5803290424614158	0.8554378093760852	1.687306531665461	4.921547896010909	2.528681710204596	3.1899066961033764	1.2063898169743554
0.4583081862173491	0.5759617070714385	1.737915984623599	0.8297777819415401	1.2926044177218134	0.158803964770572	0.5973748024947044	0.9380687975509162	-24.984005943245418	0.678471161896774	1.7935554893639802	1.2150372669007559	0.32902537233018736	0.5387635840663177	0.7998937936261942	1.601870276236346	4.798987195086306	2.4253547300343175	3.0779252604356477	1.1363061708766575
0.7027946074679238	0.8636306109468511	2.2823818193072096	1.1959164936019366	1.7650595722953533	0.2643181873699173	0.8923860856347974	1.3327636497813693	1.4099111618967741	-33.21695708288951	2.345464288107675	1.6722818107035269	0.5195781781191691	0.8133152602938317	1.1576812318381478	2.1268070031292283	5.512000204240339	3.0437701670280197	3.7397501350605142	1.577146616066923
0.19330319316582933	0.2516296308655908	0.9608301758430883	0.38690122619465145	0.6632013323447522	0.0593778711998069	0.26255510369736706	0.4482691602005719	0.48429548936398	0.3047642881076745	-13.837762086821252	0.614418057305819	0.13273469342721378	0.23287372882459484	0.3703394092020379	0.8668513427750386	3.561766892580523	1.472229933623626	2.005531276160523	0.565889281938564
0.3558174672334508	0.45239410497365345	1.4697278694687752	0.6656721350848301	1.0686264709146485	0.11836117576377501	0.4701378687499672	0.758464478338417	0.8119672669007562	0.5377718107035271	1.5206080573058196	-21.069058741344683	0.2516654817176987	0.421689032317202	0.6402437347676092	1.345993803487449	4.411388859976143	2.108078453150056	2.7296851560348254	0.9307655144560802
1.2848183604566883	1.5204721874306657	3.294330522007923	1.9761644120958533	2.6907548892435074	0.5612829003597533	1.561430799649551	2.1543639071813607	2.2528353723301877	1.7119481781191694	3.3658046934272146	2.578545481717699	-49.60219584207012	1.4479915895081106	1.925495219983163	3.1162780800676084	6.689987708125582	4.13486107680263	4.872871515128971	2.461958948434473
0.8718233406860985	1.057859614420738	2.6071226734832575	1.4333824584981627	2.056310149746136	0.34418979623256024	1.0907970298864929	1.5851990424614162	1.6701635840663178	1.2132752602938317	2.673533728824595	1.9561590323172018	0.6555815895081103	-38.32171937806494	1.3906942982869372	2.442695692781023	5.905543743088241	3.400458468409655	4.113976327917111	1.8529535471570504
0.5926691828562914	0.7351553822833676	2.0504578708012495	1.0348046515486258	1.5611616136787847	0.2152741743654217	0.7608186487677234	1.1599978093760852	1.2309837936261945	0.8573312318381475	2.1106894092020383	1.4744037347676093	0.432775219983163	0.6903842982869373	-29.66100130281839	1.9024049597376353	5.217987242336634	2.7839272731622993	3.463975764580236	1.3857990416199484
0.23462629486890965	0.30333845385100505	1.1032724524449573	0.46041632665375704	0.7738148067954413	0.07373156808650204	0.31613697307706484	0.5307965316654613	0.5718902762363457	0.3653870031292282	1.1461313427750381	0.7190838034874483	0.16248808006760745	0.2813156927810227	0.441334959737635	-15.842240036309049	3.8196552832451394	1.6556401279796982	2.218777873555087	0.6644021858717003
0.013066095221193985	0.01797331188536735	0.10673503825202071	0.030779689073660535	0.0629305983340045	0.0033585157710476882	0.0189345821582571	0.03722789601091009	0.04119719508630647	0.022770204240338494	0.11323689258052295	0.05666885997614334	0.00838770812558148	0.016353743088240728	0.029107242336633633	0.0918452832451391	-1.2730225160961148	0.20603757159260722	0.3457218388149379	0.05069025030320163
0.10579665079318927	0.14022645051876215	0.6130284906416931	0.22321408593285086	0.40407184505026705	0.03063776835267516	0.14677229606306164	0.26215171020459654	0.2853547300343172	0.1723301670280191	0.6414899336236259	0.37114845315005546	0.07105107680263036	0.1290584684096545	0.21283727316229925	0.545620127979698	2.823827571592607	-8.951533572986342	1.43411715384348	0.33879931980286115
0.05868495488443269	0.0788590736868481	0.3847248613071702	0.12894733457240437	0.24389926592215208	0.016260361332282782	0.08273795920366217	0.15307269610337687	0.16762126043564765	0.09800613506051473	0.4044872761605232	0.22245115603482551	0.038757515128971194	0.07227232791711127	0.12258176458023601	0.3384538735550872	2.193207838814938	0.6638131538434802	-5.670431038790973	0.20159223024730835
0.38949048083525023	0.49321869817285197	1.56129948623072	0.7204300963439465	1.1443781674201026	0.13138692467913857	0.512214101817641	0.8186098169743563	0.8750561708766582	0.5844566160669232	1.6138992819385647	1.0725855144560803	0.27689894843447344	0.46030354715705074	0.6934590416199489	1.433132185871701	4.547230250303202	2.217549319802862	2.8506462302473086	-22.396244879248776