-43.68769470241861	2.0084049409956632	2.194852410281587	2.3034445797757597	1.081584803880322	0.8550828377271491	1.9705935666425096	1.0096156238874368	0.947912041246934	1.7107413080171567	3.6124643128166714	2.6061043935418104	1.6877309813537824	1.8438307421000422	1.0652502739067815	1.6547524333816557	4.607624654895961	5.2330836245097165	4.5523955401631815	2.742225633294486
0.4035099409956638	-24.04284055502333	1.1273391938419703	1.2037072627564904	0.44547600988091557	0.3319426829972374	0.9747757218925842	0.40839411970090544	0.37734313005611275	0.8071237384211075	2.233295185307441	1.4246516049405562	0.7927697263952231	0.8917313845272317	0.4369787415592384	0.7723404335745856	3.1169010248597946	3.700615731303418	3.06624219192139	1.527702730091464
0.3452494102815871	0.8826311938419705	-21.655995655103855	1.0707512451714867	0.38224186870921634	0.28252472355817215	0.8594764414971873	0.349546979589382	0.3222612307198081	0.7064374778035373	2.045356215130872	1.2768410488183617	0.6934076488174674	0.7834789953352527	0.3747396185673597	0.6748839377404406	2.90298339124956	3.4761180092960395	2.8534501485924673	1.3736160703836833
0.3155265797757597	0.8206842627564902	0.9324362451714866	-20.378399528444362	0.34987947798449837	0.2574604923676769	0.7986888064974382	0.3195135414004446	0.29421812474765907	0.6537717947397276	1.9424708310826886	1.197577952583761	0.6414724305215613	0.7266219935996505	0.34290639078349605	0.6239982948180177	2.784252867756233	3.3507825970784078	2.735416615157955	1.2907202296214055
0.9226248038803232	1.8914110098809156	2.0728848687092167	2.1788374779844983	-41.444270341017955	0.7857460937269677	1.8546809250186895	0.9317329068935545	0.8733406860333747	1.602989057337587	3.4671015303260204	2.4750302281300054	1.5807667749575813	1.731734618416367	0.9844910147206454	1.548937421973426	4.455103302978396	5.078077809405178	4.400153178402347	2.608626632242852
1.16043283772715	2.242187682997238	2.4374777235581724	2.550728492367677	1.2500560937269678	-48.16483654242158	2.202442858267578	1.1710207370616446	1.1029578516295586	1.9278738769975732	3.8954922914433636	2.864699064316261	1.9034307520677263	2.0688245941573333	1.2321498026719981	1.868359127796064	4.902557512510377	5.5320803309986974	4.846869572652635	3.0051953394735684
0.41657856664250986	1.0256557218925826	1.1550644414971873	1.2325918064974384	0.4596259250186892	0.3430778582675777	-24.559545072121864	0.4215905055392464	0.38971839084574306	0.8292830158948074	2.2732760138739185	1.4565793139891863	0.8146496431340097	0.9154816909265058	0.45091268336369467	0.7938178552739865	3.161955613598447	3.747700309243022	3.1110794777394526	1.5609062388838595
0.9904456238874336	1.9941191197009052	2.179979979589382	2.2882615414004444	1.071522906893555	0.8465007370616439	1.9564355055392462	-43.413908255992894	0.9386963293497719	1.697550004073583	3.59485778451379	2.590162518772107	1.674633272702193	1.830124262780282	1.0552878178004685	1.6417912871299467	4.589191532051319	5.214365150735674	4.533994516732035	2.7259883652791084
1.0539620412469344	2.088288130056113	2.277914230719808	2.3881861247476595	1.1383506860333752	0.9036578516295586	2.0497833908457435	1.0639163293497718	-45.21807965472922	1.784672281844235	3.710224484836296	2.6949395100299673	1.7611517006398167	1.9205667635945127	1.1214672257003475	1.727428301725727	4.7097831008483695	5.336753561215762	4.654383705222547	2.832650234442677
0.5201213080171572	1.2213987384211076	1.3654204778035373	1.4510697947397277	0.5713290573375867	0.43190387699757304	1.1926780158948074	0.5261000040735833	0.4880022818442348	-28.455289997831223	2.5671855430825548	1.6961610487494347	0.9833484632612416	1.097639740665192	0.5609897903444454	0.9596040414988591	3.488899662781193	4.087566234503459	3.436629526586136	1.8092423912293931
0.10867431281667171	0.3344001853074409	0.39116921513087244	0.4265988310826888	0.12227153032602062	0.08635229144336305	0.32350101387391844	0.11023778451379043	0.10038448483629625	0.25401554308255503	-9.557219378593047	0.5348357828074687	0.24830787727066575	0.2884363426130764	0.11948864158222541	0.24025096288834508	1.618977618868736	2.0803948995063513	1.580740334005223	0.588181726637337
0.2460573935418108	0.6694996049405558	0.7663970488183616	0.825448952583761	0.27394322813000543	0.19930206431626063	0.6505473139891863	0.24928551877210703	0.22884251002996717	0.5267340487494344	1.6785787828074683	-17.19313715686823	0.5163141987031222	0.5887408930788183	0.26826995544713605	0.5015353294795156	2.473606550290672	3.0199815828141827	2.4268719331026922	1.0831802472731717
0.5306009813537829	1.2405347263952229	1.3858806488174673	1.4722604305215614	0.5825967749575813	0.44095075206772605	1.21153464313401	0.5366732727021934	0.4979717006398164	1.0168384632612388	2.5949678772706655	1.7192311987031228	-28.832437130231227	1.1155332349930742	0.5721008424989548	0.97598536706617	3.519450419094801	4.119176339646795	3.4670651378075177	1.8330843192995252
0.4639007421000426	1.1166963845272317	1.2531519953352528	1.3346099935996505	0.5107646184163672	0.3835445941573331	1.089566690926506	0.46936426278028254	0.4345867635945125	0.9083297406651923	2.412296342613076	1.5688578930788188	0.8927332349930746	-26.380844218788024	0.5012900531955149	0.8705125217330478	3.3174947094758584	3.909765307071858	3.2659169447837457	1.6774614257406586
0.9374702739067816	1.9140937415592383	2.09656261856736	2.203044390783496	1.0156710147206431	0.799019802671998	1.8771476833636946	0.9466778178004682	0.8876372257003476	1.6238297903444454	3.495498641582225	2.5005369554471364	1.6014508424989546	1.7534400531955148	-41.87947260244135	1.5693931377993904	4.484960047409959	5.108443545025598	4.429952855088833	2.634642164975268
0.5460424333816564	1.268525433574586	1.4157769377404408	1.503206294818018	0.5991874219734261	0.454299127796064	1.2391228552739866	0.5522512871299473	0.5126683017257271	1.0415140414988597	2.635330962888345	1.7528723294795159	1.0244053670661704	1.1417325217330478	0.5884631377993904	-29.383109521697325	3.563736168204292	4.164956773673383	3.5111881897524215	1.8678299361880482
0.048234654895961564	0.16240602485979433	0.19319639124955987	0.21278086775623342	0.054673302978396544	0.037817512510377155	0.15658061359844738	0.04897153205131919	0.04434310084836883	0.12012966278119304	0.5633776188687357	0.27426355029067223	0.1171904190948013	0.13803470947585803	0.053350047409958724	0.11305616820429186	-4.972284059888472	1.3569004207864304	0.97154021825884	0.30543724396923266
0.02874362450971666	0.10117073130341747	0.12138100929603948	0.13436059707840797	0.03269780940517787	0.022390330998697482	0.09737530924302194	0.029195150735674476	0.02636356121576145	0.07384623450345909	0.37984489950635114	0.1756885828141824	0.07196633964679461	0.0853553070718574	0.03188354502559832	0.06932677367338362	0.7119504207864301	-3.0800690942642523	0.6895719705847707	0.19695689686551043
0.050475540163181634	0.16921719192138918	0.20113314859246714	0.221414615157955	0.05719317840234728	0.03959957265263532	0.16317447773945284	0.05124451673203556	0.04641370522254688	0.12532952658613558	0.5826103340052229	0.2849989331026922	0.12227513780751763	0.1439269447837454	0.05581285508883284	0.11797818975242122	1.0290102182588385	1.3919919705847708	-5.1709924319285525	0.3171923753743642
0.2201896332944867	0.6105617300914639	0.7011830703836832	0.7566022296214057	0.245550632242852	0.17780933947356795	0.5928852388838596	0.22312236527910884	0.20456423444267677	0.4778263912293931	1.5699357266373373	0.9211912472731716	0.4681783192995252	0.5353554257406584	0.2403861649752684	0.4545039361880481	2.342791243969233	2.8792608968655107	2.297076375374364	-15.918974201265613