-41.54484855536077	1.7849048366629985	2.751479873475823	2.2369490728596304	1.8610694278301105	1.1252219894721638	2.5565023634696344	1.0804585365364496	1.3676277045696428	1.728086718219074	3.2932605403376938	2.3788584900856593	1.5532615820076834	1.4068885495254952	1.0309325086003103	1.1682920267598496	3.617673924933654	4.817618217472203	4.142877700977506	1.6428844915651921
0.4879048366629985	-25.23288519497026	1.7421411241528177	1.3337538158260307	1.0544228320357825	0.5631761327471968	1.5841307097716852	0.5359673104486408	0.7161197365469335	0.9599056113699416	2.1994269326527838	1.4435653712096213	0.8393309852835252	0.7417508820011153	0.5062530540532698	0.5896664411184442	2.484320511209664	3.590663516003762	2.959777040599271	0.9006083512767787
0.21853587347582346	0.5061971241528178	-14.075811430390223	0.7181028467489533	0.5395286328247857	0.257654499173827	0.8881639091025803	0.24337792274916403	0.34065136395367335	0.4819593040219374	1.3415554591396137	0.7915745339027968	0.4107399369570909	0.3550009543484175	0.22796209766240097	0.2716991312866415	1.5664870364007946	2.5102482474220733	1.9597553732965853	0.4466171837702476
0.3333880728596306	0.7271928158260307	1.3474858467489534	-19.22315890820014	0.770905230474369	0.38905196854659024	1.2114271436906665	0.3688314286370458	0.5046770245626204	0.6951952940830104	1.7511899640396165	1.0920679992636644	0.6000706841166908	0.5243632794631484	0.3468767095905829	0.40884339603805364	2.0091529612557997	3.0455680044429134	2.448667608048137	0.6482034765126153
0.457129427830111	0.947482832035783	1.6685326328247856	1.2705262304743694	-24.09714231502243	0.5287051682156733	1.5142269191676323	0.5028090834985286	0.6747184461640109	0.908835802374127	2.116953978208809	1.3772801740010763	0.7928485147147133	0.6992577171719689	0.47455813237516487	0.5539416037818432	2.3974905746499275	3.4928550310714894	2.8672406978865626	0.8517493485758553
0.8844319894721638	1.6193861327471972	2.549808499173827	2.0518229685465905	1.6918551682156733	-38.175188486822805	2.3604791346714724	0.9586025110365203	1.2256938894995009	1.565438775824864	3.0791525005654488	2.188623432174443	1.4000952723880449	1.262472468848598	0.9129100745075006	1.0399173997896596	3.3979854212523217	4.585385063582921	3.9163960125113397	1.4847317720147188
0.2562463634696349	0.5808747097716852	1.12085190910258	0.8147321436906666	0.6179109191676324	0.30101313467147256	-15.853092003191232	0.28470231228400467	0.3952756029736195	0.5538776965013421	1.4859207383694064	0.895010529401867	0.47421276974105	0.4114833417526261	0.2670552502938934	0.317029909559617	1.7235788256694085	2.7039594088634704	2.1349469846444613	0.514409453262796
0.923638536536449	1.6761473104486408	2.619501922749164	2.1155724286370456	1.7499290834985286	1.0425725110365207	2.4281383122840046	-39.3335559189959	1.2741232803741385	1.6211815729085133	3.1533454043805063	2.254203504965837	1.4524829391090053	1.3117750837638258	0.9529711788112822	1.0835918651119403	3.474207192455219	4.666194489639786	3.995096992439197	1.5388823098462963
0.7050177045696429	1.3505097365469332	2.2109853639536734	1.7456280245626203	1.4160484461640106	0.8038738894995004	2.032921602973619	0.7683332803741383	-32.63737501447446	1.301914258731122	2.7150065677973885	1.8724718860857	1.1540554350169119	1.032315776981639	0.7292720568709469	0.8382760519163821	3.022218046581782	4.182765837568333	3.526228098601915	1.2295329496781937
0.5123767182190745	1.0411956113699419	1.7991933040219374	1.3830462940830106	1.097065802374127	0.5905187758248638	1.6384236965013421	0.5622915729085135	0.7488142587311226	-26.11806761774455	2.2630345034145147	1.4951524822578317	0.8759239282636859	0.7752849145931426	0.5314403515617175	0.6179804046498517	2.551124937382218	3.6654412520865707	3.0307414183970467	0.9390173911040401
0.14077254033769365	0.34393893265278375	0.722011459139614	0.5022629640396167	0.3684059782088088	0.16745450056544883	0.6336887383694063	0.15767740438050612	0.22512856779738838	0.3262565034145146	-10.022837214884909	0.5585976311996145	0.2748548887541539	0.23523642177906315	0.14717059154000528	0.17711545872060996	1.1890814807978796	2.0231106291934866	1.529429453503155	0.3006430704911592
0.29648749008565956	0.6581943712096213	1.2421475339027965	0.913257999263664	0.698849174001076	0.3470424321744431	1.1128955294018668	0.3286525049658369	0.45271088608569987	0.6284914822578319	1.6287146311996143	-17.650188746116484	0.5404854902635357	0.47078302757589857	0.3087178216174254	0.3650689922630475	1.8777634601339497	2.889934742730948	2.3050318297368637	0.5849593472467035
0.596901582007684	1.1799709852835254	1.9873239369570908	1.5472716841166911	1.2404285147147132	0.6845252723880446	1.8181087697410498	0.6529429391090052	0.8603054350169124	1.1352739282636863	2.470982888754154	1.666496490263536	-29.06784172147178	0.8894968016841708	0.6183350144524361	0.7151785034547559	2.7686067458724435	3.9062872056278226	3.260491228825041	1.068913794939019
0.6803285495254957	1.3121908820011154	2.161384954348417	1.7013642794631487	1.3766377171719688	0.7767024688485981	1.985179341752626	0.7420350837638261	0.9683657769816397	1.2644349145931426	2.661164421779063	1.8265940275758987	1.119296801684171	-31.839861136039364	0.7039582568984266	0.8102790987232023	2.966396246195185	4.122274629880869	3.4679203874630224	1.1933532973895484
0.9696925086003102	1.74201305405327	2.699666097662401	2.189197709590583	1.8172581323751646	1.0924600745075004	2.506071250293893	1.0485511788112833	1.3306420568709472	1.6859103515617173	3.2384185915400057	2.3298488216174253	1.513455014452436	1.3692782568984263	-40.673963699652965	1.1347308827218163	3.561481140439879	4.7584101979255955	4.085048052130157	1.6018303276001578
0.8487020267598496	1.567076441118444	2.4850531312866413	1.992814396038054	1.638291603781843	0.9611173997896594	2.297695909559617	0.9208218651119403	1.1812960519163822	1.5141004046498516	3.0100134587206098	2.1278499922630476	1.3519485034547558	1.217249098723202	0.8763808827218164	-37.10474678383182	3.326859094919609	4.50973581591794	3.8428310411589095	1.4349096659396496
0.10821592493365476	0.2718625112096639	0.5899730364007942	0.40325596125579993	0.29197257464992765	0.12931742125232204	0.5143768256694082	0.12156919245521923	0.1753700465817821	0.25737693738221745	0.8321114807978799	0.45067646013394963	0.21550874587244323	0.1834982461951846	0.11326314043987898	0.13699109491960937	-8.10372503851253	1.7642412138562438	1.307675990362191	0.2364682341443605
0.04056821747220394	0.11061351600376164	0.26614224742207254	0.17207900444291327	0.11974503107148936	0.049125063582920674	0.22716540886347084	0.045964489639785444	0.06832583756833263	0.1041012520865704	0.3985486291934865	0.19525574273094848	0.08559720562782311	0.07178462988086978	0.042600197925595315	0.05227581591794003	0.4966492138562439	-3.330013658358653	0.6886719214690621	0.09480023360316342
0.07058770097750643	0.18448704059927098	0.4204093732965852	0.27993860804813697	0.1988906978865625	0.0848960125113398	0.36291298464446076	0.07962699243919726	0.11654809860191512	0.1741614183970468	0.6096274535031547	0.31511282973686383	0.14456122882504116	0.12219038746302215	0.07399805213015684	0.09013104115890946	0.7448439903621908	1.393431921469062	-5.625688692482556	0.15933286043213257
0.5517244915651924	1.1064483512767782	1.8884011837702475	1.4606044765126152	1.164529348575855	0.6343617720147186	1.7235054532627956	0.6045423098462964	0.8009829496781937	1.0635673911040393	2.3619710704911587	1.5761703472467032	0.9341137949390189	0.8287532973895482	0.5719103276001576	0.6633396659396497	2.6547662341443607	3.780690233603163	3.140462860432132	-27.51084555939262