-23.87180633275638	1.590789357030481	2.993931283019016	0.960793668478101	0.7959187880438271	0.14573365801227628	1.2735129383046853	1.0695805804865208	1.3579569619188832	1.5456480702202766	2.6300738550157514	1.145802970624347	2.394315759558181	1.3560194322425783	1.0325369070286048	1.629092885494298	0.7662902300597513	0.3693641053312534	0.16738360649892306	0.6470612753886211
0.577483357030481	-14.637284253868678	2.1573726844887786	0.5512010082256343	0.4433511272761245	0.06813280394322545	0.7671796048933722	0.6247050186596895	0.8278689144349706	0.9660965297012485	1.8406466188285837	0.6772601823194583	1.6409365643398044	0.8264657273831689	0.5994738798447011	1.028961299607806	0.42444557357489276	0.18677972134264414	0.07901236167190923	0.3499112763021834
0.17944228301901596	0.3561896844887783	-4.757371561222506	0.1695881931239776	0.1306324437516899	0.015948756278214314	0.2546055624030622	0.19749446177580754	0.2801131191070204	0.3407748970611459	0.8022062911053496	0.21810315635364438	0.6855439140002514	0.27951552706833943	0.18779373960097315	0.3695226162654791	0.12405443763553192	0.04825068701475717	0.018716239400957266	0.09887555176851089
1.0402586684781006	1.643972008225634	3.0635421931239777	-24.717791938574308	0.8303735364386844	0.1543477017532965	1.320385697393134	1.1116389991763016	1.4066397234940098	1.5980110734412145	2.6967574692605267	1.1897381459912872	2.4586878234144987	1.4046617856206802	1.0736477595388725	1.682952324332025	0.7998312206744925	0.38849978684287295	0.1771245070166966	0.6767215143580082
1.2362997880438271	1.8970381272761243	3.3855024437516903	1.1912895364386844	-28.78061996130765	0.19943972414877517	1.545915777512902	1.315768224703389	1.6401279337567334	1.8475331129910835	3.006754497140258	1.402250483656298	2.759137127151508	1.6379728524799442	1.2735246066581054	1.9389374006643474	0.9652520412428047	0.4858120118881183	0.22792980749093533	0.8241344643121198
3.250524658012276	4.186229803943226	5.935228756278214	3.179673701753296	2.863849724148775	-68.38271217621813	3.709942474320218	3.3728463239232513	3.8416981025159163	4.121345098067396	5.516268926626238	3.5023013867743766	5.235066201704161	3.838719815849221	3.3082471082578584	4.240640965298118	2.803554292056158	1.829803126753943	1.0993361153399268	2.547435594595572
0.768768938304685	1.2757416048933725	2.564350562403062	0.736176697393134	0.6007907775129019	0.10040747432021792	-18.912624935937316	0.8269667667324472	1.072653062927281	1.23606490227805	2.2216833902334865	0.8912226589821179	2.002392668259829	1.070979828577815	0.7959273295640477	1.309516899808828	0.5767635193203016	0.26522673405633546	0.11591456029289642	0.48107656007650196
0.9335045804865211	1.5019350186596896	2.8759074617758076	0.8960979991763021	0.7393112247033887	0.13197932392325137	1.1956347667324472	-22.4642475967986	1.2769421424040532	1.4582261535515029	2.517317461878486	1.0729955605547263	2.2856955953059317	1.2750747413647288	0.9645817871663084	1.5390542660583848	0.7112308918318984	0.3384027618951713	0.1518043680960696	0.5985514912339344
0.7112639619188831	1.1944819144349703	2.447909119107021	0.6804817234940097	0.5530539337567333	0.09021410251591683	0.9307040629272804	0.7663251424040531	-17.647017696595018	1.1564014929365636	2.1120229309534815	0.8272537982624626	1.8979091996053254	0.9984023517339108	0.7369436639497944	1.2269292233592113	0.5305177318091617	0.2408924422474002	0.10428496365521077	0.44102593752362657
0.6009330702202765	1.034687529701249	2.210548897061146	0.5738310734412144	0.4624371129910834	0.07183909806739576	0.7960939022780499	0.6495871535515026	0.8583794929365638	-15.17228248032055	1.8900613380074696	0.7036785394069072	1.6875488718700065	0.8569401645075669	0.6235969675635891	1.0643044155571355	0.44287830614328116	0.19600787640790937	0.08326248974508259	0.36566618086312225
0.24128485501575145	0.4651636188285837	1.2279062911053493	0.22850346926052711	0.1775844971402586	0.022688926626238566	0.3376383902334867	0.264604461878486	0.3699269309534813	0.44598733800746937	-6.436974321973606	0.29108383680322175	0.863259699793567	0.36917264597940236	0.252088169367494	0.48170349490179615	0.16891992153136268	0.06733730487031149	0.026564733579922083	0.13555573609689697
0.8671239706243468	1.4118871823194579	2.7539131563536445	0.8315941459912873	0.6831904836562979	0.11883138677437649	1.1172876589821177	0.9303925605547266	1.1952677982624627	1.369714539406907	2.4011938368032224	-21.045062138254146	2.174147839114388	1.1934749294745242	0.8966759721373156	1.4477341924014815	0.6567053330549524	0.30830590655542406	0.13688101342985365	0.5507402323573606
0.2927367595581808	0.5526635643398045	1.3984539140002514	0.2776438234144985	0.2171771271515083	0.02869620170416052	0.40555766825982936	0.32019259530593136	0.44302319960532555	0.5306848718700066	1.150469699793567	0.35124783911438806	-7.778890688070122	0.44214976846775045	0.3054690522451043	0.5715832236764262	0.20682984631626808	0.08395993985549227	0.03354073482275715	0.16681085856887148
0.712523432242578	1.1962757273831688	2.4505085270683393	0.68170078562068	0.554095852479944	0.09043281584922087	0.9322278285778156	0.7676547413647287	1.0015993517339437	1.158159164507567	2.1144656459794025	0.8286579294745243	1.9002327684677505	-17.67490132885783	0.7382361782812676	1.2287531291983123	0.5315265559374361	0.2414185820944849	0.1045347263645062	0.4418975862321578
0.9681539070286059	1.5483968798447008	2.9378997396009727	0.9297997595388724	0.7687606066581051	0.13907310825785857	1.2362883295640472	1.0362747871663087	1.3192536639497945	1.5039289675635892	2.576494169367494	1.110971972137315	2.342665052245104	1.3173491782812676	-23.199353435351348	1.586143924037749	0.7398674081224665	0.35443528739970526	0.15984336112053865	0.6237533334668514
0.558412885494298	0.9715872996078069	2.113331616265479	0.5328073243320252	0.4278764006643476	0.06516996529811807	0.7435808998088281	0.6044502660583847	0.8029422233592116	0.9383394155571355	1.7998124949017962	0.6557331924014814	1.6024822236764262	0.8015691291983121	0.5798469240377493	-14.199587743411692	0.40950754245221777	0.1793568721098932	0.07561224471449422	0.3371688234736885
1.2769912300597512	1.9484525735748928	3.4492444376355316	1.2310672206744928	1.0355720412428033	0.20946429205615877	1.592208519320302	1.3580078918318987	1.687911731809162	1.8982943061432813	3.0684099215313627	1.4460853330549526	2.8191098463162683	1.6857235559374364	1.314951408122467	1.990888542452218	-29.613748638693682	0.5068552156181783	0.2391851058827205	0.8553254654298018
2.1138451053312535	2.944566721342644	4.607220687014757	2.053515786842873	1.7899120118881184	0.4694931267539432	2.514451734056335	2.2189597618951713	2.632066442247401	2.885203876407909	4.200607304870312	2.3314659065554237	3.9300199398554923	2.629395582094485	2.1632992873997057	2.9945178721098933	1.7406352156181781	-46.281804513511844	0.5272412742344005	1.535386876993557
3.0796746064989224	4.004609361671909	5.745496239400958	3.0099505070166965	2.699839807490935	0.9068361153399264	3.5329495602928964	3.2001713680960697	3.6632689636552107	3.9402684897450833	5.327644733579922	3.327851013429854	5.0474107348227575	3.6603217263645056	3.136517361120539	4.0585832447144945	2.64077510588272	1.6950512742344004	-65.0676702882794	2.390450074921592
1.4625722753886208	2.1787282763021834	3.7288755517685104	1.412767514358008	1.19926446431212	0.2581555945955725	1.8013315600765016	1.5501384912339342	1.9032299375236263	2.125892180863122	3.3398557360968963	1.644930232357361	3.0839008585688714	1.9009045862321579	1.5036473334668512	2.223359823473688	1.160135465429802	0.606416876993557	0.29367007492159203	-33.377776833962976