-2.163317144190197	0.3426525368372646	0.000042796878947934544	0.00017868549800396458	0.000187279633248326	1.6636951230952455	0.000043014115117769794	0.0008031060187235075	0.04971662319380986	0.04142740759744092	0.0007661078765400106	0.00017025416034639122	0.029873601520562704	0.007650863476487327	0.016779366623932052	0.008974933199749827	7.214844089193191e-6	0.0002180338186354014	0.0001301958020182813	3.39652577115899e-14
2.203935536837265	-6.009031108078295	0.00023458476123214283	0.0009554546341134704	0.0010004565811050558	3.142272290618593	0.00023575766289933234	0.0041407319916247805	0.2000800213481238	0.17012427979961772	0.003955370924902508	0.0009112530191290043	0.1267843762251785	0.03593952180976877	0.07479901694314939	0.04176044210253833	0.000040454983076508324	0.0011610847044225617	0.0007004731313478737	2.06696908857774e-13
12.592162796878947	10.731071584761231	-96.76541596811029	1.976171820163719	2.0146237268203793	13.71402517910184	1.0027525208320598	3.361354317688936	8.073532716821823	7.844394052325126	3.313807776976154	1.9369916963933347	7.439620069509659	5.820263830135153	6.74181285334337	6.005093835496832	0.3293276087852136	2.141549486826159	1.7268600888983654	6.3519765598438765e-9
11.030748685498004	9.170242454634115	0.41462182016372034	-74.00151509096466	1.0260574725092781	12.152524109172589	0.4160493664436035	2.0547030270841713	6.519168892093511	6.291549421546568	2.0150647978371565	0.9736653105588224	5.890246342878553	4.303066185163721	5.20174350701615	4.481990252821206	0.11029279709746002	1.1135364747123169	0.8362441723062507	1.4274628688299496e-9
10.979087279633246	9.118617456581102	0.40140372682037917	0.9743874725092757	-73.30938204966338	12.100857221749797	0.402794213951176	2.015894731352173	6.4679333865502455	6.240403671512787	1.9766089194092236	0.9485102604504695	5.839303952648929	4.2539354762039565	5.151336965476212	4.4325348058497935	0.10612287904180853	1.086039418815317	0.8136102097489473	1.3585562938267258e-9
0.5418051230952454	0.1590992906185927	0.000015179101839204417	0.00006410917258798843	0.0000672217497952256	-0.7630814553064245	0.000015256695849260646	0.0002928607157857386	0.020059836506544276	0.016579864963922733	0.000279202270272597	0.00006105715685923819	0.01179916093708022	0.002901119107821254	0.0064983366571470524	0.0034163522174710057	2.531223769041808e-6	0.00007837277746233412	0.0000465803383676609	1.1420364537309037e-14
12.58666301411512	10.7255727576629	0.9972525208320688	1.9720993664436026	2.0105142139511765	13.70852525669585	-96.67931807779104	3.3563912376725513	8.068044905770545	7.838908892940803	3.308863636867295	1.932957956151899	7.434141030438465	5.814844298392892	6.736350564554107	5.999663078436961	0.32814998255588745	2.137323946953773	1.7230514110364297	6.31871846637476e-9
9.364783106018724	7.506837731991625	0.13321431768893638	0.38811302708417006	0.400974731352173	10.486162860715787	0.13375123767255082	-53.708753266667756	4.881356534955052	4.65939267093007	0.9738421332558781	0.3752394017208104	4.270678845761638	2.786876851498901	3.614173694492882	2.9481560959164783	0.030027991000727096	0.4450436304556838	0.31012840386693646	2.887349639394313e-10
4.57082662319381	2.859907021348124	0.0025227168218238337	0.00970889209350978	0.010143386550245602	5.663059836506545	0.0025349057705451434	0.0384865349550524	-15.862581730083335	0.8895429792422522	0.036890700092770116	0.009280870554730734	0.7155699146320544	0.2618353826814593	0.47614311755290917	0.2967665739249712	0.0004567207413548721	0.011684375680039072	0.007221177738424172	2.714130075121026e-12
4.792237407597442	3.059651279799618	0.003084052325126306	0.01178942154656808	0.012313671512788322	5.889279864963922	0.003098892940804053	0.04622267093007081	1.119242979242252	-17.023190098991325	0.044325121698643534	0.01127279160805311	0.8106641277498066	0.30518247584307556	0.5464262738672196	0.34488223753090264	0.0005614543729511772	0.014171498834085498	0.008783876624610684	3.388862523762152e-12
9.41752610787654	7.5594323709249025	0.13844777697615449	0.40125479783715584	0.41446891940922403	10.538929202270273	0.13900363686729572	1.0266221332558787	4.932540700092771	4.710275121698643	-54.28840725500692	0.3880246129542718	4.320898975263551	2.832002102201933	3.662758205342532	2.9941154611404968	0.03134095379119303	0.4597174490334736	0.32104872776689075	3.0374601751480157e-10
11.083880254160347	9.22333825301913	0.42858169639333515	1.0268053105588226	1.0533202604504706	12.20566105715686	0.4300479561518991	2.0949694017208103	6.571880870554731	6.344172791608052	2.054974612954272	-74.7175628980691	5.9426687970872445	4.3536921971807745	5.253635712018012	4.5329389735300545	0.11473642801559061	1.1422776972393636	0.8599806267673598	1.5019695280447737e-9
5.186763601520562	3.422391376225178	0.004390069509659312	0.016566342878552416	0.017293952648929297	6.29057916093708	0.004411030438465206	0.06358884576163809	1.351349914632054	1.216744127749806	0.06102897526355118	0.015848797087244643	-19.216202214506943	0.3965502755847768	0.6899491723550116	0.44568614425449127	0.0008076743292286725	0.019868432579735126	0.012384320745963885	5.017120672826984e-12
6.797080863476487	4.964086521809769	0.017573830135154112	0.0619261851637202	0.06446547620395729	7.914221119107821	0.01765429839289204	0.21232685149890165	2.530155382681459	2.3438024758430758	0.20467210220193327	0.05941219718077503	2.0290902755847773	-29.973762403926795	1.536772805921579	1.096608915980033	0.003412961729868615	0.07337387479248324	0.04712626619786074	2.4246314230231757e-11
5.875109366623931	4.071846016943148	0.008022853343370264	0.02950350701614934	0.030766965476211532	6.9867183366571455	0.00806056455410646	0.10852369449288157	1.8133631175529084	1.6539462738672186	0.10432820534253177	0.028255712018011584	1.3913891723550116	0.6056728059215783	-23.44825076899435	0.6738101051012975	0.0015068388991633492	0.03522327704251672	0.022203955777289085	9.876396787799317e-12
6.6110349331997496	4.782537442102537	0.015033835496832414	0.053480252821205006	0.05569480584979404	7.727366352217471	0.015103078436961728	0.18623609591647836	2.3777165739249706	2.1961322375309025	0.17941546114049636	0.05128897353005496	1.8908561442544911	0.9092389159800323	1.4175401051012977	-28.575645081847	0.0028982300727603888	0.06347326520006506	0.04059837905065362	2.023917306411867e-11
14.514527214844087	12.653277454983074	2.251727608785213	3.594242797097458	3.6417428790418085	15.63641253122377	2.256049982555887	5.180567991000726	9.993866720741355	9.76427145437295	5.129100953791192	3.5455464280155895	9.358437674329227	7.728502961729868	8.657696838899163	7.91535823007276	-128.89671631800462	3.7966116461267756	3.278774910764316	3.962938793666932e-8
10.811708033818634	8.951368084704422	0.3609194868261587	0.8944564747123149	0.9186294188153167	11.933458372777462	0.36219394695377205	1.8925536304556834	6.302064375680037	6.074851498834084	1.854447449033473	0.8700576972393627	5.674468432579734	4.095433874792483	4.988383277042517	4.272903265200064	0.09358164612677601	-71.09475328105061	0.7432743143010242	1.1572980549132669e-9
11.37831019580202	9.517597473131348	0.512920088898366	1.1838541723062503	1.212890209748948	12.50011658033837	0.5146114110364304	2.3243284038669367	6.864291177738425	6.63615387662461	2.2824687277668914	1.1544506267673602	6.233674320745965	4.635876266197862	5.542053955777289	4.816718379050654	0.1424349107643169	1.3099643143010256	-78.76271509285405	1.990971054536467e-9
34.55602000000003	32.69473700000021	21.963900006351974	23.525450001427462	23.577120001358555	35.67791000000001	21.96940000631872	25.19204000028874	30.03491000000271	29.805210000003385	25.139260000303743	23.472310001501967	29.399130000005016	27.766590000024244	28.697690000009874	27.953960000020235	20.04150003962939	23.744530001157298	23.177840001990965	-508.38950706039446