-20.500849656217312	1.640815154992261	1.4360281245508097	2.279867607217406	2.1923449836083595	0.16939891780492639	0.13333032275793302	3.8836856623417937	2.376296118275592	1.885300274174028	2.201983002420093	1.0167777946861434	0.05355515048053488	0.1394010366854615	0.4606645191450928	0.6313766272599814	1.1125125291452439e-6	8.007420239118663e-8	0.000023166879867046953	3.502987886619967e-10
0.5527221549922607	-12.756810091141997	0.8508728514948857	1.4973151911005156	1.4266039753389053	0.07557497627572668	0.05845607819076585	2.901790702068629	1.5760898313862959	1.1848588618338463	1.4343531283540383	0.5636673937869788	0.022295984737020796	0.061307271549089486	0.2267486216544764	0.3241441958550402	3.9945300934189686e-7	2.8494340064074922e-8	8.444453035624696e-6	1.2313879145763233e-10
0.6626721245508096	1.165609851494886	-14.772379204201393	1.7067108246949545	1.630664858987727	0.09602423838476695	0.07461188983972025	3.177734518708605	1.7911303234287206	1.3685642949373473	1.639011443396408	0.6752275141565319	0.02884324440266326	0.07818791483279731	0.2806879938300773	0.3966862782831157	5.374252614218568e-7	3.84317953848953e-8	0.000011314248552102913	1.6665186748843887e-10
0.32174060721740594	0.6272811911005155	0.5219398246949546	-8.11598175284659	0.9451644925746261	0.03815546957629107	0.029197357614374867	2.186134621896194	1.0617483945937647	0.7621744753253544	0.9511459495867035	0.3288225109595388	0.010788877109094134	0.030679856181174723	0.12185128834141613	0.17915289570504167	1.756177612593781e-7	1.2446740788700775e-8	3.7522523293611294e-6	5.330847752816539e-11
0.34596998360835973	0.6683219753389055	0.5576458589877273	1.0569164925746266	-8.637743650450304	0.041723206555169506	0.03196712246838756	2.2735520805522027	1.1209160169419679	0.8094571289047563	1.0062123112339236	0.35349242334864833	0.011855713106685683	0.03358286234808895	0.1322813153886748	0.19384478490916157	1.9519388946482814e-7	1.3845221301826675e-8	4.1650845427043725e-6	5.936423457141332e-11
3.0649189178049268	4.059187976275727	3.764900238384768	4.891802469576292	4.78361820655517	-50.968120819007794	0.8434221056324517	6.7003335988940025	5.00931929161588	4.390663706585527	4.795606347800591	3.094299955969607	0.42254634297388416	0.8708765004486928	1.9338670286046487	2.342412677166757	0.000016599108280689548	1.2314248614446475e-6	0.00032761858213793915	5.603588145020571e-9
3.360280322757933	4.373499078190767	4.074917889839721	5.214274357614376	5.105292122468389	1.1748521056324517	-55.22757072245702	7.029711695363884	5.332587387876599	4.708831880029599	5.117371915597301	3.39043159515315	0.5172833247006554	1.0308151657670912	2.1839687807435744	2.612987085575	0.000022559130386333832	1.680669109447809e-6	0.00044176765855020593	7.688482400594707e-9
0.08718566234179352	0.19338370206862926	0.15459051870860513	0.3477616218961941	0.3234270805522025	0.008313598894001508	0.006261695363882679	-2.241094670686109	0.3758160372947011	0.24623343946277287	0.32605485692775377	0.08942148073973569	0.0022072706180668086	0.006598171061189062	0.02913114926945688	0.044707683598338814	3.0717009755489136e-8	2.151200327601353e-9	6.690115165061176e-7	9.058588827209342e-12
0.2971141182755915	0.5850008313862961	0.4853043234287206	0.9406933945937658	0.8881090169419675	0.034617291615880466	0.02645538787659805	2.0931340372947007	-7.574549761056964	0.7132403692943909	0.8938410332337383	0.303738562228873	0.009738141380060183	0.027805084826812446	0.111398143697657	0.1643565063401227	1.566144678509672e-7	1.1090424327804877e-8	3.350889453749824e-6	4.7442684394545065e-11
0.44779627417402773	0.8354478618338463	0.7044162949373471	1.2827974753253544	1.2183281289047558	0.05763970658552648	0.04437788002959836	2.605229439462773	1.354918369294391	-10.731273049008582	1.225380475317999	0.457075038977665	0.016697122220957428	0.046580583223726886	0.17762178541386792	0.25696020629919253	2.872469428436521e-7	2.0435772185623917e-8	6.0992368511419466e-6	8.798887646563352e-11
0.3432090024200928	0.6636721283540385	0.5535934433964085	1.0504989495867028	0.9938133112339309	0.04131234780059091	0.03164791559730082	2.2637808569277538	1.114249033233738	0.8041104753179991	-8.578803987368957	0.3506817070894969	0.011732492908151152	0.03324834470323829	0.13108562241760607	0.19216403258422407	1.9291882214150336e-7	1.3682632095592698e-8	4.117137570537733e-6	5.865981068183255e-11
0.9834077946861436	1.618390393786979	1.415213514156532	2.2535795109595385	2.1664974233486483	0.16540995596960642	0.13011159515314968	3.852551480739735	2.3495505622288726	1.861209038977665	2.176085707089497	-20.231014596756193	0.052167256280794425	0.13605048696780142	0.45132742254875396	0.6194388348123316	1.0781749849217078e-6	7.758012069083796e-8	0.00002246295578902624	3.39254606150791e-10
4.480285150480534	5.537118984737021	5.2289292444026625	6.395645877109093	6.284960713106686	1.9537563429738833	1.7170633247006541	8.225437270618068	6.51565014138006	5.880931122220958	6.297236492908151	4.5122672562807935	-71.65038763664504	1.7594792550768987	3.188595477945989	3.6716665485015216	0.00006812059574294925	5.162371825695607e-6	0.0012911271203693046	2.4114137785469432e-8
3.3053410366854616	4.31534027154909	4.017483914832797	5.154746856181174	5.045897862348089	1.1412965004486921	0.9698051657670891	6.969038171061188	5.272927084826812	4.650024583223726	5.057962344703237	3.3353604869678017	0.4986892550768995	-54.4335759936603	2.136893918276805	2.562327477803401	0.000021321400533461153	1.5871984687944305e-6	0.0004181480553299381	7.253707918483688e-9
1.8520345191450929	2.7062116216544765	2.4454139938300776	3.471348288341417	3.370026315388675	0.42971702860464844	0.348388780743574	5.217001149269458	3.5819501436976577	3.0064957854138683	3.381229622417606	1.8760674225487544	0.15323547794598966	0.3623239182768052	-33.49143581712011	1.2899039894901134	4.095831065901759e-6	2.9871894320787845e-7	0.00008336447197083927	1.3299160949804462e-9
1.4900166272599817	2.2708771958550407	2.0286822782831164	2.995919895705042	2.898859784909162	0.30553267716675636	0.2446770855749998	4.69984768359834	3.102178506340123	2.5531042062991935	2.909578032584224	1.5114488348123323	0.10357654850152336	0.2550274778034017	0.7571739894901136	-28.126554626284737	2.488954504490915e-6	1.8056407013469647e-7	0.000051131784531162544	7.982836779296036e-10
16.51304111251253	17.60113339945301	17.28639653742526	18.471167175617758	18.35941519519389	13.617536599108279	13.286112559130384	20.309540030717006	18.592222156614465	17.95054428724694	18.37181419291882	16.546411078174984	12.086378120595741	13.347121321400532	15.121674095831063	15.654402488954505	-266.68584289652836	0.1829153357892027	3.386253000645305	0.00176420919868589
19.300440080074207	20.38853302849434	20.073796038431798	21.25856701244674	21.14681501384522	16.40492123142486	16.073491680669107	23.0969400021512	21.379622011090426	20.737944020435773	21.159214013682632	19.33381007758012	14.873715162371827	16.134501587198468	17.90907029871894	18.44180018056407	2.9703153357892047	-316.76026867542237	6.057481597165549	0.019290303287876332
13.257363166879868	14.345441444453039	14.030707314248552	15.21547075225233	15.103719165084543	10.36214761858214	10.030831767658551	17.053840669011517	15.336525350889454	14.69485009923685	15.116118117137573	13.290732462955791	8.83190112712037	10.091818148055332	11.866053364471972	12.39875113178453	0.1305530006453076	0.0143815971655498	-211.17130041645598	0.00009411882268437024
24.990740000350304	26.078833000123137	25.764096000166653	26.94886700005331	26.837115000059363	22.09522000560359	21.76379000768848	28.787240000009056	27.069922000047445	26.42824400008799	26.84951400005866	25.024110000339256	20.564010024114143	21.824800007253707	23.59937000132992	24.132100000798285	8.479464209198689	5.709590303287876	11.733494118822685	-424.6805196793926