-19.885350553017926	1.0854198073658112	1.2856608179420577	1.010101787979671	0.8598850051062241	0.9039720639639534	1.453930934775259	1.041311676872505	1.1035316416057237	0.994544955388505	1.661613901665248	1.4510181246158314	1.2831508592321241	1.3439778157334152	1.118665030737952	0.7610212707102898	0.6486262161337576	0.6721841775661646	0.6623247229571206	0.5444097426663101
0.9191838073658114	-18.250592274431067	1.1903681759330256	0.9287281350186666	0.7871824141685316	0.8286377142293319	1.3512410971574318	0.9582380516619525	1.0171671264132702	0.9140312819938713	1.5507944907469497	1.3484498907447606	1.187974501379887	1.2460337727905184	1.0315193549663242	0.6945006408389625	0.5896400987660905	0.6115716587080903	0.6023897459290669	0.4929403156185252
0.7601548179420576	0.8310981759330254	-15.020233766552687	0.7685081885857459	0.645346407144145	0.6812536974350168	1.1445201057345737	0.7943785411047916	0.8462286452263006	0.7556480699357265	1.3258250316933726	1.1419996370592198	0.9978615265328554	1.0498311852420203	0.8588940445413396	0.5655890183755917	0.4762772236863058	0.4948712946171407	0.48708100677372324	0.39486714898973796
0.9899657879796768	1.074828135018667	1.273878188585746	-19.68259653562793	0.8508365870052795	0.8946034268060383	1.441260077764812	1.0310039389877548	1.0928257401412849	0.984547423402736	1.6479709694785032	1.4383618407910075	1.2713822209258805	1.331876411116988	1.1078647184519568	0.7527268036391892	0.6412540365484946	0.6646125953142394	0.65483618838571	0.537961445283967
1.154567005106224	1.2481004141685317	1.465534407144145	1.1656545870052797	-23.001705860556143	1.0487962620426827	1.6465029328871867	1.1998650195258247	1.2678695949619705	1.1485766132718913	1.8679611457549865	1.643382635836774	1.4628235789124366	1.5284209307553265	1.2843714540517752	0.8899919114832459	0.7638541886604256	0.7903938027374331	0.7792932482213751	0.6457461280286263
1.1025990639639534	1.1935007142293317	1.4053866974350169	1.1133664268060386	0.9527412620426825	-21.955285660985403	1.5822829063892392	1.1466029699819722	1.2127333800186413	1.0967826245892875	1.7993482685614715	1.5792289744205026	1.4027404609940588	1.4668052985029836	1.2287925125146624	0.8463834178105643	0.7247697787263091	0.7503256808536162	0.7396344465349551	0.6112607766101149
0.6520949347752587	0.7156410971574317	0.8681901057345738	0.6595600777648116	0.5499849328871863	0.5818199063892392	-12.812599971759965	0.6827090566406885	0.7292359707183168	0.6480693457904781	1.1668545651894986	0.9976917786993457	0.8662482355963419	0.9135119477179942	0.7406270303896105	0.47962098377327117	0.4014373051622287	0.4176586782064147	0.4108587878484942	0.3307852313187779
0.9597956768725048	1.042958051661953	1.2383685411047916	0.9696239389877536	0.8236670195258246	0.8664599699819722	1.4030290566406882	-19.072605765415716	1.060607031182247	0.9544890871544582	1.6067547299506921	1.400175517878212	1.2359153917518153	1.2953907813065069	1.0753577958598262	0.727847243474068	0.6191700185761164	0.6419247090097968	0.6323998389272245	0.5186713655692615
0.9031556416057235	0.9830271264132681	1.1713586452263	0.9125857401412854	0.7728115949619705	0.8137303800186412	1.3306959707183168	0.9417470311822471	-17.925869334542902	0.8980650861285976	1.5285520048027084	1.3279300758292114	1.1689890439484383	1.2264747910691645	1.0141915043237602	0.6813860464626784	0.5780488734660929	0.5996523192218434	0.5906071437862697	0.4828603152363834
1.0054749553885116	1.0911972819938704	1.2920840699357263	1.0156134234027385	0.8648246132718913	0.909085624589288	1.4608353457904781	1.0469350871544567	1.1093710861285973	-19.995954084146877	1.6690444265436517	1.457914644494614	1.289566528962863	1.3505737967858935	1.1245556886734576	0.7655511055635301	0.6526543921572858	0.6763208515525131	0.6664162119626571	0.5479349497948528
0.5427879016652479	0.5982044907469496	0.7325050316933726	0.5492809694785034	0.4544531457549864	0.4818952685614715	0.8498645651894986	0.569444729950692	0.6101020048027086	0.539288426543652	-10.566323365613819	0.8477995936402787	0.7307848356355673	0.7727271302557086	0.6200819368594505	0.39413260080158274	0.3276848294458403	0.34141875381663245	0.335658141599984	0.2682090091716927
0.6538021246158314	0.7174698907447609	0.8702896370592196	0.6612818407910076	0.551484635836774	0.5833859744205026	1.0023117786993694	0.6844755178782119	0.7310900758292114	0.6497686444946142	1.1694095936402786	-12.847570650447143	0.8683444963420349	0.915686598221072	0.7425021583088678	0.4809682412876422	0.40260513078353505	0.41886465425562874	0.4120488322363022	0.33178082500227635
0.7619248592321239	0.8329845013798873	1.0021415265328724	0.7702922209258805	0.6469155789124366	0.6828874609940587	1.146858235596342	0.7962053917518153	0.848139043948438	0.757410528962863	1.3283848356355674	1.144334496342035	-15.056302003244316	1.0520426373189666	0.8608244036424202	0.567008561627267	0.4775183283962125	0.4961505546747667	0.4883443475402238	0.39593448983013924
0.720411815733415	0.7887037727905182	0.9517711852420201	0.728446411116988	0.6101729307553265	0.6446122985029838	1.0917819477179942	0.7533407813065067	0.8032847910691647	0.7160777967858937	1.2679871302557086	1.0893365982210723	0.9497026373189663	-14.209631209789258	0.8154944683391206	0.5338106646975915	0.44853778513607667	0.46626913634921907	0.458838856224566	0.3710502022261283
0.8900390307379521	0.9691293549663236	1.1557740445413391	0.8993747184519566	0.7610634540517751	0.8015395125146623	1.3138370303896107	0.9282477958598258	0.9859415043237618	0.8849996886734577	1.5102819368594502	1.311092158308868	1.1534244036424204	1.2104344683391206	-17.660000957453782	0.6706734996354904	0.5685901921271367	0.5899237539492933	0.5809910614098052	0.4746433486715331
1.28443127071029	1.3841466408389624	1.6145050183755916	1.296272803639189	1.118719911483246	1.1711664178105645	1.8048669837732711	1.3327732434740682	1.4051720464626785	1.27803110556353	2.0363686008015827	1.8015942412876422	1.6116445616272672	1.6807866646975915	1.4227094996354903	-25.611547623739245	0.8629743548101937	0.8918900554389234	0.8798014037235456	0.7336927995856146
1.4598772161337579	1.5671270987660906	1.813034223686306	1.4726410365484945	1.2804231886604256	1.337393778726309	2.014524305162229	1.5119370185761165	1.589675873466093	1.4529753921572859	2.2577618294458404	2.011072130783535	1.8099953283962127	1.8833547851360766	1.6084671921271365	1.1508153548101936	-29.127965972744402	1.031942531313934	1.0185963650090017	0.8563513238393563
1.4202161775661648	1.5258396587080905	1.768409294617141	1.4327805953142394	1.2437438027374332	1.2997306808536162	1.9675266782064147	1.4714727090097968	1.5480603192218434	1.4134228515525131	2.208276753816633	1.9641126542556284	1.7654085546747667	1.8378671363492192	1.5665817539492937	1.1165120554389232	0.9687235313139353	-28.33386494385806	0.9869304387164839	0.8282492975559199
1.4366107229571208	1.5429117459290669	1.7868730067737235	1.4492581883857099	1.2588972482213754	1.315293446534955	1.986980787848494	1.4882018389272247	1.5652691437862696	1.429772211962657	2.2287701415999837	1.9835508322363025	1.7838563475402238	1.856690856224566	1.583903061409805	1.130677403723546	0.9816313650089987	1.0131844387164857	-28.66217251326124	0.8398397254747341
1.65818874266631	1.7729553156185252	2.0341521489897376	1.6718764452839672	1.4648431280286263	1.5264127766101148	2.246400231318778	1.7139663655692616	1.7970153152363832	1.6507839497948529	2.5008140091716924	2.2427758250022762	2.030939489830139	2.108395202226128	1.8170483486715332	1.3240617995856143	1.1588793238393558	1.1939962975559197	1.1793327254747341	-33.09283744047394