-43.56883702004007	2.1275365350902713	3.2353313049237813	2.376288085001694	2.739958694906778	0.9421600641478847	2.17364646940683	1.739189090492953	1.8675314873712208	1.718369960196521	3.050003003217421	2.4945192879521474	2.4356431051956506	2.3926262775006735	1.7292174185800504	2.316175981946246	2.7564032460778276	2.4715246696038835	2.566152398020054	2.436559940408186
0.36516453509027125	-20.822077374318155	1.8049903014113293	1.166749563652429	1.4257978898258767	0.33844334358894235	1.0302387833450934	0.7580227298419578	0.8354262039923984	0.7457120450608673	1.6598109328269235	1.2490411200309643	1.207823688313406	1.1780073738966952	0.752117698702649	1.1256486840495266	1.4379167376580042	1.2328874832627867	1.2998163276772083	1.208461932090823
0.1475393049237812	0.4795703014113291	-9.898987360339625	0.5790627445670226	0.7425671595054478	0.13540812136316102	0.4972639514403413	0.34380488970094125	0.38608122131414785	0.3371841316059362	0.8990211369041834	0.6298538597235912	0.6042773641114043	0.5859463953069421	0.34062555906211944	0.5541079198457208	0.7504710081559587	0.6197976306300879	0.6617333322307635	0.6046713285367452
0.2971160850016935	0.849949563652429	1.5876827445670227	-17.719716272225	1.2361903622315191	0.27466274573788824	0.8770346152489571	0.6354107074953543	0.7035910468128738	0.6246081567815496	1.4523757596668956	1.074644628764472	1.0372103919606617	1.0101893744386796	0.6302276350755577	0.962861459576112	1.2473237372992143	1.0599626062980776	1.1208853095327125	1.0377893420833302
0.22059669490677786	0.6688078898258767	1.3109971595054477	0.7960003622315192	-13.929449541922411	0.20324475763259017	0.6916176130744814	0.49066848133933577	0.5467715862525954	0.4818256851539784	1.1903178106293295	0.8599941587342804	0.8278438819965359	0.8047086129803723	0.4864240899724315	0.7643348929252792	1.0097212985040818	0.8473709504885539	0.8998633769635226	0.8283402388054214
1.0601600641478843	2.2188153435889424	3.34120012136316	2.471834745737888	2.84060675763259	-45.38772322358616	2.265770067030808	1.822240324932461	1.9535367808580677	1.8009181064333897	3.1541203715290878	2.591861424914406	2.532108707847312	2.4884294976900683	1.8120285485345293	2.4107544949264037	2.8572540447236388	2.5685285334610506	2.664515831802766	2.5330394564316987
0.3513944694068298	0.9703587833450922	1.7628039514403413	1.1339546152489568	1.3887276130744817	0.32551806703080816	-20.21151047137822	0.7336195046204858	0.8092544299737273	0.7215987717785832	1.6194397124571778	1.2148105533686226	1.1743026999193646	1.1450115170069552	0.7278532493859574	1.09359972815713	1.4006632211040908	1.1989327772985547	1.2647369943516955	1.1749298124093626
0.5074880904929527	1.2886937298419576	2.199895889700941	1.4828817074953542	1.7783294813393355	0.472539324932461	1.3241705046204857	-26.721388140230438	1.0933404557458988	0.9850601489455187	2.039829575721357	1.5774972029909324	1.5302013466232174	1.4958704116295853	0.9928371840742708	1.435336073984009	1.7919881931251838	1.558983460417628	1.6355102205744716	1.5309351379748792
0.4546194873712208	1.184886203992398	2.060961221314148	1.3698510468128737	1.6532215862525956	0.42262478085806804	1.2185944299737275	0.9121294557458989	-24.609029553306772	0.8980953007323882	1.9057233862081742	1.460357184821164	1.4150855661432709	1.3822613459409892	0.9053998046981679	1.324462601150464	1.6663733979097584	1.4426288067918174	1.5159664472999888	1.4157874992896609
0.5166989601965208	1.3064130450608673	2.2233051316059367	1.5021091567815497	1.7995166851539783	0.4812471064333896	1.342179771778583	1.0150901489455182	1.1093363007323882	-27.081096188560483	2.062465543464655	1.5973934050058887	1.5497683737129655	1.5151921096174474	1.0078554623245903	1.454211673896938	1.8132572715480324	1.5787520061820972	1.6557966866505447	1.5505073494685915
0.17146100321742014	0.5436409328269234	1.1082711369041833	0.6530057596668953	0.8311378106293292	0.15757837152908769	0.5631497124571778	0.39298857572135676	0.4400933862081741	0.38559454346465466	-11.27328856658384	0.7085406486346425	0.6805990979556792	0.660543532274477	0.3894385079792574	0.6256492111651398	0.8397035375019573	0.6975601716254289	0.7433027732821781	0.6810298535398773
0.26959728795214755	0.7864911200309644	1.4927238597235912	0.9288946287644725	1.1544341587342803	0.24893942491440643	0.8121405533686226	0.5842762029909323	0.6483471848211643	0.5741424050058885	1.3621606486346425	-16.398158495916032	0.9643197266090117	0.9385909223783429	0.5794133812082972	0.8935806709362043	1.1651034768481325	0.9860009405386967	1.0441306704452247	0.9648712320110094
0.28295110519565025	0.8175036883134058	1.5393773641114044	0.9636903919606611	1.194513881996536	0.2614167078473118	0.8438626999193649	0.6092103466232173	0.6753055661432708	0.5987473737129656	1.4064490979556794	1.0365497266090096	-17.044789651811225	0.973630930875358	0.6041898816870361	0.9274729528618741	1.205413810222608	1.0222120622470674	1.0817269571204409	1.0005651064083634
0.29314427750067307	0.8408973738966952	1.5742563953069422	0.9898793744386758	1.2245886129803722	0.2709474976900682	0.8677815170069552	0.6280894116295854	0.6956913459409892	0.6173811096174474	1.4396035322744773	1.0640309223783428	1.026840930875358	-17.53157490035003	0.6229514685905648	0.9529953827618958	1.2356576411354627	1.049443978499693	1.1099780703016993	1.0274160575241313
0.5118764185800507	1.297148698702649	2.2110765590621195	1.492058635075558	1.7884450899724316	0.47668754853452955	1.3327642493859577	1.0071971840742708	1.1009708046981677	0.9921854623245934	2.0506395079792576	1.586994381208297	1.539540881687036	1.505092468590565	-26.893056434742018	1.4443445366163057	1.8021430312254347	1.568419501553907	1.6451943197317447	1.5402771557391448
0.3122239819462461	0.8840686840495262	1.637947919845721	1.0380814595761119	1.2797448929252793	0.28880249492640364	0.9118997281571294	0.6630850739840091	0.7334226011504641	0.651930673896938	1.5002392111651401	1.1145506709362047	1.0762129528618742	1.048525382761895	0.6577335366163056	-18.427784187562242	1.2911155242903332	1.0995170198146784	1.1618763275658068	1.076806051092176
0.21766124607782758	0.6615467376580043	1.2995210081559587	0.7877537372992147	0.9903412985040789	0.2005120447236386	0.6841732211040908	0.484947193125184	0.5405433979097582	0.4761862715480324	1.1795035375019574	0.8512834768481323	0.8193638102226082	0.7963976411354629	0.4807420312254348	0.7563255242903334	-13.776282563199373	0.8387502132297049	0.8908736043834369	0.8198565682565145
0.2747326696038835	0.7984674832627866	1.5107976306300879	0.9423426062980773	1.1699409504885536	0.253736533461051	0.8243927772985548	0.593892460417628	0.6587488067918176	0.5836310061820973	1.379310171625429	1.0141309405386958	0.9781120622470694	0.9521339784996938	0.5889685015539071	0.9066770198146784	1.1807002132297046	-16.64805400808467	1.0586693324675098	0.9786688636734457
0.254230398020054	0.7502663276772084	1.4376033322307635	0.8881353095327128	1.1073033769635228	0.23459383180276602	0.7750669943516955	0.5552892205744717	0.6169564472999887	0.5455456866505449	1.309922773282178	0.9571306704452238	0.9224969571204417	0.8975380703016993	0.5506133197317447	0.8539063275658069	1.1176936043834367	0.9435393324675101	-15.640864080667157	0.9230321002653845
0.28273794040818623	0.8170119320908229	1.5386413285367448	0.9631393420833313	1.1938802388054215	0.2612174564316987	0.8433598124093624	0.608814137974879	0.674877499289661	0.5983563494685917	1.4057498535398776	1.0359712320110104	0.9994351064083842	0.973076057524132	0.6037961557391448	0.9269360510921754	1.2047765682565146	1.0216388636734453	1.0811321002653842	-17.034548026008768