-29.818059835972146	1.6103809526898474	2.2519664261513843	1.1875877698175317	1.4257005783954693	0.060585358432962026	2.0867524630005847	1.2664102666917485	1.4484976494140533	1.321284464910103	2.189758857579116	2.248809251927983	1.6650978736226507	1.935358645305716	1.3785295251888434	1.4667108316592454	1.537471889570629	1.5604421589640263	1.6744110018849592	1.5023038707652958
0.5676369526898475	-18.290268772015015	1.5036897695868434	0.6949649762236103	0.8638477812459642	0.026329564879072072	1.369802293249385	0.7500023495773482	0.8804183917151996	0.7888319205811068	1.45296214953409	1.5011062509707946	1.0411545282749421	1.249554310618233	0.8297777819415398	0.8937057494876739	0.9457336028738131	0.9627590954525986	1.0481952300963089	0.9197960730166403
0.3292624261513839	0.6237297695868435	-11.147378129548864	0.4128478800886479	0.5278503219622509	0.012693881178045914	0.8969155929327233	0.44982665521125564	0.5393733836298883	0.4762103116966222	0.9606987537138553	0.9979913466996442	0.6532349082425869	0.8061557777947284	0.504289302502987	0.5486430794498629	0.5851909391359579	0.5972366063943991	0.6583062714432942	0.5669209217338865
0.8332897698175317	1.3834109762236102	1.9812538800886481	-25.534339535693817	1.2147346102025562	0.045844494515977566	1.825749245328354	1.0707177710923648	1.235460627435825	1.1201678792132883	1.9225885947536092	1.9782732779981658	1.4337116052725245	1.6841427297004334	1.171938217466824	1.252039055238326	1.3166127267128949	1.3376293217372732	1.4422871826124755	1.2844875702831373
0.6688665783954689	1.1497577812459638	1.6937203219622508	0.8121986102025563	-21.12197096539636	0.03321222138433401	1.550467452889701	0.8736712822643389	1.0183002896005433	0.9168799241585216	1.639545366303567	1.6909641154401565	1.1947662762413136	1.4210366274918516	0.9623058569193218	1.0329593368963894	1.0902306978148804	1.1089290961663187	1.2024549489324767	1.0617041810864078
4.329811358432963	5.3382995648790725	6.204623881178047	4.669368494515977	5.059272221384334	-101.13390812480667	5.993334165755238	4.802841305196201	5.094689872015423	4.893057869519051	6.125841900003325	6.200646843993849	5.417817466973125	5.793386444784061	4.985021540967789	5.122776119028456	5.2302124381866895	5.26454012783253	5.4312228538931	5.177143656267426
0.3778284630005843	0.703622293249385	1.1106955929327236	0.471123245328354	0.5983774528897012	0.015184165755237275	-12.668915500945621	0.5121726871246779	0.6110646027855502	0.5413827994017846	1.0685585653168097	1.1085439188155422	0.7358695083929192	0.9020529480686131	0.5724017547694239	0.6212628615118571	0.6614049520284795	0.6746124262113455	0.7414058861472655	0.6413513772153668
0.7738612666917482	1.3001973495773487	1.8799816552112558	0.9324667710923649	1.1379562822643385	0.041066305196200005	1.7285476871246777	-23.963426206401067	1.1578544611443893	1.047306736201316	1.8228057986230337	1.8770754155922842	1.3487065148032469	1.5910075938357269	1.0969037530266168	1.1737784179212343	1.235866702988243	1.25609579649007	1.3569822353613825	1.2049654632555895
0.6552836494140533	1.1299483917151996	1.6688633836298887	0.7965446274358248	0.9819202896005425	0.03224987201542371	1.52677460278555	0.8571894611443895	-20.7476192196518	0.8998363796241081	1.6151162278000537	1.66612858765823	1.1744691694367082	1.3984909247645534	0.9446889679902156	1.014484263115518	1.071088639160863	1.0895746257185288	1.182075938733819	1.0428912179083303
0.735568464910103	1.2458599205811072	1.8131983116966222	0.888749879213288	1.0879979241585218	0.03811586951905035	1.6645907994017848	0.9541397362013163	1.1073343796241077	-22.937380221686908	1.7570581018797726	1.8103438191897707	1.2931449128246182	1.5298617908349108	1.0481271445933624	1.122813916988361	1.183211808116008	1.2029044040916983	1.3012155100553708	1.1531435278071334
0.3467148575791159	0.6526621495340903	1.0403587537138568	0.43384259475360903	0.5533353663035674	0.013571900003323286	0.9344385653168104	0.4723107986230339	0.5652862278000536	0.4997301018797725	-11.698792761546194	1.0382967386749031	0.6831790181877008	0.8410083857897953	0.5288875911401126	0.5748973102612898	0.6127677719193919	0.6252413596237019	0.6884220619844267	0.593841208457639
0.330125251927983	0.6251662509707946	1.0020113466996443	0.41388727799816577	0.5291141154401561	0.012736843993849152	0.8987839188155421	0.4509404155922842	0.5406585876582299	0.4773758191897709	0.9626567386749048	-11.174767190205374	0.654722137186384	0.8078896370177409	0.5055087331688367	0.5499453731619343	0.5865594746983943	0.598626585284201	0.6598021147306623	0.5682565679958974
0.5411438736226504	0.9599445282749429	1.4519849082425869	0.6640556052725245	0.8276462762413137	0.024637466973124876	1.3208395083929192	0.7173015148032471	0.843729169436708	0.7549069128246182	1.4022690181877009	1.4494521371863838	-17.53211829739461	1.2032604377925658	0.7945960694536938	0.8566292897465096	0.9071730868761907	0.9237238384830372	1.0068555951513614	0.8819690604325297
0.4291746453057159	0.7861143106182331	1.2226757777947284	0.5322567297004334	0.6716866274918518	0.01797644478406117	1.1047929480686134	0.5773725938357267	0.6855209247645535	0.6093937908349107	1.1778683857897954	1.2203896370177407	0.8210304377925659	-14.23668132174599	0.643326100879172	0.6966330513072693	0.7403026826547436	0.75464709769505	0.8270185500962626	0.7185005853145635
0.6980555251888437	1.1920477819415396	1.746519302502987	0.8457622174668238	1.038665856919323	0.03532154096778831	1.6008517547694239	0.9089787530266175	1.0574289679902154	0.9533691445933627	1.6914575911401126	1.7437187331688366	1.2380760694536939	1.4690361008791721	-21.920978574883883	1.072454614446138	1.1311238414664737	1.1502670483818016	1.2459359071326312	1.1019078234480941
0.6446668316592453	1.114405749487674	1.6493030794498629	0.7842930552383262	0.967749336896389	0.03150611902845577	1.508142861511857	0.8442834179212344	0.9856542631155183	0.8864859169883617	1.5958973102612897	1.6465853731619342	1.1585392897465103	1.3807730513072691	0.9308846144461382	-20.453858874340348	1.0560755138237765	1.074392996174037	1.166081009414508	1.0281390847079592
0.605297889570629	1.0563036028738135	1.5757209391359577	0.7387367267128947	0.9148906978148803	0.028812438186688837	1.4381549520284793	0.7962417029882431	0.9321286391608623	0.8367538081160081	1.5236377719193919	1.5730694746983942	1.0989530868761903	1.3143126826547435	0.879423841466474	0.9459455138237763	-19.35536334192558	1.0176728995156448	1.1062453451101386	0.9730613292723713
0.5931281589640262	1.0381890954525974	1.5526266063943992	0.724613321737273	0.8984490961663181	0.02800012783252899	1.4162224262113454	0.7813307964900701	0.915474625718529	0.8213064040916982	1.5009713596237018	1.549996585284201	1.0803638384830376	1.2935170976950499	0.8634270483818014	0.9291229961740373	0.982532899515646	-19.012761305652152	1.087576240567202	0.955912580868689
0.5367770018849591	0.9533052300963079	1.4433762714432943	0.6589511826124751	0.8216549489324767	0.02436285389309988	1.3126958861472655	0.7118972353613825	0.8376559387338192	0.749297510055371	1.3938320619844264	1.4408521147306625	0.9931755951513536	1.1955685500962627	0.7887759071326311	0.8504910094145077	0.9007853451101381	0.9172562405672027	-17.406415532275343	0.8757046489277068
0.6244998707652958	1.08473607301664	1.6118209217338864	0.7609815702831372	0.9407341810864067	0.03011365626742616	1.4724713772153668	0.8197104632555893	0.9583012179083297	0.8610555278071335	1.559081208457639	1.6091365679958973	1.1281190604325295	1.3468805853145638	0.9045778234480937	0.9723790847079586	1.0274313292723691	1.04542258086869	1.135534648927707	-19.892987748764657