-20.874780083722776	1.356670143555396	0.6973114279914026	1.2839445763102304	0.6281500687861951	1.1762902039946457	0.9192527677836819	1.013873571225066	1.6634776985239013	1.535640586725489	1.2208614342621353	1.1788248322812112	0.7014566019188433	0.9199680867333873	0.6854442980984351	1.0886703002394171	1.2793353289742455	1.1277620745810173	1.2746427362534805	1.1232033454845924
0.7121001435553962	-14.810978519398557	0.47912162736206715	0.9402448225327895	0.42757844162947556	0.8527488868483171	0.6488435478522885	0.7230445299845896	1.2573892353077314	1.1491446600642283	0.8888320286711899	0.8547953413181173	0.48223218814278135	0.6494005482989608	0.47022962254983874	0.7824208209587916	0.9364749068173184	0.8136969740235501	0.9326389691258586	0.810041224355266
1.3797024279914025	1.806082627362067	-28.748840140776228	1.7206514186297535	0.9102467682405427	1.5928496570277388	1.2802663243676797	1.3966663569164481	2.159515341351789	2.013525730269212	1.6459644223393761	1.5958780407976287	1.0053394696153977	1.2811526436282543	0.9846894443236326	1.4875492552320513	1.7152130853962764	1.5346785645708876	1.7096734258152952	1.5291951369007915
0.7613645763102302	1.0622348225327893	0.5156804186297534	-15.856042418466194	0.46099692568951495	0.9086811518557938	0.6948782829072585	0.7728525752795836	1.3292168077143727	1.217141285029249	0.9463694324066942	0.9108197426311836	0.5189762883356943	0.695464392101625	0.5062560938608427	0.8351035931683767	0.996070161403015	0.8678450664544737	0.9920710674112372	0.8640197347445052
1.495762068786195	1.9397604416294756	1.0954677682405423	1.8511889256895147	-31.13551004786631	1.7183430069144126	1.3914396047314659	1.51352729050059	2.3044471674283105	2.1541265525200965	1.7736064373530738	1.721495956938179	1.101135904312579	1.3923709503322665	1.079207904543112	1.6085506056287724	1.845544583291281	1.6577295805202912	1.8397943082550894	1.6520109902510605
0.8422702039946455	1.1632988868483172	0.5764386570277387	1.0972411518557934	0.5167110069144126	-17.565151197358162	0.7707011332060737	0.8546111994722139	1.444934726240764	1.327032796234511	1.0401791180650937	1.0022817327994022	0.5800313563501273	0.7713331678641824	0.5661611494562641	0.9213610741130963	1.093064260340047	0.9563880447751374	1.0888130561698148	0.952298475630528
1.0853427677836816	1.4595035478522886	0.7639653243676797	1.3835482829072583	0.6899176047314663	1.2708111332060734	-22.65487460393694	1.0999800098401484	1.7783287779250334	1.6457813366580276	1.3175319898326041	1.2734697659621514	0.7683953278642546	1.000757191016355	0.7512778427474414	1.1787692115802217	1.3787289446973825	1.2198668129430028	1.373821787555417	1.2150769444664549
0.9862535712250706	1.3399945299845895	0.6866553569164482	1.2678125752795835	0.61829529050059	1.1610111994722139	0.9062700098401486	-20.58739978720522	1.6447681439011073	1.5177303596463083	1.2052220516483225	1.1635250536539945	0.6907537367189917	0.906978381710955	0.6749229481527834	1.0741309196396107	1.2632386464848688	1.1128874855685562	1.258582118916514	1.1083674079445633
0.5419076985239013	0.7803892353077316	0.35555434135178915	0.7302268077143725	0.31526516742831046	0.6573847262407637	0.4906687779250332	0.5508181439011073	-11.170837916122334	0.9069718296330993	0.6873349931926142	0.6590799237293307	0.35799745240134734	0.49111797104235916	0.3485775833394874	0.5993848485199327	0.7270731840766083	0.6251161823193814	0.7238657023869919	0.6221033470881713
0.6062805867254889	0.8643546600642283	0.4017747302692121	0.8103612850292486	0.35715455252009654	0.7316927962345109	0.5503313366580276	0.6159903596463083	1.0991818296330995	-12.55357448951771	0.7640777159843851	0.7335272894099812	0.4044753365591924	0.5508226890044169	0.3940594809192531	0.6688154137873544	0.8069619949070699	0.6967377432153193	0.803504054580594	0.6934706343699211
0.8075314342621355	1.1200720286711896	0.5502434223393762	1.0556194324066939	0.4926644373530742	0.9608691180650937	0.7381119898326041	0.8195120516483223	1.3955749931926145	1.280107715984385	-16.83234572506413	0.9630905868518038	0.553709804023367	0.7387245843820844	0.5403290677260361	0.884362999476235	1.0515463453535072	0.9184264207000291	1.0474010797612197	0.9144482130343602
0.8402448322812115	1.160785341318117	0.5749070407976289	1.0948197426311834	0.5153039569381787	0.9977217327993866	0.7687997659621514	0.8525650536539946	1.4420699237293306	1.3243072894099812	1.0378405868518035	-17.522467903740996	0.5784924219658212	0.7694306785060246	0.5646505753765664	0.9192055342384801	1.0906488124633507	0.954177041397639	1.0864036925615606	0.9500938808585864
1.3731876019188431	1.7985331881427817	0.9946794696153974	1.7132872883356942	0.9052549043125789	1.5857823563501274	1.2740363278642546	1.3901047367189918	2.151298452401347	2.0055663365591925	1.6387708040233673	1.5888034219658211	-28.61462852601918	1.2749200266077083	0.9794235951314373	1.4807454512414604	1.7078610977803164	1.5277546262804127	1.7023338506264398	1.522284990143007
1.084544086733388	1.458546548298961	0.7633376436282544	1.382620392101625	0.6893349503322665	1.2699291678641822	0.9992431910162596	1.0991743817109554	1.777263971042359	1.644758689004417	1.3166305843820847	1.2725866785060247	0.7677650266077081	-22.638246699419803	0.7506577120047712	1.1779273154894678	1.3778029493820025	1.2190067283124006	1.3728977283402493	1.2142189546624231
1.3986142980984355	1.8279696225498387	1.0154684443236295	1.7420060938608426	0.9247659045431122	1.613351149456264	1.2983578427474416	1.4157129481527837	2.1833175833394876	2.036589480919253	1.6668290677260362	1.6164005753765667	1.0208625951314403	1.299251712004771	-29.13829302796814	1.5072928577830955	1.7365328709167298	1.554767766657187	1.7309575454694865	1.549244668911733
0.916280300239417	1.2546008209587916	0.6327682552320515	1.1852935931683768	0.5685486056287727	1.082991074113096	0.8402892115802219	0.9293609196396112	1.5485648485199326	1.4257854137873545	1.1253029994762351	1.0853955342384805	0.6366244512414605	0.8409613154894681	0.6217328577830955	-19.121520262433066	1.180906229574399	1.0369952611798123	1.1764401852245954	1.0326783853578958
0.7646253289742453	1.0663349068173187	0.5181120853962762	1.003940161403	0.46322258329128085	0.9123742603400466	0.6979289446973825	0.7761486464848686	1.333933184076608	1.2216119949070698	0.9501663453535076	0.9145188124633504	0.5214200977803164	0.6985169493820027	0.5086528709167295	0.8385862295743984	-15.925092792015128	0.8714226670673907	0.995990373402561	0.867586349686776
0.8822720745810172	1.21277697402355	0.6067975645708875	1.1449350664544737	0.5446275805202911	1.0449180447751378	0.8082868129430029	0.8950174855685558	1.5011961823193813	1.3806077432153196	1.0862664207000294	1.0472670413976395	0.6105336262804126	0.8089407283124007	0.5961077666571871	0.9638952611798123	1.1406426670673908	-18.407148541296504	1.1362735646037372	0.9957859361262772
0.7679627362534808	1.0705289691258584	0.5206024258152957	1.0079710674112359	0.46550230825508915	0.9161530561698147	0.7010517875554172	0.779522118916514	1.338755702386992	1.2261840545805944	0.9540510797612194	0.9183036925615607	0.5239228506264396	0.7016417283402493	0.5111075454694864	0.8421501852245956	1.004020373402561	0.8750835646037374	-15.995751279803375	0.8712360333432356
0.8861533454845923	1.2175612243552663	0.609754136900791	1.149549734744505	0.5473489902510605	1.0492684756305284	0.8119369444664548	0.8989374079445629	1.5066233470881714	1.385780634369921	1.0907282130343599	1.0516238808585852	0.6135039901430072	0.8125929546624232	0.5990246689117327	0.9680183853578944	1.145246349686776	1.0042259361262889	1.1408660333432354	-18.488744653360158