-20.6190360733078	1.1417216199104412	1.20666352555582	0.5293262358798084	0.6435347895393386	0.3136712742198216	1.2200901327796452	1.0274242024378648	1.2998293226647701	1.085378121124654	1.3603646326320045	1.128866259746708	1.0902703877885416	1.2608731173132837	1.3218488416197403	1.2457361606958717	1.2413001898901002	1.2323476344746125	1.2314323978971797	1.0383572271375952
0.8705216199104409	-17.92986657798899	1.0596742570962094	0.4492122616858795	0.5500429794215486	0.2618728301086271	1.0720373746138447	0.8954933759555964	1.145635256153077	0.9483978336014691	1.2017015859275375	0.9882121846941927	0.9528719469660397	1.1096424362782622	1.1660103004519435	1.0956758682858938	1.0915849181687969	1.083331495821985	1.0824879461910153	0.9054601066566266
0.8183985255558199	0.9426092570962096	-16.841998273287935	0.41777002160746374	0.5130847241065272	0.241880860284772	1.0119008386665609	0.8423195485297327	1.0828208892727784	0.8930536208780071	1.1369296087100085	0.9312829603198517	0.8973475791770092	1.0481219867189415	1.1024764643189966	1.0346655383635028	1.03072486880515	1.0227758304074805	1.0219634809849987	0.851871669484124
1.6905022358798085	1.8815882616858794	1.9672110216074634	-34.734647451297405	1.1774109097032828	0.6396715308920967	1.984773268804988	1.7279633418613531	2.088138416086453	1.80634636656589	2.165595927143467	1.8645014722984348	1.8129163122336729	2.0378360833693434	2.116411096446453	2.0181902137579666	2.012422035536735	2.000765733944195	1.9995729431994316	1.7428302802804925
1.4686737895393387	1.6463819794215486	1.726488724106527	0.8413739097032829	-30.23219383491781	0.526000078098947	1.7429542040607187	1.5033908021500813	1.840094133164797	1.5762264456928086	1.9131351879442782	1.63043025463946	1.5823430919570147	1.7927728140232855	1.8667306936954124	1.7743159967178657	1.7688996160130002	1.7579579670855174	1.7568385901943298	1.5171855567095933
2.3105792742198212	2.529980830108627	2.6270538602847715	1.4754035308920965	1.6977690780989467	-47.223343517009894	2.6468772266351848	2.353911822849082	2.7629787171659723	2.4440644432089464	2.849371322264702	2.5105216096453087	2.4515902392724036	2.706598167737161	2.7945712311174398	2.684517227009752	2.678027437831007	2.664903599191193	2.663559929299564	2.37106397017791
0.8081171327796451	0.9312643746138447	0.9881928386665566	0.411624268804988	0.5058422040607184	0.2379962266351844	-16.627022191430303	0.831826345742765	1.0703767927399124	0.8821223949371242	1.1240877011960944	0.9200314160102263	0.8863799637801543	1.0359405214306456	1.0898862281084012	1.0225875465188592	1.018677352830482	1.0107900312871514	1.0099840072491024	0.841294844038448
0.9730682024378636	1.1123373759555961	1.1762285485297326	0.5124313418613529	0.6238958021500812	0.3026478228490821	1.1894433457427651	-20.061129675333255	1.2679615279432248	1.056941905036044	1.327610602802503	1.0996952827033388	1.0617504752590288	1.2295940466089645	1.2896547103595213	1.214689839118724	1.2103225059220997	1.2015090694847557	1.2006081003929667	1.0107391701756063
0.7502573226647701	0.8672632561530774	0.9215138892727782	0.37739041608645346	0.465383133164797	0.21649871716597247	0.9327777927399133	0.7727455279432247	-15.414673587828482	0.8205131778091471	1.051396453999441	0.8565703629025814	0.8245604924531607	0.9670896477849158	1.0186596363800005	0.9543374165377956	0.9506041105493406	0.9430749378710754	0.9423056155524049	0.7817316807976316
0.9192211211246547	1.0534408336014693	1.115161620878007	0.47901336656589016	0.5849304456928086	0.2809994432089466	1.1279383949371244	0.9451409050360454	1.203928177809147	-18.94342862512618	1.261738481441145	1.0412387497669333	1.004636142536801	1.1667805108547897	1.2249446270433209	1.1523581832242538	1.1481329164718976	1.1396073737301249	1.1387359256697567	0.9554814055330663
0.7097026326320044	0.8222395859275377	0.8745326087100085	0.3537579271434674	0.437334187944278	0.20180132226470246	0.8853987011960944	0.7313046028025032	0.9503064539994417	0.7772334814411447	-14.562211660305966	0.8119408430201369	0.7811276706073813	0.9185165858368963	0.9683413100339174	0.9062049934536702	0.9026013801704579	0.8953347264243742	0.8945923005122726	0.7399403461856763
0.8813352597467078	1.0118811846941895	1.0720169603198522	0.45579447229843484	0.5577602546394604	0.2660826096453089	1.0844734160102267	0.9065202827033391	1.1586113629025814	0.9598647497669319	1.2150718430201368	-18.155157579466902	0.9643753555600645	1.1223577159645757	1.1791313318947718	1.1082882513628647	1.1041669808169163	1.0958521362453004	1.0950022899015939	0.9165711219736429
0.9148553877885416	1.0486569469660396	1.1101975791770096	0.47632531223367325	0.5817890919570148	0.2792672392724035	1.1229379637801546	0.9406914752590291	1.1987174924531607	0.9953781425367877	1.2563746706073813	1.0364913555600643	-18.85267414285083	1.1616713050117506	1.2196776075465126	1.147289043922914	1.1430755870679317	1.134573973396877	1.133704978803564	0.9509989895100209
0.7778601173132837	0.8978294362782623	0.9533739867189409	0.3936470833693436	0.4846208140232854	0.2266771677371611	0.964900521430646	0.8009370466089644	1.033648647784917	0.8499245108547898	1.086165585836897	0.8868757159645762	0.8540733050117507	-15.993589821336919	1.0527195993431246	0.9869572026788991	0.9831383504312697	0.9754359845011048	0.9746489150893655	0.8101558303603362
0.7351868416197403	0.8505483004519435	0.9040794643189961	0.36857309644645236	0.45492969369541236	0.21100123111743976	0.915197228108401	0.7573487103595214	0.9815696363799996	0.8044396270433205	1.0323413100339163	0.8400003318947716	0.8084306075465125	0.9490705993431237	-15.098161220538426	0.936480168884465	0.9327944906871993	0.9253617315172192	0.9246022877985919	0.7662058632914003
0.7889231606958718	0.9100628682858943	0.9661175383635023	0.4002012137579667	0.4923639967178659	0.23079622700975214	0.9777475465188599	0.8122328391187239	1.0470964165377967	0.8617021832242541	1.1000539934536702	0.8990062513628644	0.8658910439229137	1.0131572026788984	1.0663291688844652	-16.225332380081575	0.9961474600971655	0.9883768842187997	0.987582824783171	0.8215435604491425
0.7922021898901004	0.9136869181687971	0.9698918688051492	0.40214803553673467	0.494662616013	0.23202143783100704	0.9815523528304791	0.8155805059220999	1.0510781105493412	0.8651919164718979	1.1041653801704574	0.9025999808169164	0.8693925870679314	1.0170533504312675	1.0703584906872	1.0038624600971633	-16.293989093792035	0.9922093371576102	0.9914132191885451	0.8249183361563389
0.7988716344746125	0.921055495821985	0.9775648304074808	0.4061137339441953	0.4993429670855174	0.23451959919119336	0.9892870312871479	0.8223890694847552	1.0591709378710752	0.8722883737301244	1.1125207264243744	0.9099071362453005	0.8765129733968772	1.0249729845011044	1.0785477315172194	1.0117138842188016	1.007831337157616	-16.43359200128166	0.9991997136000983	0.831781840922182
0.7995573978971796	0.9218129461910151	0.9783534809849973	0.4065219431994316	0.49982459019432973	0.23477692929956465	0.9900820072490997	0.8230891003929671	1.060002615552404	0.8730179256697563	1.1133793005122723	0.9106582899015945	0.8772449788035637	1.0257869150893668	1.0793892877985918	1.012520824783169	1.0086362191885443	1.0008007136000712	-16.447942972324146	0.8324875060162287
0.9625992271375947	1.1009021066566265	1.1643786694841238	0.5058962802804926	0.6162885567095931	0.29839797017791003	1.1775098440384484	0.9893371701756042	1.2555456807976315	1.045880405533065	1.3148443461856762	1.0883441219736434	1.0506559895100211	1.2174108303603361	1.2771098632914006	1.2025985604491423	1.1982583361563393	1.1894998409221822	1.188604506016229	-19.84406230585606