-38.47242759833707	2.1274008888663762	3.791812336264879	4.20508634888713	4.6376909291793185	3.6568082489775358	0.10718666634000919	2.3436706700721306	1.7462788643547036	1.8156690568386276	3.4361711075753627	1.485941815124878	2.5273112413342234	3.263557435927294	1.645764447382685	1.6722579642404878	7.724170523481113e-6	0.00016795628205717517	0.009246379982083776	0.0003975165367730039
0.3652058888663761	-20.242757628155445	2.2621623151815213	2.6192316729241827	3.0061164706027887	2.1485874549866377	0.026927508398058863	1.1444818904730696	0.7623040671327138	0.8039126001532086	1.9665893888353345	0.6130989695913003	1.2723032829101053	1.827555962603417	0.7033918747703876	0.718762395536498	1.4877935970938588e-6	0.00003341016487568073	0.0020108986062682952	0.00008008862510460137
0.09394733626487962	0.32649231518152155	-7.57403876636601	1.2361559888617502	1.5119389534297334	0.9288280288213594	0.005286890217276423	0.389879841693333	0.23043853964469094	0.24650098200332915	0.8189191998358146	0.1755255729687575	0.44903976602907664	0.7384801496541918	0.20825135010714274	0.21397702387206677	2.403812563043284e-7	5.547749084055995e-6	0.0003576020702222426	0.000013437580522892502
0.06709134888713038	0.24343167292418283	0.7960259888617497	-5.728709492117624	1.2433355623225537	0.7354458133793704	0.003611100236797765	0.2931329996906001	0.16932765580364634	0.1816096937546122	0.6427817759087247	0.12770784949905423	0.34003513788681555	0.5756895881320425	0.15244070765544207	0.1567896820383387	1.5855010667989772e-7	3.6787530620083255e-6	0.00024014959578042157	8.928237614451506e-6
0.04705592917931844	0.17767647060278882	0.6191689534297332	0.790695562322554	-4.17132787023751	0.5689952005697234	0.0024317480477664007	0.21564583141526072	0.12191846423710125	0.13108312538995495	0.4929924098724913	0.09111436190723775	0.25185505198445507	0.4385589270928204	0.10937156880983266	0.11259671660460005	1.0328594534442953e-7	2.408991964712025e-6	0.0001591787041866269	5.857789775451971e-6
0.1048332489775357	0.3588074549866375	1.0747180288213594	1.3214658133793702	1.6076552005697233	-8.263544972597737	0.0059943795623067595	0.42722302370849685	0.2545460765783518	0.2720354641992869	0.8842526232376131	0.19456784293972681	0.4908319215097651	0.7992382365872456	0.23034836241156703	0.23659738728967192	2.759006597686118e-7	6.3558372789717595e-6	0.0004078917247136838	0.00001538437642628055
3.629451666340009	5.3113875083980595	7.225416890217276	7.663871100236799	8.115331748047765	7.080234379562307	-87.56984062822528	5.582189134444713	4.805138483694027	4.900608537839979	6.840430945677248	4.43032578907235	5.804932399451087	6.65029805089621	4.663747219624826	4.70139086466678	0.00019775941748298128	0.00388422444616757	0.15220442353590385	0.008799502656285168
0.30521567007213096	0.8682218904730699	2.0492898416933327	2.3926729996906	2.7678258314152604	1.9407430237084973	0.021469134444713198	-17.95164752005439	0.6540411016517678	0.6912782894390612	1.767569105499497	0.5214981865894696	1.1174731454846116	1.6359674357040033	0.601518127820381	0.615198528178683	1.1479066141762567e-6	0.000025889897048413208	0.0015760046849953992	0.00006216570065173642
0.5043938643547038	1.2826140671327138	2.686418539644691	3.0654376558036467	3.470668464237101	2.5646360765783522	0.04098848369402751	1.4506111016517675	-24.994661188274396	1.0500997035638944	2.3680501436043144	0.8178084211990452	1.5972132484391417	2.216550458076925	0.9285569055632864	0.9472562241976419	2.4229027983841175e-6	0.00005394008514569766	0.0031726009653019298	0.00012886657989813932
0.47520405683862765	1.2256426001532086	2.6039009820033288	2.9791396937546124	3.3812531253899545	2.483545464199287	0.03787853783997876	1.389268289439061	0.9515197035638936	-24.051273876383277	2.289512927366845	0.7756831517424962	1.5324156537757734	2.140212278652509	0.8824787165117055	0.9005384918869469	2.2092484117748563e-6	0.000049266781955204315	0.002910947680412545	0.00011777955426996217
0.1253761075753635	0.4179893888353349	1.2059891998358143	1.4699817759087248	1.7728324098724912	1.125432623237614	0.0073709456772479255	0.4952291054994973	0.29914014360431435	0.31918292736684517	-9.492859660164587	0.2300353526221069	0.5665790930481406	0.9073322422468384	0.2713318325588978	0.27852219756197544	3.4644576893032284e-7	7.95622512998716e-6	0.0005067762838509639	0.000019235758629342994
0.6336768151248783	1.5230289695913004	3.021125572968757	3.4134378494990543	3.829484361907238	2.8942778429397267	0.05579578907235086	1.7076881865894697	1.207428421199045	1.263883151742496	2.6885653526221063	-28.913792681924082	1.8673065849391162	2.5291427122697687	1.1265023834354568	1.1477330807286057	3.4883517316499363e-6	0.00007712399392813575	0.004451241434836509	0.00018375351421692605
0.2624462413342231	0.7696332829101055	1.8820397660290764	2.213165137886816	2.5776250519844552	1.7779419215097654	0.017802399451087084	0.8910631454846117	0.5742332484391415	0.6080156537757735	1.6125090930481403	0.45470658493911603	-16.195722892181454	1.4873632888794086	0.5267299724128423	0.539085976756677	9.279059802446699e-7	0.000021000158547411926	0.0012897079575043533	0.00005049131818408952
0.1442024359272946	0.470395962603417	1.3169901496541918	1.5943295881320423	1.9098389270928204	1.2318582365872461	0.008678050896211473	0.5550674357040032	0.3390804580769252	0.3613222786525091	1.0987722422468384	0.2620527122697689	0.6328732888794085	-10.550401796661799	0.3081497069958112	0.31615562345363396	4.150187154850139e-7	9.506920376815465e-6	0.000601814544263867	0.000022963006321319526
0.5503394473826848	1.3701618747703874	2.810691350107142	3.195010707655442	3.604581568809832	2.686898362411567	0.04605721962482632	1.5445481278203812	1.075016905563287	1.127518716511705	2.4867018325588974	0.8833423834354568	1.6961699724128425	2.3320797069958115	-26.43258636047567	1.019652071978828	2.7788683405609634e-6	0.00006170687718375759	0.0036043524106148896	0.00014727428043680675
0.537782964240488	1.3464823955364984	2.7773670238720665	3.160309682038339	3.5687567166045997	2.654097387289672	0.04465086466678031	1.5191785281786832	1.0546662241976423	1.1065284918869471	2.454842197561975	0.8655230807286055	1.669475976756677	2.301035623453634	0.9806020719788295	-26.044987485587242	2.679161899393644e-6	0.00005953369484022906	0.0034839178136290717	0.00014212592543942
14.441252724170523	16.203441487793597	18.139110240381257	18.579240158550103	19.031880103285946	17.99322027590066	10.919177759417485	16.479701147906617	15.6831324229028	15.781712209248413	17.75204034644577	15.293513488351731	16.70611092790598	17.56060041501872	15.536672778868342	15.5757226791619	-277.3719976641285	3.4650727945395143	7.877256589994757	4.353139114284456
11.098812956282057	12.860873410164876	14.796515547749083	15.236643678753063	15.689282408991964	14.65062635583728	7.580264224446166	13.137125889897048	12.340583940085146	12.439159266781955	14.40944795622513	11.950987123993928	13.363531000158547	14.218009506920376	12.194131706877185	12.23317953369484	0.12247279453951304	-214.45243130785164	4.580963976158826	1.549820030294639
6.576231379982083	8.331190898606268	10.265207602070221	10.70522014959578	11.157779178704187	10.119367891724714	3.196924423535904	8.607016004684995	7.812042600965302	7.910360947680413	9.87828677628385	7.423701241434836	8.833139707957503	9.686941814544262	7.666014352410615	7.704943917813628	0.0029965899947571946	0.04930397615882741	-136.02928300910423	0.10261355495607631
10.147942516536775	11.909820088625105	13.845423437580525	14.285548928237617	14.738185857789775	13.699535384376425	6.634079502656285	12.186062165700651	11.3895588665799	11.488127779554272	13.45835923575863	10.999993753514216	12.412460491318186	13.266922963006323	11.243117274280438	11.28216212592544	0.05943911428445672	0.5987200302946407	3.683173554956077	-197.32863307097574