-18.351718455763773	1.9856819761904914	2.3895402044522354	3.414135638784244	2.5266108887795973	0.3670145007338096	0.0017679954218773996	1.675103774608078	1.1080358303285025	1.6926470410832817	0.7364993260560646	0.009138527791465463	0.12938080899235285	0.7383628095057136	0.9073369235777504	0.6703930725640489	1.5237754324578136e-6	3.362348429648782e-6	0.00006394992867914877	3.0084171788890885e-7
0.4113089761904913	-8.588511335967526	1.2831807501284889	2.0891865160156042	1.3841435750948148	0.12372105028213183	0.00043417508376083586	0.7979098741461083	0.46799060662575437	0.8089398642398118	0.28199180843172894	0.0023432105423828197	0.03850186797715807	0.2828603520031418	0.3643636885431224	0.2516188764655816	3.463467232666945e-7	7.679809993148483e-7	0.000014962073743895337	6.779597667199672e-8
0.293890204452235	0.7619037501284888	-6.332395006648483	1.710899899904297	1.0865430877933642	0.08370062134075495	0.00027116379404825076	0.5966806134143265	0.33702692277381197	0.6055872647812112	0.19740498573684886	0.0014800684072665722	0.025240371967822018	0.19804329651210184	0.2585397391085405	0.17517307225392864	2.1168606216863277e-7	4.700569270586527e-7	9.221204361668376e-6	4.13320861588671e-8
0.12763563878424408	0.3770595160156041	0.5200498999042972	-2.7115340119167666	0.5743988733487905	0.03281455868964907	0.00009170737454395222	0.2838660527463877	0.14862181279643893	0.28875584044413166	0.08244714534721971	0.0005115721655779217	0.009344910135946644	0.08273758058257963	0.11078821142316764	0.07240742054398018	6.853788052609186e-8	1.5264245357561463e-7	3.0371222962374823e-6	1.3311577229966707e-8
0.2625968887795966	0.694502575094815	0.9181790877933637	1.5968848733487904	-5.697737588208998	0.07357606773955032	0.00023279463145800582	0.5406925082716845	0.3018616347413198	0.5489509435396125	0.17529830631822851	0.001274962434674117	0.021982772683963495	0.17587320616871177	0.23052336577624688	0.15529909967156177	1.8053265061846782e-7	4.010570556705505e-7	7.884404125723175e-6	3.522158932434456e-8
2.1214845007338092	3.4525640502821315	3.9338206213407547	5.073784558689649	4.09206006773955	-34.53862373887172	0.008112197349995603	3.062809071471206	2.283938481374833	3.0853851715447265	1.6972821907487736	0.038999928353682385	0.4272203682690495	1.7004492969548126	1.977275768998275	1.583094524666571	7.852798171605128e-6	0.00001721174707900826	0.00031630725944582603	1.568549210009596e-6
8.477037995421878	10.050077175083759	10.57119116379405	11.761861707374546	10.739516794631458	6.728912197349996	-125.64744000334623	9.614562180489786	8.68555010821938	9.640202584097104	7.8948108727412265	2.229832386785861	5.235945200670735	7.8994090112843764	8.285932740613648	7.725910699234422	0.0034801587269288124	0.007217905347759279	0.09522951934188628	0.0007596021374511243
0.536453774608078	1.2336328741461084	1.5536806134143268	2.431716052746388	1.6660565082716845	0.16968907147120654	0.000642180489786674	-10.833433955019641	0.6061128767997219	1.0128823476504285	0.3746830603184186	0.0034297679313682484	0.05440690032940822	0.37578446130673027	0.47821452486832394	0.3360247606529502	5.223368055018828e-7	1.1567605361072302e-6	0.000022398444364236367	1.0247300789063264e-7
0.8992258303285017	1.8335536066257545	2.223866922773812	3.226311812796439	2.35706563474132	0.3206584813748332	0.0014701082193789804	1.535952876799722	-16.79069392445007	1.5526953339545768	0.6556520130223138	0.007649687695132406	0.11088060467896796	0.6573624427343753	0.8131938325634888	0.5950976806688836	1.2525801533257417e-6	2.765872628330946e-6	0.000052790024043284813	2.4699574385971604e-7
0.5283420410832814	1.2190078642398121	1.5369322647812114	2.4109508404441318	1.6486599435396123	0.16661017154472657	0.0006275840971029643	0.9872273476504225	0.597200333954577	-10.69182147525286	0.3686020542594654	0.0033539684604579037	0.05332089700171101	0.3696887354000088	0.4708048415854265	0.3304689748700854	5.098609434466798e-7	1.1292173481944097e-6	0.000021873250460237784	1.0001207513703894e-7
1.3199093260560644	2.4397748084317294	2.8764649857368485	3.9523571453472197	3.0227223063182285	0.5262221907487737	0.0029508727412263145	2.0967430603184187	1.4478720130223135	2.1163170542594654	-23.141808023426194	0.014942028950111326	0.19664167135996793	1.0023067710077154	1.2087613575714695	0.9177043742746496	2.6323391518651866e-6	5.7965181765814316e-6	0.00010910684525561422	5.215794067917244e-7
6.589938527791466	8.157516210542383	8.677930068407267	9.867811572165579	8.846088962434674	4.865329928353683	0.33536238678586106	7.722879767931368	6.797259687695132	7.748458968460457	6.012332028950111	-97.34453175544422	3.437991259459693	6.016884566794114	6.4001178063837525	5.845227766815728	0.0006518905920871824	0.0013842156602766407	0.02122894679876729	0.00013719342182903863
3.3973808089923523	4.880874867977158	5.388890371967823	6.563844910135947	5.553996772683964	1.94075036826905	0.0286752006707352	4.4610569003294085	3.5876906046789676	4.48562589700171	2.8812316713599677	0.12519125945969284	-52.14351354112738	2.885207326779911	3.225312266220241	2.7364485208727856	0.00003192990119548149	0.00006947342048245485	0.0012279327964801038	6.45760950506082e-6
1.3171628095057133	2.436033352003142	2.8724932965121024	3.94803758058258	3.018687206168712	0.524779296954813	0.0029390112843763554	2.0932344613067304	1.4449724427343753	2.112793735400009	0.997696771007708	0.014884566794113286	0.196007326779911	-23.1015290303174	1.2061584645855568	0.9155311484291697	2.6210065770329924e-6	5.771661107953901e-6	0.00010864828204710572	5.193186624909812e-7
1.0987669235777506	2.1301666885431225	2.545619739108541	3.5887182114231684	2.6859673657762473	0.4142357689982754	0.0020927406136483253	1.8082945248683242	1.2134338325634886	1.8265398415854264	0.8167813575714695	0.010747806383752709	0.14874226622024195	0.8187884645855571	-19.85442555883771	0.7454475997232757	1.8234271689466108e-6	4.020901693288458e-6	0.00007622254901458263	3.604175477499619e-7
1.4231730725640486	2.5787718764655816	3.0236030722539278	4.11168742054398	3.1720930996715615	0.5814045246665712	0.003420699234422408	2.2274547606529502	1.5566876806688834	2.247553974870085	1.0870743742746496	0.017207766815726642	0.2212285208727853	1.0895111484291693	1.306797599723275	-24.647807427242633	3.0842935786885976e-6	6.787467675524308e-6	0.00012735197494774284	6.117988119421874e-7
16.17797152377543	17.752343346346724	18.273620211686058	19.464470068537878	18.441984180532646	14.42350785279817	7.7061801587269265	17.316620522336805	16.386781252580153	17.34227550986094	15.594562632339148	9.597821890592085	12.910001929901192	15.599172621006575	15.986541823427165	15.425193084293577	-254.3508659970123	1.481369568044886	4.096132098343458	0.3743157218825039
15.332873362348431	16.907243767981	17.428520470056924	18.619370152642453	17.596884401057057	13.57841721174708	6.864817905347759	16.471521156760534	15.541682765872627	16.497176129217348	14.749465796518177	8.753454215660277	12.064939473420482	14.754075771661109	15.141444020901693	14.580096787467678	0.6362695680448877	-239.04735531918763	3.3159118903413782	0.21319047214074668
12.15523394992868	13.729557962073743	14.250829221204365	15.441673037122298	14.419191884404126	10.401016307259445	3.775129519341886	13.293842398444363	12.364032790024043	13.319496873250461	11.571869106845257	5.595598946798767	8.888397932796481	11.576478648282047	11.963816222549013	11.402517351974948	0.07333209834345969	0.1382118903413788	-184.37864045361826	0.01841431263348957
17.901570300841716	19.475943067795978	19.997220041332085	21.188070013311577	20.16558403522159	16.14710156854921	9.42705960213745	19.040220102473008	18.110380246995746	19.065875100012075	17.318160521579408	11.320907193421828	14.633576457609504	17.322770519318663	17.710140360417547	17.14879061179881	2.0979157218825053	2.781890472140746	5.764814312633489	-286.6179902494729