-36.38477040564305	1.7495370287726237	2.5924895848491896	1.51563769811676	1.2397379881293566	0.8971092722448061	3.485954825172204	1.5078556332351885	1.218681879978371	1.8844921288724672	2.441841290927737	3.016118215354495	1.903116438204888	1.9761629304838546	2.3701426460996182	3.706764872474993	0.6178095376936776	1.5142062633323348	1.725498158727065	1.021614012973422
0.5029790287726233	-21.552077743771942	1.6469097497210272	0.836046481843795	0.6527061093053602	0.4416482468662713	2.4083536173280278	0.8307221530232538	0.6391869871271402	1.097916150409724	1.5255168464328883	1.9997733325866653	1.1116116701260303	1.1657440612742394	1.468560220783214	2.6056823041594397	0.28475467156980283	0.835066476455698	0.9828076691011938	0.5160919668855426
0.2488115848491895	0.5497897497210273	-12.23847064497647	0.44568422109605865	0.3347465298048756	0.21492079799215513	1.5964688069882662	0.44237885219112016	0.3268087990194691	0.6140298673324589	0.9111248668557625	1.2685341639641194	0.6231337557142681	0.6593962749684059	0.8700849820435702	1.7606197887071704	0.13203605702572133	0.4450754640577962	0.5386665763932056	0.2561595062518286
0.6171366981167596	1.1841034818437948	1.8908612210960587	-25.242468737140968	0.7909149209392853	0.5450261057820077	2.695731705742576	0.9939786343446372	0.7753448503738192	1.2929382368191762	1.760204814567466	2.2666562358439912	1.308099902158028	1.3678876953962344	1.698626287431887	2.901090719677578	0.3575834891472287	0.9988919095907497	1.1649118968982781	0.632479931371415
0.7933609881293564	1.4528871093053604	2.2320475298048756	1.2430389209392854	-30.56494857628621	0.7061409801224572	3.0857252283400523	1.2361141687221195	0.9816718604039348	1.5753784857731497	2.0905732012669693	2.634011103152667	1.592358503758133	1.659126267170341	2.0235443238251807	3.2997545981338625	0.4744775491571056	1.2417648925367235	1.4311727954091853	0.8118000703354551
1.1104722722448053	1.9015692468662713	2.771961797992155	1.656890105782008	1.3658809801224572	-39.35462165909752	3.681642197535642	1.6487194499751763	1.3435506132632344	2.0420180403929997	2.61747279682488	3.2045121850292166	2.0613623751188235	2.13714809128993	2.5438051983940078	3.905138261871749	0.6969824573048461	1.655387346401192	1.8764987676924805	1.133609474995647
0.12041682517220384	0.2893736173280276	0.5746088069882663	0.2286947057425757	0.16656422834005202	0.10274119753564229	-6.474186483741514	0.22680464394906424	0.16222586567637648	0.3278828313867362	0.5156067126218916	0.7600911849055318	0.33340345446915076	0.3555454285254578	0.488785353983609	1.1250977813738472	0.06092106502208426	0.22834643538715568	0.282786597872522	0.1242897474613194
0.6214216332351883	1.1908461530232537	1.8996228521911203	1.0060456343446351	0.7960571687221198	0.5489224499751761	2.7059086439490643	-25.376815156827014	0.7804145014863461	1.3000549753822983	1.768659006140486	2.276170683985123	1.3152666763884067	1.3752470434114885	1.7069263839887425	2.9115244097687536	0.3603631338456603	1.0049330851952556	1.1715857983128326	0.6368449234810634
0.8091878799783709	1.4762509871271399	2.260992799019469	1.2643518503738191	1.0185548604039343	0.7206936132632344	3.1182698656763765	1.2573545014863459	-31.024964361642596	1.599816285460737	2.1187023284553006	2.6649035991911934	1.6169385595197663	1.6842507838287037	2.0512598433938045	3.3329234616973604	0.48522494316381937	1.2630644902991486	1.4543372279266158	0.8278864813774556
0.4481041288724669	0.9080861504097235	1.5213198673324588	0.7550512368191762	0.5853674857731492	0.3922670403929997	2.2570328313867356	0.7501009753822983	0.5729222854607372	-19.690275580820447	1.4052673070792558	1.8607456074407038	1.0128848690312058	1.0638798696206042	1.3509569870947817	2.449465218618693	0.2506241845445481	0.7541399868385458	0.8919862852028447	0.46007326351951683
0.2815132909277371	0.6117468464328881	1.0944748668557627	0.49837781456746627	0.37662220126696955	0.24378179682488005	1.7208167126218918	0.49476500614048624	0.3678683284553009	0.6813273070792558	-13.556204207595846	1.3779643912584534	0.6911664938146483	0.7303070803637071	0.9562521816243077	1.89129132626001	0.15086874678448714	0.49771250043912346	0.5996710317120795	0.2896762841663893
0.17624021535449497	0.40645333258666533	0.7723341639641196	0.32527923584399093	0.24051010315266647	0.15127118502921683	1.285751184905532	0.3227266839851227	0.2345195991911933	0.4572556074407038	0.6984143912584533	-9.120242225227372	0.46449676759728925	0.4934391102526579	0.6645407060788744	1.431562299138751	0.09124478636453656	0.32480900811019864	0.39771051812306163	0.18168332684984495
0.44106843820488784	0.8961216701260312	1.5047637557142683	0.7445529021580277	0.576687503758133	0.38595137511882355	2.236893454469151	0.7396526763884067	0.5643845595197663	0.9872248690312067	1.3894464938146482	1.842326767597289	-19.446778117848076	1.0505697189632388	1.3354995167844894	2.4286358611490715	0.2462914193083591	0.7436508499417397	0.8801689934244716	0.4528872923760667
0.4146249304838547	0.8507640612742391	1.4415362749684062	0.7048506953962347	0.543965267170341	0.3622470912899302	2.1595454285254574	0.7001430434114887	0.5322067838287039	0.9387298696206042	1.3290970803637072	1.771779110252658	0.9510797189632372	-18.521021326172374	1.2765699316395303	2.3485495074000693	0.23009697691307487	0.7039840450284209	0.8353802376388381	0.42587127200357705
0.2986246460996181	0.6436002207832139	1.14224498204357	0.5256092874318868	0.3984033238251807	0.25892419839400804	1.782805353983609	0.5218423839887426	0.3892358433938047	0.7158269870947818	1.0450621816243086	1.4329007060788743	0.7260295167844896	0.7665899316395304	-14.227938115306568	1.9562401291997682	0.1608274326887313	0.5249156291667572	0.6310509613958915	0.30720439968980234
0.10066687247499308	0.24614230415943988	0.4981997887071704	0.1934937196775779	0.14003359813386268	0.08567726187174932	0.8845377813738471	0.19186040976875324	0.1363194616973604	0.279755218618693	0.4455213262600098	0.6653422991387512	0.28458586114907153	0.30398950740006925	0.42166012919976814	-5.4657887946472	0.05044448215280768	0.19319272806332194	0.24040782966117505	0.10395821513877758
1.5144115376936773	2.427914671569803	3.372316057025721	2.1526864891472286	1.8174565491571053	1.3802214573048461	4.323061065022084	2.1433991338456604	1.7913209431638193	2.5836141845445475	3.207798746784487	3.8277247863645365	2.604941419308359	2.6882369769130743	3.1289474326887308	4.553144482152807	-49.61039145052133	2.1509788441005995	2.399956472796792	1.5422602009374438
0.6179222633323346	1.185340476455698	1.8924694640577957	1.001108909590707	0.7918578925367237	0.5457403464011915	2.697600435387155	0.9950830851952617	0.7762744902991486	1.2942439868385458	1.7617565004391236	2.268403008110199	1.3094148499417397	1.3692380450284207	1.700149629166757	2.9030067280633216	0.3580928441005997	-25.267119400157153	1.166136252672701	0.6332801925397306
0.5135241587270648	1.017391669101192	1.6703705763932055	0.851438896898278	0.6655757954091851	0.45116176769248045	2.4363505978725217	0.8460457983128326	0.6518572279266156	1.1164002852028443	1.5480250317120796	2.025614518123062	1.1302429934244718	1.1849442376388382	1.4905949613958913	2.634531829661175	0.2913804727967919	0.8504462526727011	-21.90274840331724	0.5268513323560078
0.9786930129734209	1.7197289668855427	2.5569165062518286	1.488059931371415	1.2152560703354554	0.8773254749956473	3.4469067474613198	1.4803579234810635	1.1944594813774556	1.8535402635195168	2.4070832841663896	2.978640326849845	1.8720142923760668	1.9444882720035772	2.335801399689802	3.6671352151387775	0.6027372009374437	1.4866431925397305	1.6959043323560077	-35.80169189471031