-3.234380140160209	0.22100578393515022	0.15977969832768438	0.10081287813087539	0.05541157119220533	0.004992504319604022	0.18975524998282808	0.113269282564331	0.17852447801050939	0.19241237206643028	0.15508957200676343	0.2117760309332836	0.19964713820102428	0.20473604731277084	0.22872425997984128	0.30439475532347826	0.15318156833578825	0.16853229891103588	0.1819562430358428	0.21037840759076187
2.73768478393515	-17.028673341956978	0.7873383542634846	0.5529191198904807	0.34146228813556107	0.04080224743795296	0.8946456148711583	0.6055450213185871	0.8552194222141997	0.903845996492009	0.7699168267522677	0.9695098268008306	0.9286591650067728	0.9459103536408453	1.0251219105124056	1.2557336637991523	0.7627766114559407	0.8193720938015336	0.8673612644332273	0.9648487771954163
3.137008698327685	1.2478883542634847	-21.41302342319569	0.7190726913346034	0.4565210719991014	0.05871904416202739	1.1258096665872865	0.7829542120063527	1.0797663128232924	1.1365251917864019	0.9794231020376301	1.2126960145028158	1.1653712803923846	1.1853812212083683	1.2768036512667817	1.5391096330148435	0.9709768325322817	1.0377222139569775	1.0939677616927235	1.2073064693006472
3.704979878130875	1.6404071198904806	1.3460106913346037	-28.409387927145968	0.6605014150420723	0.09505278804023239	1.4965340277689392	1.0800387494961547	1.4417258642572994	1.509245046351404	1.3211544281325067	1.599138369822265	1.5433820747677522	1.566994206591555	1.6741955640678339	1.9762288627261353	1.3109312565128592	1.3913996277600096	1.458664099632258	1.5928038568207294
4.438751571192205	2.2081232881355612	1.8626320719991016	1.4396744150420724	-38.6650697556021	0.16847458431915435	2.040692799461516	1.53943925210127	1.9762199729249363	2.055588759521443	1.8329164761253125	2.1603539940962277	2.095491532896141	2.1230063573199356	2.2470877378923966	2.590098558257752	1.8206675738156044	1.916659050921452	1.996187861257103	2.153003898322914
7.291522504319604	4.810653247437953	4.368020044162028	3.7774157880402326	3.071664584319154	-87.59715921366248	4.599727992791647	3.9228371786522964	4.516779305728953	4.618749199779986	4.328510892142604	4.75109601218967	4.669447511154033	4.704195770446917	4.858889129740774	5.271820737429705	4.312149575004024	4.439210708959214	4.542579342682884	4.741889688680793
2.9251062499828278	1.113317614871159	0.8839316665872861	0.6277180277689388	0.3927037994615155	0.04854899279164631	-19.030127279346996	0.6855883614733581	0.9574346283664775	1.0099200873396985	0.8650211590416846	1.0805842828319543	1.036650600980721	1.055214768123434	1.1402515706920588	1.3860880541929825	0.8572650701415454	0.9186534973744885	0.9705528448007246	1.0755760025244898
3.5614142825643307	1.537011021318587	1.2538702120063527	0.9240167494961552	0.60424425210127	0.08445217865229684	1.398382361473358	-26.559275160406738	1.3456982865020954	1.4106109868385501	1.230061757128631	1.4971990923843226	1.4434711336703974	1.46621572983542	1.5696341293672313	1.8622678050675534	1.2202742628237717	1.2973870510886814	1.361972359619775	1.4910915084679586
3.000249478010509	1.1602654222141995	0.9242623128232924	0.6592838642572993	0.41460497292493637	0.05197430572895269	1.043808628366477	0.7192782865020958	-19.86064612357781	1.0540132912320426	0.9047581573743092	1.126649931630017	1.0815010970865986	1.100583149626036	1.187910785844591	1.4396819425333005	0.8967563051948526	0.9600539877852393	1.0135052552821895	1.1215049491608688
2.9079883720664297	1.1027429964920086	0.8748721917864016	0.6206540463514039	0.3878247595214426	0.047795199779985434	0.9901450873396959	0.6780419868385501	0.9478642912320426	-18.843171463888766	0.8560972516249571	1.0702120816016178	1.026557008752042	1.045002466202708	1.1295136188436372	1.3739841764981513	0.848397268628046	0.9093495593322651	0.9608939442880217	1.0652351567093572
3.1737585720067636	1.2719068267522677	1.0208631020376282	0.7356564281325065	0.4682454761253123	0.06064989214260455	1.148339159041685	0.8005857571286312	1.1017021573743089	1.1591902516249573	-21.839102138166943	1.2362974963426399	1.18839653106408	1.208652316162554	1.3011575867182252	1.5662338139525354	0.9914350930491169	1.0590997897647807	1.1160886560940346	1.230843232652313
2.7900680309332833	1.0311228268008303	0.8137590145028158	0.5732633698222648	0.35530599409622743	0.04285801218967003	0.9235252828319541	0.6273460923843227	0.8832169316300165	0.9329280816016171	0.7959204963426401	-17.577962686413702	0.9582808100440281	0.975901741266732	1.0567562476882044	1.291681534740033	0.7886078838514003	0.8465462403735272	0.8956330221515195	0.9952410731626138
2.862571138201024	1.0749041650067732	0.8510662803923846	0.6021390747677519	0.3750755328961406	0.04584151115403148	0.9642236009807206	0.6582501336703974	0.9227000970865983	0.9739050087520414	0.8326515310640802	1.0429128100440295	-18.351178533919615	1.018129249803368	1.1012392328332565	1.3420611571667471	0.8251005851395574	0.8848938585063505	0.9354941223094864	1.0380194441448782
2.8316180473127703	1.0561133536408451	0.8350342212083682	0.5897092065915549	0.3665483573199351	0.04454777044691813	0.9467457681234337	0.64495272983542	0.9057401496260359	0.9563084662027088	0.816865316162554	1.0244917412667347	0.9820872498033665	-18.019240014325433	1.0821498030058292	1.3204650032321619	0.8094160675741113	0.8684180656511808	0.9183730797825744	1.0196556175389282
2.695573259979841	0.9752919105124043	0.7664236512667818	0.5368775640678338	0.3305967378923964	0.03920812974077397	0.8717495706920586	0.5883381293672312	0.8330347858445908	0.8807866188436377	0.7493375867182253	0.9453132476882048	0.9051642328332559	0.9221168030058291	-16.592798769286098	1.2271128503393836	0.7423360177782574	0.7978508343379136	0.8449555363770545	0.9407313020004252
2.346934755323478	0.7815946637991525	0.6044206330148435	0.4146018627261351	0.24929855825775163	0.0278307374297047	0.6932770541929826	0.45666280506755325	0.6604969425333008	0.7009481764981513	0.5901048139525353	0.7559295347400327	0.721677157166747	0.7361230032321621	0.8028038503393835	-13.180366134068102	0.5842466478498181	0.6308255191599583	0.670575867951017	0.752013550833394
3.189029568335788	1.2819456114559407	1.029595832532282	0.7426122565128591	0.473175573815604	0.061467575004023896	1.1577620701415454	0.8079772628237719	1.1108793051948522	1.168669268628046	1.0086140930491174	1.2461638838514002	1.1980245851395572	1.2183820675741115	1.3113350177782575	1.577554647849818	-22.017259611060712	1.0680457077135947	1.12534242569362	1.2406828579665226
3.0712422989110357	1.2054030938015334	0.9632032139569774	0.6899426277600094	0.43602905092145194	0.0553907089592142	1.086012497374489	0.7519520510886814	1.0410389877852402	1.0964835593322653	0.9431407897647804	1.1709642403735272	1.1246798585063509	1.1442460656511808	1.2337118343379139	1.4909955191599584	0.9349077077135937	-20.65994275993921	1.0549070632706627	1.16569159127034
2.9767912430358425	1.1455172644332279	0.911573761692723	0.649332099632258	0.40768286125710296	0.05088434268288341	1.030036844800722	0.7086623596197753	0.9866152552821882	1.040152944288021	0.8922546560940346	1.112176022151519	1.0674051223094871	1.0863260797825744	1.1729415363770548	1.4228708679510167	0.88432942569362	0.9470320632706636	-19.59965829741871	1.1070735470639892
2.7982034075907616	1.0359947771954177	0.8179024693006475	0.5764618568207295	0.35748889832291336	0.04318468868079225	0.9280500025244905	0.6307715084679584	0.8876049491608691	0.937484156709357	0.799999232652313	1.0047740731626145	0.9629204441448774	0.9805986175389295	1.0617073020004257	1.297298550833394	0.7926598579665224	0.8508065912703404	0.9000635470639896	-17.663974931407342