-36.67647245305213	1.4224708932722594	2.5354105696101525	1.4547391686317717	2.1267380405516	0.22104530970433353	2.41422824782448	1.5972019474725283	1.718983725182489	1.8515313033912868	2.4459454446768074	2.415368280402421	2.078322664488951	2.1508186627834327	1.533382088241471	1.7631141869061018	2.2765400258378343	2.2173300218151764	2.399783068686545	2.0535188035724783
0.6708178932722592	-26.91175118850126	1.9477462187949508	1.025952702199196	1.588383200299754	0.12937388052453028	1.840012555484445	1.1417815807537357	1.2423388817522847	1.3533070957202604	1.86811903580927	1.841021669044195	1.5465949549234141	1.6092333496510103	1.0896455115193973	1.2791130275656706	1.7187763594000147	1.6670440035595202	1.8272336255620139	1.5252556426653388
0.26071056961015265	0.42469921879495093	-12.290457870155798	0.43847675827061444	0.7651815284175199	0.040114477310940755	0.9276107760521803	0.5014146405440376	0.5579336854553406	0.6222776059586586	0.9463357068909932	0.9282810812210769	0.7391391246543466	0.7782765349044811	0.47279501005260577	0.5790300177841731	0.8481667401507449	0.8149336436282228	0.9191351593393529	0.7259455911154046
0.6516221686317714	0.9744887021991966	1.9100597582706142	-26.30204732811007	1.55447497992061	0.12457195505995776	1.8033697929263979	1.113947447916949	1.2129819354963476	1.3223799407154448	1.8311970609996273	1.8043687953940073	1.5131846417175017	1.5750815938665783	1.0626407239945244	1.2492233167249105	1.683396708720864	1.6322336105904514	1.7907194669384672	1.4921047280258517
0.36540804055159976	0.5787062002997543	1.27855152841752	0.5962619799206101	-16.423037788582008	0.060183813284616396	1.193532665386555	0.6758411226955646	0.7464988561625713	0.8260925003535059	1.2155928259393471	1.1943232062074338	0.9685801252484303	1.0157558900841241	0.6397766973032257	0.7726907539367273	1.0993797434861887	1.0597127006943683	1.1835312900710548	0.9526178485388096
2.7374653097043327	3.39744688052453	4.831234477310941	3.4441089550599573	4.337933813284617	-78.25530559821436	4.6878228564639945	3.6452078823877083	3.811439660332495	3.9872279922006575	4.7255697709919495	4.689182311547592	4.277474395906231	4.367826361139534	3.5560684656889396	3.8705268231549486	4.522080500435473	4.449800652579365	4.670579781833402	4.246308707667695
0.2879782478244803	0.4654155554844449	1.0760607760521808	0.4802367929263981	0.8286126653865549	0.045152856463994785	-13.403864375603527	0.5477933441974675	0.6082639780588986	0.6768979984265001	1.0196925931522824	1.0007051656749684	0.8010335739268478	0.8424693727584845	0.5171031085486093	0.6307905918477362	0.9163048078958635	0.8812205576961424	0.991082167884515	0.7870502213971571
0.5742389474725281	0.8704715807537355	1.7531516405440375	0.8941014479169491	1.414208122695565	0.10582488238770851	1.6510803441974673	-23.786715149947334	1.0924844497557182	1.1950949995503723	1.6776736729000359	1.6520346830688197	1.3750949503451202	1.4337485274894126	0.9522471891658629	1.1264267224845905	1.5366745317682418	1.488012630550142	1.6389979616991337	1.355147865201891
0.5164247251824888	0.7914328817522845	1.6300746854553405	0.8135399354963477	1.3052698561625715	0.0924606603324947	1.5319549780588984	0.9128884497557179	-21.84076545104655	1.0970020434103263	1.55749469616215	1.532871207132485	1.2679865483814734	1.323912488175514	0.868034826236322	1.0320471945094003	1.4222840114794468	1.375739428442065	1.5203570268416373	1.2489898080795894
0.46086230339128664	0.7142910957202605	1.5063086059586586	0.7348279407154449	1.196753500353506	0.08013899220065808	1.4124789984265	0.8273889995503725	0.9088920434103268	-19.90894788963498	1.436877009377854	1.413353958395185	1.1614238754236565	1.214435966762047	0.7855463771449688	0.9389522143173099	1.3079196554464698	1.2636508744839619	1.4014054604132762	1.1434400181432387
0.28056544467680705	0.45439203580927007	1.0556557068909933	0.46893406099962726	0.811542825939347	0.043769770991949765	0.9805625931522854	0.535256672900036	0.5946736961621502	0.6621660093778542	-13.104027713531888	0.9812585637218233	0.7843708175871611	0.8251978546505562	0.5051192952376503	0.616819426687881	0.8979897850899995	0.8633949337900152	0.9717614158505496	0.770596804015932
0.2877082804024206	0.46501466904419514	1.0753210812210776	0.47982579539400727	0.8279932062074343	0.0451023115475925	0.9992951656750573	0.54733768306882	0.6077702071324848	0.6763629583951851	1.018978563721823	-13.392980680539322	0.8004288061045043	0.8418426364210814	0.5166674544352398	0.630283050070445	0.9156404324545225	0.8805738319840842	0.9903815374240893	0.7864530098352585
0.3805046644889507	0.6004299549234138	1.3160211246543463	0.6184836417175017	1.0320921252484294	0.06323639590623105	1.2294655739268479	0.7002399503451204	0.7727275483814734	0.8542748754236564	1.2519328175871611	1.2302708061045045	-16.990156741844217	1.0481797558635955	0.6632046969608012	0.799574536643241	1.1335063800510063	1.0930435872580824	1.2192776655666362	0.9836906407932196
0.35814066278343243	0.56820834965101	1.2602985349044813	0.5855205938665785	0.9844078900841269	0.05872836113953461	1.1760413727584844	0.6640335274894127	0.733793488175514	0.8124269667620474	1.197899854650556	1.1768246364210815	0.9533197558635952	-16.14770467790455	0.6284448033920996	0.7596636210764118	1.0827824288478258	1.0435087660824207	1.1661323855909147	0.9375286783650231
0.6074950882414707	0.9154115115193968	1.8216080100526058	0.9398707239945241	1.4752196973032257	0.11376146568894036	1.7174661085486094	1.049323189165863	1.144706826236322	1.250328377144969	1.7446122952376504	1.7184404544352396	1.4351356969608013	1.4952358033920998	-24.8794547415049	1.1796682439319672	1.6005688944904009	1.5507892578414457	1.7051293437600052	1.4146837535593657
0.4971311869061013	0.7647830275656707	1.5877470177841733	0.7863573167249102	1.2680377539367271	0.08812382315494857	1.4910575918477365	0.8834067224845908	0.9686231945094005	1.0636382143173102	1.516216426687881	1.4919600500704449	1.231409536643241	1.2863586210764117	0.8395722439319669	-21.177214968082836	1.3830940979477584	1.3373108638436602	1.4796346494503043	1.2127526291995987
0.3226280258378339	0.5165173594000143	1.1689547401507447	0.5326017087208643	0.9067977434861892	0.05174850043547421	1.0886428078958639	0.6057255317682415	0.6709310114794467	0.7446766554464698	1.1094577850899996	1.0893884324545224	0.8774123800510065	0.9215484288478262	0.5725438944904009	0.6951650979477584	-14.77920367436757	0.9627527588673513	1.0792115845863821	0.8624992274111811
0.338861021815176	0.5402280035595202	1.211164643628223	0.5568816105904517	0.9425737006943684	0.05491165257936505	1.1290015576961425	0.6325066305501423	0.699829428442065	0.775850874483962	1.1503059337900157	1.1297648319840843	0.9123925872580826	0.9577177660824194	0.5982072578414457	0.7248248638436605	1.0381957588673512	-15.40963376992964	1.1193463197949867	0.897069326428176
0.29142206868654447	0.47052562556201366	1.0854741593393529	0.48547546693846727	0.8365002900710549	0.04579878183340267	1.0089711678845128	0.553599961699134	0.6145550268416371	0.6837134604132763	1.0287804158505496	1.009680537424083	0.8087346655666362	0.8504493855909148	0.5226553437600052	0.6372566494503042	0.9247625845863819	0.8894543197949871	-13.54246527525655	0.7946553639632901
0.3884988035724778	0.6118886426653389	1.3356255911154045	0.6302017280258516	1.048927848538809	0.06486870766769462	1.2482802213971573	0.7130908652018907	0.7865288080795889	0.8690890181432388	1.2709568040159318	1.2490930098352586	1.016488640793221	1.065186678365023	0.6755507535593654	0.8137156291995984	1.151391227411181	1.1105183264281762	1.2379963639632903	-17.2878976679785