-10.344290039196009	0.9543902328883531	1.1291254997028282	1.4502772151674832	0.5927344398693855	0.39786188356912455	0.0011591748675603456	0.5401339886886327	0.5686890110316309	4.552520362581548	0.03349879268366307	0.00006566312918502685	0.0002464391132953054	0.0005848277295661675	0.03793235372757656	0.08430984646872763	3.748186253358224e-10	7.836068612745776e-9	0.0000166647564944363	0.0007436350100688646
1.0470402328883532	-10.765812774166825	1.1799821164094524	1.509308833566425	0.6252127460004295	0.4216417371407771	0.0012585591046975148	0.5703946332242682	0.6001646474493291	4.641604583545548	0.03609528401720929	0.00007148719742289523	0.0002680172531849229	0.0006354883962119857	0.040852508758494	0.09045589907922057	4.0967634941811246e-10	8.560145428961833e-9	0.00001815810629631022	0.000807833059685265
0.8811154997028282	0.8393221164094526	-9.272768634173858	1.2989186817090868	0.5121435450254669	0.3395553191121875	0.000929598421560772	0.4652668257872889	0.49068953927563635	4.315346937095256	0.02739331894654835	0.00005228827620247423	0.00019677556147061176	0.00046801198663635275	0.03105760572277593	0.06970380701099897	2.954014238343381e-10	6.184639245583388e-9	0.000013241292060413523	0.000595516358359986
0.6542372151674836	0.6206188335664254	0.750888681709087	-7.187016271909994	0.3646676574130564	0.23565361400760151	0.0005693761907975345	0.3291668158640041	0.3483797922597901	3.7993812520585464	0.01744624875233539	0.00003156583106944742	0.00011945907425287392	0.0002854234705898538	0.019829051110516673	0.04536961929740375	1.744862859545362e-10	3.6643571194223967e-9	7.957261767758845e-6	0.00036370503642203144
1.561194439869386	1.5010227460004297	1.7286135450254672	2.1291676574130562	-15.339678893222718	0.7064934975437968	0.002723412757960963	0.9227716058464634	0.9648614690043983	5.493633168841074	0.0719802069631985	0.0001591381332175704	0.0005902355195118429	0.0013870020613564597	0.08103750201502108	0.17224432582708651	9.48863159290715e-10	1.972004108051476e-8	0.000040770543422456656	0.001758149188964408
2.0251618835691247	1.956291737140777	2.214865319112187	2.658993614007601	1.3653334975437963	-19.491393704126438	0.0048303305583274	1.2708577467598356	1.3224802074404223	6.142728840060483	0.11842336407160069	0.0002893866982775041	0.0010633079020719227	0.0024789845248118633	0.13267739855411603	0.271708975473087	1.7832847092315204e-9	3.690138909686837e-8	0.00007468600714227642	0.003134386018103741
8.953219174867561	8.860668559104697	9.200999598421559	9.748669376190799	7.98632341275796	7.329590330558329	-96.58931027250202	7.828078402040689	7.915378179413097	13.45412931122685	4.014987136653751	0.138554750654541	0.37412501356833927	0.6653497940581463	4.16066985552551	5.142454999056006	1.8550467885445131e-6	0.000035606125302261904	0.044492840895597636	0.7715820763364863
1.6672439886886328	1.6048546332242684	1.8403868257872888	2.2523168158640035	1.0814216058464632	0.7706677467598357	0.003128402040689675	-16.283821765016636	1.0444033768973748	5.649450515609923	0.0812972706391162	0.00018384708659702006	0.0006804163548956731	0.001596036936981051	0.0914265618600465	0.19269456154392486	1.1046334507023921e-9	2.293398084190991e-8	0.000047180674331609356	0.0020219551636491777
1.608269011031631	1.547094647449329	1.7782795392756363	2.18399979225979	1.0359814690043967	0.7347602074404226	0.0028981794130980313	0.9568733768973745	-15.758528584003477	5.5634394158433045	0.07602734875583804	0.00016977928654192563	0.000629101896552111	0.0014771505270275843	0.08555228969565183	0.18116178160982682	1.0157787917748791e-9	2.1101123386884682e-8	0.00004352953878677689	0.0018719419613665196
0.05047036258154927	0.04690458354554892	0.0613069370952564	0.09337125205854631	0.02312316884107434	0.013378840060482969	0.00001931122685039397	0.02029051560992291	0.021809415843304782	-0.3341922840533659	0.0007001139961136969	9.982148914909697e-7	3.8840616594148e-6	9.48652574802576e-6	0.0008038022031792315	0.001987195522291863	4.906026493444331e-12	1.0485949207642115e-10	2.4584795791697494e-7	0.000012170709222481465
5.048918792683663	4.958865284017209	5.290823318946548	5.828906248752335	4.118940206963198	3.5065433640716	0.07834713665375032	3.969607270639116	4.051867348755838	9.518170113996112	-49.27349601658834	0.005808173693035643	0.019762928055688765	0.04304270325394334	1.079217367527981	1.6998651078177203	4.512284942979833e-8	9.086283514173488e-7	0.001586627681545993	0.05322306932785338
12.126425663129183	12.033781487197423	12.3744222882762	12.922431565831069	11.158059138133215	10.499349386698277	3.31285475065454	10.999433847086598	11.08694977928654	16.628410998214893	7.116748173693036	-143.66681389811095	1.8942881547970176	2.6462233329444214	7.270484405952181	8.28784920951198	0.000035537263800412343	0.0006401237196456642	0.4343391314422687	2.874086924278652
10.676706439113293	10.584078017253184	10.924666775561471	11.472619459074254	9.70859023551951	9.050223307902073	2.098525013568339	9.550030416354895	9.637509101896551	15.178513884061656	5.680802928055689	0.44438815479701793	-121.13738471345505	1.5544664653250684	5.83288777698488	6.843213325682941	9.281590608648349e-6	0.0001727991645035291	0.16447673917794584	1.7355045923711458
9.718844827729567	9.626245488396213	9.966738011986637	10.514585423470589	8.751187002061357	8.09343898452481	1.4315497940581459	8.59274603693698	8.680157150527029	14.220319486525748	4.745882703253944	0.23812333294442214	0.5962664653250686	-107.18664589763635	4.895343863643417	5.894171535639701	3.7997596170462586e-6	0.00007202074897409947	0.08088287407327757	1.1400870960308698
4.898892353727575	4.809162508758494	5.140027605722775	5.6768290511105155	3.97353750201502	3.3663373985541156	0.06956985552550958	3.825276561860046	3.9069322896956513	9.363813802203179	0.9247573675279814	0.005084405952180565	0.01738777698488025	0.038043863643416095	-47.65962238298774	1.595472082524178	3.896480198833146e-8	7.857723809702105e-7	0.0013839336450736962	0.04711319879996101
3.924909846468729	3.838405899079222	4.158313807011	4.682009619297404	3.044384325827087	2.485008975473088	0.0309949990560068	2.906184561543926	2.982181781609828	8.344637195522292	0.5250451078177217	0.0020892095119836554	0.007353325682942191	0.016511535639701282	0.5751120825241792	-37.54432280760892	1.4759905727961333e-8	3.003620777958612e-7	0.000556961567906131	0.02062325885391556
24.92026000037482	24.827610000409674	25.1682700002954	25.716300000174485	23.951800000948865	23.292960001783285	15.968201855046788	23.793150001104635	23.88068000101578	29.422310000004906	19.904840045122853	12.7939355372638	14.24380928159061	15.202003799759616	20.059300038964803	21.079660014759902	-374.31717535607663	3.3147428938287407	11.307138926476561	15.47020295715111
21.74386000783607	21.651210008560145	21.991870006184637	22.53990000366436	20.775400019720042	20.116560036901387	12.7918356061253	20.61675002293398	20.70428002110112	26.245910000104857	16.728440908628347	9.618140123719645	11.067572799164502	12.025672020748974	16.88290078577238	17.903260300362074	0.1383428938287397	-313.96875615636117	8.13299428449179	12.293856306512772
13.613276664756494	13.520628158106298	13.861283241292064	14.40930795726177	12.644840770543421	11.986034686007145	4.7056928408955985	12.486197180674333	12.573723529538789	18.115310245847958	8.599426627681547	1.921239131442271	3.101276739177947	3.975882874073279	8.753683933645075	9.773216961567908	0.00013892647656430475	0.002394284491794116	-168.2725481366028	4.22899338312259
9.45080363501007	9.358217833059685	9.698665516358359	10.24646370503642	8.483358149188964	7.825894386018104	1.2695820763364856	8.324971955163647	8.412351941961367	13.95212217070922	4.487863069327854	0.19778692427865296	0.5091045923711459	0.87188709603087	4.636213198799962	5.630083258853913	2.957151109503076e-6	0.00005630651277424262	0.06579338312258877	-103.42122215529119