-34.14470193367643	1.46731700118505	1.7035754608766642	1.9963077005166907	2.073326471065047	0.532478685237906	3.5063572377410526	1.6688334376837757	1.444841066054875	1.9113667781951535	2.8054734274662465	2.4929422661314655	1.488482480407625	2.318158900057559	0.9133576917695087	1.1795842195913941	1.8775169929853472	1.5216777838491187	1.5359906142370472	1.7071137186249066
0.6443170011850501	-24.05903888503064	1.189219059662104	1.4312159316615323	1.4961557142095676	0.3183786996537681	2.778666724234528	1.16103654138705	0.9823061051695633	1.36019105543586	2.1359464552409357	1.8582322687015296	1.0167125786443698	1.705798470784674	0.581435661953373	0.7778424724715017	1.3320658190040056	1.0430212892663848	1.0544010838878615	1.1920959524769794
0.5233594608766643	0.832003059662104	-20.312174423995735	1.2180891132367	1.2771718123672826	0.2508948033842619	2.4804315065047393	0.9748297901811428	0.8164181874763092	1.1537316611877573	1.869844719064985	1.6104049909896627	0.8467438874118863	1.4693660958417494	0.4699217301507939	0.6380215029885962	1.1283246304756338	0.8699881236843435	0.8800571468787536	1.002572201632366
0.40764170051669096	0.6655499316615321	0.8096391132367	-16.506588628159363	1.0521563925051831	0.18915525663333305	2.1558823255096806	0.7879021263652414	0.6523057508274741	0.9434624033755123	1.5870533395520252	1.3504734768316948	0.6780967154095574	1.2233928743033582	0.3640231093698356	0.5023251986909009	0.9212238864232779	0.6979200148106705	0.7065217045225632	0.8118633076141303
0.3821004710650473	0.6279297142095678	0.7661618123672826	0.949596392505183	-15.630642869764907	0.1759236672736164	2.0774673451022743	0.745272426875783	0.6152532952511649	0.8950267605155323	1.5199093701262143	1.2893396255968002	0.6399433890123889	1.1658766237074611	0.34076386580488593	0.47208466134763954	0.8735823547256242	0.6589336961054704	0.6671774303992809	0.7682999677736874
1.6836626852379062	2.292562699653768	2.5822948033842614	2.929005256633333	3.0183336672736165	-51.27951395950758	4.588114909314694	2.540298805223305	2.264457231378182	2.829627757194027	3.83800536032093	3.4938303741965275	2.318937471135087	3.2978768613302396	1.563904565158363	1.924331291787793	2.789759262643359	2.3601274399194296	2.3778226398287443	2.5865608778940214
0.11844123774105275	0.2137507242345278	0.2727315065047392	0.35663232550968044	0.38077734510227423	0.04901490931469465	-5.367795520836628	0.2635801220482027	0.20853043499090396	0.3310166671671909	0.655889270660394	0.528148767026599	0.2187277092957571	0.4634640441871485	0.10369884051844619	0.15184776154635216	0.32110121055212637	0.22665345808980683	0.23011625719132664	0.27367292915540514
0.5393874376837757	0.8545905413870504	1.0255997901811424	1.2471221263652414	1.3070524268757826	0.25966880522330504	2.522050122048203	-20.820881006967326	0.838708107166427	1.1818029416254905	1.9066408150604037	1.6444980154267277	0.8696098568464367	1.5017872350539467	0.48465253361607774	0.6566604299215696	1.156004779849185	0.8932874786221824	0.9035420835764572	1.0282154804379176
0.6574400660548747	1.0179051051695676	1.2092331874763091	1.453570750827474	1.5190782952511646	0.325872231378182	2.809045434990904	1.180753107166427	-24.45377856525189	1.3818968412929475	2.1633541038926083	1.8839179852905015	1.0348148809457338	1.730399135796345	0.5935801853998048	0.7929013273126974	1.3535061736856409	1.0614295641145406	1.0729400438759835	1.2121401453301852
0.4379907781951536	0.7098150554358599	0.8605716611877572	1.0587524033755118	1.112876760515532	0.20506775719402678	2.245556667167191	0.8378729416254905	0.6959218412929474	-17.529219002646684	1.6644222459450073	1.42120473524311	0.7229708172442488	1.2901039041752058	0.3917165761853885	0.538115740984552	0.9768661898422455	0.7437448021110976	0.7527547038574587	0.8628934210688974
0.20913742746624708	0.3626104552409361	0.4537247190649848	0.579383339552025	0.6147993701262141	0.09048536032093037	1.4474692706603942	0.43975081506040403	0.35441910389260817	0.5414622459450072	-9.223684950703088	0.8249183361563389	0.37039968253774386	0.7338857277529405	0.1845334239686587	0.26394964548357785	0.5266829395400036	0.3827636887316896	0.38815036244163115	0.4551590367607512
0.26994626613146544	0.45823626870152967	0.5676249909896626	0.7161434768316947	0.7575696255968	0.11965037419652752	1.6930687670265987	0.5509480154267278	0.4483229852905014	0.6715847352431105	1.1982583361563393	-11.58679481571954	0.4676501910265009	0.89562977439487	0.23918445223492113	0.3378560720386823	0.6541595045542655	0.48256812340862165	0.48905803669274706	0.569334819777973
0.6322414804076251	0.983471578644369	1.1707188874118861	1.4105217154095573	1.4749283890123888	0.31151247113508684	2.750402709295757	1.1428148568464362	0.9659748809457329	1.340105817244249	2.1104946825377437	1.834405191026501	-23.693922234401832	1.6829933418409024	0.5702682425716415	0.763967397905818	1.3122294958490157	1.026022887353285	1.0372805719281657	1.1735676370356705
0.3117129000575589	0.5223524707846741	0.6431360958417495	0.8056128743033579	0.850656623707461	0.14024686133023925	1.8449340441871485	0.6247872350539467	0.511354135796345	0.7570339041752056	1.3237757277529405	1.1121797743948705	0.5327883418409025	-13.13442188841948	0.2769019126861798	0.3881348875620345	0.7379987367409535	0.5493091534900791	0.5564901364592798	0.6450160722545525
1.0919556917695081	1.5830336619533734	1.8287357301507938	2.131287109369836	2.210587865804886	0.591318565158363	3.6702128405184458	1.7926965336160778	1.559579185399805	2.0436905761853885	2.959467423968659	2.6407784522349216	1.6051072425716415	2.46194591268618	-36.58742884498817	1.2815789586340647	2.0087401156232247	1.6397011113427507	1.6546074447426895	1.8324044232575658
0.8396392195913942	1.2608974724715019	1.4782925029885963	1.7510461986909007	1.8233656613476397	0.4332022917877931	3.199818761546352	1.4461614299215693	1.2403573273126973	1.6715467409845517	2.5203406454835777	2.2209070720386825	1.280263397905818	2.0546358875620343	0.7630359586340649	-29.739516947132227	1.6399438466607315	1.3106813181906742	1.3238133509575427	1.4815678630561067
0.4507709929853471	0.7283198190040057	0.8817946304756341	1.0831438864232779	1.138062354725624	0.21182926264335958	2.2822712105521266	0.8587047798491854	0.7141611736856408	1.023496189842246	1.6962729395400036	1.4504095045542655	0.7417244958490155	1.3176987367409534	0.40339611562322486	0.5531428466607313	-17.9543051482608	0.7628868055234562	0.7720633517245272	0.8841560518581745
0.6138347838491187	0.9581782892663855	1.142361123684344	1.3787430148106703	1.4423166961054705	0.30110043991942986	2.7067264580898067	1.1148904786221825	0.9409875641145413	1.3092778021110978	2.0712566887316894	1.7977211234086214	0.9744208873532838	1.6479121534900791	0.5532601113427504	0.7427833181906742	1.2817898055234562	-23.133794839774513	1.011068034923467	1.1451660662374459
0.6060926142370474	0.9475030838878616	1.1303751468787535	1.3652897045225632	1.4285054303992808	0.2967406398287444	2.688134257191327	1.1030900835764568	0.9304430438759833	1.2962327038574588	2.0545883624416312	1.7821560366927471	0.9636235719281667	1.63303813645928	0.5461114447426896	0.7338603509575423	1.2689113517245272	0.9890130349234701	-22.89687032490681	1.1331613267812797
0.5217577186249067	0.8297399524769794	0.9974322016323706	1.2151733076141304	1.2741699677736873	0.250020877894022	2.476232929155405	0.972305480437917	0.8141851453301849	1.1509134210688978	1.8661390367607515	1.606974819777973	0.8444526370356705	1.4661060722545525	0.4684504232575659	0.6361568630561067	1.125546051858174	0.8676530662374461	0.8777033267812798	-20.26111329902802