-43.866880271617624	1.7055533836528565	4.763917088358714	1.5148750760314866	2.0971161477862297	0.29960528803069286	1.5621728345746	1.5086903545659096	1.5786588678375422	2.227322615367013	5.052937280123166	2.4431326852903	1.421273226880215	1.8907763661894348	1.1801435251406736	1.5875436012225153	0.48368523836026045	4.393333724625072	5.464621590545277	2.691521377035668
0.522463383652857	-29.103193169367568	3.6443210707952556	0.8639111297576505	1.2938646071276496	0.13113307409385214	0.8972128583924902	0.859579246058948	0.9088920434103267	1.3955324825920326	3.92103605576794	1.5680094754382676	0.7989213071795485	1.1366974926330433	0.6373430103164598	0.9152014663478838	0.22442366418673707	3.2934777604723435	4.3189656275557144	1.7722074135885633
0.04240708835871405	0.1059010707952556	-5.067087638616788	0.08536959536044772	0.15730467708856868	0.007659752835911237	0.0902089091206881	0.08474879734492524	0.09193424475620272	0.17744862990524396	1.1564113843907513	0.2145411587292131	0.07626462768123775	0.1285810356594506	0.05553254304467501	0.0928724274250489	0.014505477610398197	0.8195207723233351	1.4024729074364604	0.26340253875026026
0.6175550760314867	1.1496811297576501	3.909559595360448	-32.34562818596659	1.4687315275244672	0.16131720869730443	1.0367545544314398	0.9952126639965906	1.0496246633239035	1.5779726431614187	4.190145255097957	1.7621443562414325	0.9280195753350371	1.2987474627564797	0.7474785218019273	1.0565732042093747	0.2725559828513698	3.5525834679220094	4.592450458132533	1.978520839333768
0.37456614778622993	0.7544046071276497	3.156264677088569	0.6435015275244673	-23.559466961735147	0.08767631729598427	0.6704609098265584	0.6400034496952548	0.6799438222141541	1.086726325659295	3.4236546209969756	1.2357194982641506	0.5912383433444709	0.8676635052047634	0.4634271950782626	0.6850727486715475	0.1533979720256563	2.819957299749398	3.8108825376764837	1.4149054565052779
2.3661652880306923	3.3807830740938516	6.7957297528359115	3.1251972086973043	3.8767863172959833	-76.89299507668734	3.1896184639357466	3.1167198810820396	3.2119071811277027	4.034906673893715	7.092043526976884	4.291017678092469	2.995503457571914	3.6196615422727803	2.6457293932201793	3.223884494095546	1.4246940042633156	6.413010253695268	7.511613554671952	4.57802333083408
0.5922228345746002	1.1103528583924893	3.8417689091206877	0.9641245544314395	1.4230609098265583	0.15310846393574687	-31.501551206275863	0.9594532805722484	1.0125672078631982	1.5304091260889812	4.121433893149675	1.711670903562257	0.8939281412113413	1.2562954017063919	0.7182547059611584	1.0193532612612908	0.25955307922050563	3.4862572984159512	4.522702086795165	1.9250342901861783
0.6209603545659101	1.1549392460589483	3.9185287973449254	1.0048026639965866	1.4748234496952548	0.16242988108204004	1.0416732805722482	-32.45809352963003	1.0545833631628903	1.5843127089468536	4.199232951416784	1.7688652421509592	0.9325864965144891	1.3044167069933081	0.7514007660373375	1.0615533440517466	0.27431372133673293	3.5613639103923465	4.601671445608404	1.9856351997022654
0.5836788678375422	1.0970020434103265	3.818464244756203	0.9519646633239033	1.4075138222141537	0.1503671811277027	0.9875372078631988	0.9473333631628911	-31.213812057687	1.514204326855855	4.097802263024566	1.6944529639239754	0.8823822794358911	1.2418642804009554	0.7083796996165433	1.0067300303631517	0.2551967574303149	3.46347185154108	4.498701599847426	1.9067646115513248
0.33606161536701334	0.6873614825920323	3.007697629905244	0.5840316431614189	0.9180153256592948	0.07708567389371558	0.6090981260889814	0.5807817089468534	0.617923326855855	-21.97986731608468	3.271559291689686	1.1414256607160977	0.5355380446814405	0.7934359832849849	0.4175431880803385	0.6226982598104803	0.13572400725036865	2.676810860262996	3.6546832122751693	1.3123922755627084
0.03338728012316631	0.08457605576794038	0.8583713843907511	0.06791525509795687	0.12665462099697536	0.005933526976884014	0.07183389314967446	0.06741295141678304	0.07323226302456615	0.14327029168968577	-4.136509677117802	0.17403121205869782	0.06055729565219662	0.10308128336973069	0.04388136105241063	0.07399292997505556	0.011291928076133967	0.696792032474077	1.2254431541918682	0.21485095763324819
0.2812146852903006	0.5891814754382677	2.7741331587292133	0.4975463562414325	0.7963514982641503	0.06253967809246959	0.5197029035622572	0.4946772421509591	0.5275149639239758	0.870768660716098	3.031663212058698	-19.59653331046188	0.45482161882996586	0.6840324381229668	0.3516851644235357	0.5317441677890629	0.1111740873134254	2.452874711039896	3.4073514314343076	1.1575558570408973
0.6715432268802153	1.2322813071795482	4.0480446276812385	1.0756095753350372	1.5640583433444708	0.17921345757191404	1.1141481412113416	1.0705864965144896	1.1276322794358915	1.6770690446814405	4.330377295652197	1.8670096188299659	-34.102556886405836	1.3876343481962183	0.8094964627244209	1.1349100694485423	0.30069432391895934	3.688279125353105	4.734643520568629	2.089325621878207
0.44571636618943516	0.8747274926330432	3.405031035659451	0.7510074627564794	1.1451535052047628	0.10804154227278046	0.7811854017063918	0.7470867069933078	0.7917842804009557	1.2396369832849847	3.6775712833697307	1.4008904381229663	0.692304348196218	-26.31683889693299	0.5475273446023584	0.7975133404561301	0.18696247051162737	3.0607348190894084	4.07073670538124	1.5932273701017143
0.839193525140674	1.4794830103164598	4.4360925430446745	1.3038485218019273	1.8450271950782624	0.23821939322017988	1.347254705961159	1.2981807660373375	1.3624096996165438	1.9678541880803389	4.722481361052411	2.172653164423536	1.218276462724421	1.651637344602359	-39.25594968274151	1.3705824727242895	0.39163837881077523	4.0697942592504175	5.1312646457926485	2.410058045063087
0.5791336012225156	1.089881466347883	3.8059724274250493	0.9454832042093739	1.3992127486715478	0.1489144940955461	0.9808932612612921	0.9408733440517459	0.9933000303631511	1.5055492598104803	4.085132929975056	1.6852521677890626	0.8762300694485426	1.2341633404561305	0.7031224727242891	-31.060090466412653	0.25288530976880236	3.451261734837745	4.485831882273721	1.8969967216807166
1.7950252383602607	2.7188536641867374	6.047355477610398	2.48121598285137	3.1872879720256564	0.6694740042633159	2.540843079220506	2.4733837213367327	2.5615167574303155	3.3383250072503685	6.342181928076134	3.584432087313425	2.3617643239189596	2.943362470511628	2.043928378810775	2.5726353097688026	-63.9510129633444	5.667150992557737	6.760167394786879	3.8621091730643937
0.05751372462507194	0.14074776047234336	1.2052107723233352	0.11408346792200903	0.2066872997493976	0.01063025369526803	0.12038729841595114	0.11327391039234619	0.12263185154107985	0.23225186026299607	1.380522032474077	0.27897271103989596	0.10218912535310462	0.1699748190894082	0.07492425925041657	0.12385173483774502	0.019990992557736748	-6.466050159660975	1.6523142719843165	0.3398920136744755
0.023691590545277554	0.0611256275557139	0.6830529074364606	0.048840458132532544	0.09250253767648327	0.004123554671951242	0.05172208679516481	0.04847144560840365	0.05275159984742547	0.10501421227516913	0.8040631541918684	0.12833943143430765	0.04344352056862868	0.07486670538123996	0.03128464579264708	0.05331188227372102	0.007897394786879085	0.5472042719843165	-3.021296330668463	0.15958930371027247
0.22948137703566823	0.49325741358856295	2.5228725387502604	0.4138008393337681	0.6754154565052777	0.04942333083408114	0.4329442901861787	0.4113251997022652	0.43970461155132534	0.7416132755627086	2.772360957633248	0.8574338570408969	0.377015621878207	0.5762473701017147	0.2889680450630868	0.44336672168071667	0.08872917306439357	2.2136720136744756	3.138479303710273	-17.166111396897108