-40.69034215023608	1.4466646074096479	3.52338692921233	1.5666468740878088	1.567593586101471	0.4054978446968065	3.279241105537922	1.8919289561517543	1.406132247144015	1.7698783618603269	3.387718068542674	2.7134199464150233	1.4662975006629955	1.874442187364643	1.0293465755508644	2.077472652441357	2.0272313461846028	2.8464682651294506	3.342081439020198	3.0688936567221834
0.6563636074096477	-30.170176577888114	2.822525008384366	1.096123476016869	1.0968878145810799	0.2415184249863233	2.5948839234268664	1.3638182537651071	0.9678701578804367	1.2622177195916853	2.695716535260319	2.078232423768715	1.0156260528923164	1.3491799866246788	0.6781932585143942	1.5207413457658556	1.4779671029523216	2.1981835900931026	2.6532333407998783	2.400894555174152
0.11681692921232939	0.20625600838436572	-7.767125919383713	0.23461134851936288	0.23484270735922272	0.03381880567514798	0.8711996202498549	0.32136352218158215	0.19710487180043618	0.2870814830885516	0.9272306080726928	0.6100598735349417	0.21076567202770116	0.3163214451541565	0.12194635162862824	0.3776005016644636	0.36187405662018146	0.6667824769617723	0.9034244587549807	0.7680251784933406
0.5898898740878086	0.9096674760168697	2.664424348519363	-27.932758782140212	1.0007196725600667	0.2124334206585172	2.441658568193445	1.2532785172407899	0.8795525848922093	1.1568702967891775	2.540243555636661	1.939071014126102	0.924328214821453	1.2393684268435783	0.6100398619559927	1.402794222448803	1.361968715467684	2.0553390165432264	2.4986896865741963	2.252421308764274
0.5893975861014711	0.9089928145810802	2.6632167073592226	0.9992806725601023	-27.915870006542608	0.21222136008268813	2.440490082386307	1.252447313225565	0.8788934282522154	1.1560795003853093	2.539057036410585	1.9380147073625127	0.9236461187135718	1.2385428973674788	0.6095348223319386	1.4019051496167092	1.3610948924028596	2.054253437808917	2.4975106273262644	2.25129085226781
2.0025678446968067	2.628889424986324	5.037458805675148	2.7862604206585173	2.787487360082688	-66.23306478170888	4.775919170120105	3.196033392280411	2.574837976474195	3.0448774350320456	4.892522744476361	4.154964656471526	2.6549036989401458	3.174550092926081	2.0461188693735615	3.4207229527302943	3.360443672422819	4.303180397926153	4.843548404779444	4.547777461656254
0.14238110553792194	0.2483249234268665	1.1409096202498545	0.28155556819344474	0.28182608238630724	0.04198917012010469	-9.22157337034975	0.38234667129610544	0.23756684272305542	0.3426647271229714	1.0614389252928753	0.7104111931861359	0.2536203284754008	0.37652180239865574	0.14851004136653406	0.4470634573927798	0.4290107590888726	0.7738106213176187	1.0353622508361409	0.8862592799381049
0.44527995615175414	0.7074702537651074	2.2812845221815823	0.7833865172407901	0.7839943132255653	0.1523143922804113	2.0725576712961056	-22.731758250181077	0.6823305870148606	0.916927547328336	2.1646945960013677	1.609450953003879	0.7197400400491235	0.987969137633628	0.46146933947746943	1.1302289120803686	1.094507759671176	1.7155168981632383	2.1258117400785617	1.8968231135377513
0.6807942471440146	1.0328331578804364	2.878336871800436	1.1309715848922093	1.1317514282522152	0.25242997647419446	2.6490888427230557	1.4036415870148604	-30.97239334278376	1.3002558379641462	2.75066328641299	2.127758788660998	1.0487957460385213	1.388753415288411	0.7032208542375408	1.5630983514656802	1.519659050835337	2.2489411557799546	2.707873570692273	2.453525589226488
0.49424636186032667	0.7768867195916855	2.4180194830885515	0.8579952967891771	0.8586435003853095	0.1721754350320453	2.2038927271229714	1.0879445473283367	0.7499618379641464	-24.55132090385108	2.298505687333275	1.7257710543104456	0.7900156569789595	1.0752256269740819	0.5118270535547101	1.2252636699761892	1.1876609745134445	1.835693658382028	2.2585963284868473	2.0229952841785503
0.1303980685426745	0.22869753526031947	1.0764806080726932	0.25968055563666115	0.25993303641058474	0.03813274447636049	0.9409789252928753	0.3540235960013673	0.2186812864129901	0.3168176873332747	-8.55047045774214	0.6641813468038098	0.23363039103447436	0.34855735043184494	0.13606240476709117	0.41486214809012173	0.3978721600776992	0.7245678261208431	0.9749379328067024	0.8319748541697518
0.22541994641502336	0.3805334237687149	1.528629873534942	0.4278280141261019	0.4282107073625125	0.06989465647152558	1.3592711931861359	0.5680999530038787	0.36509678866099754	0.5134030543104455	1.4335013468038096	-13.472658797026067	0.3881086059863624	0.5601111685463713	0.23460218826044388	0.6559919786206265	0.6316292495430782	1.080127116916692	1.4020713238649947	1.2201282076434103
0.644905500662995	0.9845350528923201	2.7959436720277013	1.0796932148214529	1.0804501187135713	0.23644169894014572	2.5690883284754005	1.3449970400491233	0.9527417460385222	1.244255656978959	2.6695583910344736	2.054716605986362	-29.790362240157727	1.3304791251582702	0.6664514809647647	1.500698386071884	1.4582451107031473	2.1740689164460583	2.6272250373548096	2.3758671568377663
0.4519521873646427	0.716990986624679	2.3004014451541566	0.793635426843578	0.7942488973674786	0.15499009292608087	2.090891802398656	1.0121281376336255	0.691601415288411	0.9283676269740813	2.1833873504318446	1.6256211685463713	0.7293811251582701	-22.983674956535072	0.4683343635381606	1.1433614519099817	1.1073734010076486	1.7322412006205414	2.1443557545937315	1.9144111221531324
0.9712165755508659	1.410364258514394	3.4703863516286284	1.5286668619559927	1.5296008223319384	0.3909188693735615	3.227240041366534	1.8499883394774694	1.3704288542375405	1.7293290535547101	3.3352524047670906	2.6644721882604436	1.4297134809647645	1.8326943635381607	-39.86215450272619	2.0336130388318963	1.9838692104777393	2.796696563594086	3.2898070874251704	3.0178961368752115
0.3807756524413572	0.6143453457658559	2.0874735016644634	0.682854222448803	0.6834041496167093	0.1269559527302944	1.88722645739278	0.8801809120803683	0.5917393514656802	0.8041986699761892	1.9754851480901217	1.4472949786206264	0.6253933860718844	0.8691544519099823	0.3950460388318967	-20.223780523438634	0.9670520023264988	1.5474624520261124	1.9382121474823553	1.7195257024966557
0.39717034618460256	0.6382071029523215	2.138383056620181	0.7086647154676841	0.7092298924028593	0.13331267242281863	1.9358097590888725	0.9110957596711763	0.6149360508353369	0.8332319745134446	2.0251311600776996	1.4895682495430782	0.6495761107031475	0.8998024010076486	0.41193821047773926	1.0336880023264985	-20.874411431507255	1.5913353113123627	1.9874167851267146	1.7659138707730708
0.2022782651294502	0.344294590093103	1.4291624769617723	0.38790601654322626	0.38825943780891664	0.06192039792615244	1.2664806213176187	0.5179758981632381	0.3300891557799548	0.4671356583820277	1.337697826120843	0.9239371169166921	0.3512709164460584	0.5105412006205416	0.21063656359408608	0.5999694520261124	0.5772063113123628	-12.347662501709694	1.3075266033626225	1.1333739932049134
0.1353114390201975	0.23676434079987815	1.10322445875498	0.2686766865741961	0.2689366273262642	0.03970840477944392	0.9654522508361398	0.36569074007856167	0.22644157069227347	0.3274583284868476	1.0254879328067044	0.6833013238649948	0.24184703735480992	0.3600757545937315	0.14116708742517028	0.4281391474823555	0.41070778512671474	0.7449466033626224	-8.827800527268518	0.8544630079026326
0.16885365672218333	0.2911555551741521	1.2745551784933407	0.32913830876427375	0.32944685226780995	0.05066746165625339	1.1230792799381053	0.44343211353775114	0.2788235892264882	0.3985872841785504	1.1892548541697519	0.8080882076434104	0.29721915683776623	0.43686112215313255	0.17598613687521153	0.5161827024966557	0.495934870773071	0.8775239932049135	1.1611930079026327	-10.645983332015454