-3.8445079592006968	0.20183515552084227	0.19674228577532926	0.03254512530303866	0.0334985222509346	0.01153511462467757	0.31259369400613807	0.1431620294907358	0.23204308624563827	0.21775040932679804	0.19964071474294073	0.330742618796145	0.1899838706795857	0.29027683006333244	0.21222224389901065	0.38277145976202454	0.21187044434668814	0.2124093906210976	0.2188025785799528	0.2140823851657868
2.849165155520842	-20.121919651115245	0.9818462009351703	0.2388176724129315	0.24471208264507885	0.09679236942721865	1.3570398103276995	0.7782857811055163	1.1041098920167922	1.0555831587380864	0.9922003840502329	1.4099588849214664	0.9574657076139452	1.2900862638908135	1.0364678029428032	1.5549046728996778	1.0352445757955053	1.037118189456518	1.0591989825085406	1.042922063906407
2.8806022857753297	1.0183762009351718	-20.48002055752091	0.24484377691239623	0.2508658573103366	0.0994890251036555	1.3792856960163737	0.7937475230113387	1.1237104871146217	1.0746236579183732	1.0104813657438387	1.4327049034856467	0.9753164955050546	1.3116741161242147	1.0552826368632724	1.5789356494483304	1.0540448703181133	1.0559407490788382	1.0782818442141775	1.0618134166418227
5.083715125303039	2.6426576724129314	2.612153776912396	-51.48287717143006	1.0179764433672667	0.5005936577699844	3.200752836941324	2.2512877102651934	2.813137312191155	2.73458475080828	2.6295818501891137	3.2778936731857216	2.5707961510773925	3.1013473247853436	2.7032135994116357	3.4833776914552588	2.7011975791223275	2.7042850905958344	2.740491036061459	2.7138338895743996
5.048928522250935	2.6128120826450787	2.5824358573103363	0.9822364433672689	-50.91562727299858	0.48991590662760975	3.168972462948628	2.2232887241584667	2.7826233208069024	2.7043694663669013	2.599790676281949	3.245898137073865	2.541255437420371	3.0698611963065026	2.673121982886708	3.45086097760871	2.671113997271783	2.6741892080546332	2.7102527519398563	2.6837001216720773
6.317165114624677	3.7550923694272185	3.721259025103655	1.7550536577699842	1.780115906627609	-72.74695552779276	4.3624667561165555	3.3146529756420997	3.942847855430192	3.856607067649189	3.7405986180397033	4.444947680577343	3.6752644883132457	4.255711908730631	3.8220375973484724	4.663245261980872	3.8198134739932743	3.823219565696148	3.8631071877717402	3.833749016950157
2.314743694006138	0.7118598103276994	0.6975756960163733	0.15173283694132397	0.15569246294862707	0.058986756116555406	-14.445023337314971	0.5401116060684327	0.7944936978769467	0.7558274744174556	0.7057181298561701	1.0437895959732324	0.6784521507671795	0.9449777287266147	0.7406675811145953	1.1650311489413487	0.7396988601452454	0.741182715649173	0.7586996583761805	0.7457817330456796
3.2724920294907363	1.2602857811055161	1.2392175230113387	0.32944771026519326	0.33718872415846585	0.13835297564209953	1.6672916060684329	-25.162978054558735	1.380356741992934	1.324546235056189	1.2512389444226957	1.7265670121198406	1.2108586267370995	1.5919397611276398	1.3024878506538717	1.8877380463126552	1.301074841787362	1.3032390720578018	1.3287139960697467	1.3099405764791199
2.6779130862456384	0.9026498920167926	0.885720487114622	0.20783731219115506	0.21306332080690232	0.08308785543019269	1.238213697876947	0.696896741992934	-18.21790782698369	0.9545695325045599	0.8953746189248903	1.288332959744473	0.8630064584873971	1.1749353630170625	0.9366997585427035	1.426059277311859	0.9355567453496977	0.9373075204524405	0.9579514094567516	0.942731789516673
2.755900409326798	0.9464031587380861	0.9289136579183731	0.22156475080828003	0.22708946636690103	0.08912706764918844	1.2918274744174554	0.7333662350561889	1.0468495325045604	-19.075159633887324	0.9388879990230541	1.3432373425193147	0.9054376683958308	1.226856803720742	0.9815597600409931	1.4842970587968587	0.9803800174523728	0.9821870398417974	1.003489048405058	0.9877851429054721
2.862610714742941	1.0078403840502288	0.9895913657438383	0.2413818501891135	0.24733067628194916	0.09793861803970376	1.3665381298561705	0.7848789444226961	1.1124746189248902	1.0637079990230551	-20.27475440343533	1.4196716446806852	0.9650811527700616	1.299302497740764	1.0444960048248764	1.5651685528118118	1.0432665516139275	1.0451496996527108	1.06734196486429	1.0509830332016181
2.246555618796145	0.6784418849214663	0.6646579034856464	0.1425366731857213	0.14628113707386478	0.05513068057734389	0.9574525959732324	0.5130500121198406	0.7582759597444729	0.7209003425193148	0.6725146446806852	-13.777231000702713	0.646211664742467	0.9040421066776951	0.7062557299344603	1.1179797047950042	0.7053201160135544	0.7067532680788895	0.7236754965353253	0.7111954608475852
2.9236238706795854	1.0437757076139458	1.0250964955050528	0.25326615107739264	0.2594654374203708	0.10327448831324516	1.4099421507671797	0.8151686267370997	1.1507764584873967	1.100927668395831	1.0357511527700607	1.4640386647424668	-20.97436030529618	1.3414386830648815	1.081279478640621	1.612007313632668	1.080021918138565	1.081948108471672	1.1046435063191289	1.0879144245190158
2.4045668300633323	0.7570462638908131	0.7421041161242146	0.16446732478534387	0.1687211963065022	0.06437190873063105	1.0571177287266147	0.5768997611276399	0.8433553630170624	0.8029968037207419	0.7506224977407641	1.1025191066776951	0.7220886830648817	-15.34436457506771	0.7871603809369506	1.2279798900852605	0.7861481758415965	0.7876986264519799	0.8059963267843682	0.7925035909913162
2.787482243899011	0.9643978029428036	0.9466826368632724	0.22730359941163578	0.23295198288670754	0.09166759734847237	1.3137775811145953	0.7484178506538718	1.0660897585427036	1.018669760040991	0.9567860048248761	1.3657027299344608	0.922899478640621	1.2481303809369508	-19.426995816202446	1.5080906944563703	0.9988054760082782	1.0006351344083508	1.0222019152899253	1.0063031879985485
2.0712324597620246	0.5960356728996775	0.58353664944833	0.12066869145525881	0.1238919776087096	0.04607626198087284	0.851342148941349	0.4468690463126554	0.6686502773118587	0.6346080587968587	0.5906595528118116	0.890627704795004	0.5668283136326681	0.8021508900852606	0.6212916944563703	-12.11956958334792	0.6204413698941605	0.6217438988027801	0.637132929256951	0.6257819850953188
2.7895204443466883	0.9655645757955059	0.9478348703181141	0.22767757912232764	0.2333339972717826	0.09183347399327435	1.315198860145246	0.7493948417873624	1.0673367453496971	1.0198800174523752	0.9579465516139273	1.3671571160135547	0.9240319181385646	1.2495081758415965	1.0011954760082942	1.5096303698941607	-19.449794752996027	1.0018311162997395	1.0234149485985675	1.0075036750052457
2.786399390621097	0.9637781894565178	0.9460707490788384	0.22710509059583428	0.23274920805463298	0.09157956569614759	1.313022715649173	0.7478990720578014	1.0654275204524406	1.0180270398417999	0.9561696996527109	1.3649302680788895	0.9222981084716714	1.2473986264519796	0.9993651344083178	1.50727289880278	0.9981711162997428	-19.414887773332893	1.0215577200102375	1.0056656596522784
2.749982578579953	0.9430489825085401	0.9256018442141777	0.22050103606145932	0.2260027519398561	0.08865718777174043	1.2877296583761806	0.7305639960697468	1.04326140945675	0.9965190484050629	0.9355519648642895	1.339042496535325	0.9021835063191292	1.222886326784368	0.9781219152899221	1.4798519292569512	0.9769449485985686	0.9787477200102394	-19.009531987174846	0.9843326861325854
2.7767623851657866	0.9582720639064065	0.9406334166418227	0.22534388957439958	0.23095012167207726	0.09079901695015663	1.3063117330456797	0.7432905764791199	1.0595417895166732	1.0123151429054698	0.9506930332016176	1.3580624608475853	0.9169544245190161	1.2408935909913161	0.9937231879985465	1.5000009850953187	0.9925336750052536	0.9943556596522757	1.0158326861325866	-19.307269839301103