-4.782486456676684	1.632389655843491	0.0105160806334207	0.09973748593005459	0.0009802310907572219	0.2479048014562937	1.718305746098275e-8	0.03679451089757229	2.5235387713066166	0.2166246535934515	0.009943909105916257	0.000011268589142146176	0.00007135360540855485	0.0033493396212333952	0.000014745750515554239	0.000609630801518395	2.216065502334191e-24	4.476742187077574e-15	8.16577375092943e-11	1.186572694807284e-9
0.5568056558434913	-2.5469104893624093	0.004183911012346027	0.04334561033136843	0.0003736731068588442	0.11526329021689188	6.162458569503375e-9	0.015230729513349375	1.706659175218233	0.0995298474855799	0.003950748062229534	4.1382606479055705e-6	0.000026513542153717345	0.0013007075199412256	5.42333433619428e-6	0.00023105930044568503	7.697860273542742e-25	1.571834820101506e-15	2.898359502531006e-11	4.230922226194058e-10
6.425666080633421	7.494917911012347	-37.40330420927779	2.9784163610743586	0.19108828152379045	4.137025665971351	7.279757733008688e-6	1.9427485830961626	8.676911404931309	3.951982308484251	0.967318964179913	0.0037400883588257004	0.02043446104904269	0.4777903795237713	0.004808091175410358	0.1304477817507262	1.2056888389673509e-21	2.2565120686431223e-12	3.7819425027816194e-8	5.289337048037632e-7
3.7181874859300543	4.737379610331368	0.18171636107435757	-18.701345611496805	0.022162883102786135	1.7655080701688386	5.297816022224831e-7	0.49281084300434935	5.895226830816667	1.6305243630903432	0.17339405168733454	0.00031179352109904926	0.0018607235653950317	0.06760005868856789	0.0004050197887315916	0.014256946829876459	7.75074678415843e-23	1.5041055227542652e-13	2.6286026096475496e-9	3.748667940015874e-8
9.141530231090757	10.216507673106857	2.916488281523789	5.544262883102785	-62.65037634011314	6.799137352587786	0.00009023153252239055	4.303551592887932	11.400957533350631	6.603939632454979	2.859462365079681	0.036924793279194054	0.16943757951061186	1.8538225233557282	0.04653421676133456	0.7577221502133884	1.743961347883215e-20	3.133467469984479e-11	4.98917039216213e-7	6.8013267796198175e-6
2.5969548014562935	3.5398972902168926	0.07092566597135078	0.4961080701688382	0.007637352587786073	-12.585742035941472	1.5979105727166734e-7	0.21599411292368947	4.655693670763852	0.9049235630832423	0.0673936409983517	0.00009828884218036015	0.0006016202753995112	0.02454761330245758	0.00012807317274267404	0.004838100408673341	2.228304032325045e-23	4.389008699125351e-14	7.796047261760645e-10	1.1199015018582703e-8
20.92005001718306	21.99563400616246	14.504907279757733	17.301600529781602	11.779590231532524	18.57100015979106	-224.66953289775347	16.021151765211286	23.180330001986235	18.374410192445843	14.438817741696228	6.892050679188348	8.8855310648293	13.173385036858198	7.1802975145920875	11.248246587543361	1.7337786688590989e-15	2.338496274163706e-6	0.021029805515850826	0.18149794518205387
4.935694510897573	5.9897147295133495	0.42649858309616256	1.7732608430043493	0.06190159288793293	2.7658441129236895	1.7652112868365517e-6	-26.35127417624132	7.164751970284032	2.600456149972811	0.4092615267299607	0.0009840801394723022	0.005680119953593041	0.17525273485658693	0.001273226385454734	0.040698095161363156	2.723892998509541e-22	5.20230428725093e-13	8.929236202144673e-9	1.2629394247379583e-7
0.2632587713066166	0.521963175218233	0.0014814049313077056	0.016496830816666672	0.00012753335063360547	0.04636367076385129	1.9862330620954864e-9	0.005571970284032272	-0.896844578658347	0.03964237375956038	0.0013972125136353516	1.3648700264945332e-6	8.841557534105589e-6	0.00045118050568967267	1.7912522520394227e-6	0.00007845539724829911	2.4010955330871157e-25	4.95828506623826e-16	9.245063832187432e-12	1.3558099925835627e-10
2.762264653593452	3.720753847485581	0.08247230848425098	0.5577143630903435	0.009029632454980438	1.1015135630832433	1.9244584378500244e-7	0.24719614997281159	4.84556237375956	-13.440457482768972	0.07840956418409514	0.00011762910984173065	0.0007174665743754576	0.028820640736153185	0.00015320749726253414	0.005731875849339991	2.7029013737006494e-23	5.311870712096025e-14	9.412470582879675e-10	1.3506535088232198e-8
6.491183909105916	7.5607747480622285	1.0334089641799125	3.036184051687334	0.2001523650796815	4.199583640998351	7.74169622596686e-6	1.9916015267299603	8.742917212513635	4.014009564184094	-37.93465310777115	0.003961099338901905	0.021579266325004176	0.49729092733299907	0.005090509055526209	0.13690697829484438	1.2864316642418763e-21	2.405412386445346e-12	4.027044624253468e-8	5.629136765679765e-7
14.035061268589141	15.110638138260647	7.623640088358824	10.416911793521098	4.931424793279195	11.68609828884218	0.007050679188345413	9.137134080139473	16.295331364870027	11.48952762910984	7.557771099338902	-122.4750708199822	2.3124791724986204	6.3000642861986975	1.1518888932714346	4.41939798609544	2.0983285255355263e-18	3.440033448940065e-9	0.00004785158810814317	0.0006034033921794833
12.03582135360541	13.111360513542154	5.641034461049042	8.419160723565396	3.0646375795106127	9.6873016202754	0.0012310648292978325	7.1425301199535935	14.296038841557534	9.490827466574375	5.576089266325004	0.3131791724986206	-96.1149528759249	4.348714861539524	0.3776900873273276	2.609229637909071	2.9694399931653617e-19	5.070872009755604e-10	7.5194690400248275e-6	0.00009858588642129913
7.750039339621234	8.82357470751994	1.8093303795237718	4.195840058688568	0.45996252335573	5.422187613302458	0.000025036858197925195	3.0230427348565874	10.007421180505691	5.229870640736154	1.7627409273330004	0.011704286198698913	0.05965486153952542	-48.899038501130654	0.014927425067008981	0.3287148034239167	4.449144665861849e-21	8.1686816923986e-12	1.3372534208420906e-7	1.848866662526995e-6
13.745264745750516	14.820839423334336	7.334908091175409	10.12720501978873	4.651234216761335	11.396328073172743	0.005497514592087122	8.847623226385457	16.00553179125225	11.199763207497263	7.2691005090555265	0.862088893271435	2.0871900873273277	6.013487425067009	-118.51039667342437	4.143832698524239	1.5806437527036429e-18	2.6075714902683e-9	0.00003664495364643474	0.0004651029074817217
9.67255963080152	10.747765059300447	3.3872477817507263	6.067756946829878	1.2891221502133898	7.3277381004086735	0.0001465875433598892	4.813748095161363	11.932308455397251	7.132041875849341	3.3276169782948455	0.05629798609544053	0.24542963790907185	2.253974803423916	0.07053269852423978	-68.32429875978275	2.935103711927158e-20	5.227994737276863e-11	8.228390332910757e-7	0.000011149387973591804
58.53595	59.611534	52.1208	54.917500000000004	49.3954	56.1869	37.615899999999996	53.63705	60.79623	55.99031	52.05471	44.5009	46.5002	50.78926	44.7907	48.864000000000004	-915.0498440067847	21.894900006784358	32.0301000000004	34.81750000000003
36.64105000000001	37.716634	30.22590000000226	33.02260000000016	27.50050000003134	34.292000000000044	15.721002338496273	31.742150000000525	38.90133	34.09541000000005	30.159810000002405	22.606000003440037	24.605300000507086	28.894360000008167	22.895800002607572	26.969100000052286	6.784357334608796e-9	-499.04717987682324	10.135601964883678	12.92263156000697
26.505850000081665	27.581434000028988	20.090700037819424	22.887400002628606	17.36530049891704	24.156800000779604	5.606829805515849	21.60695000892924	28.766130000009248	23.960210000941252	20.02461004027045	12.470847851588108	14.470107519469039	18.759160133725345	12.760636644953646	16.833900822839034	3.9360681540904367e-13	0.000401964883676507	-316.81758466916983	2.9703153357892047
23.71845000118657	24.794034000423093	17.303300528933704	20.10000003748668	14.57790680132678	21.369400011199016	2.979897945182051	18.81955012629394	25.97873000013558	21.17281001350653	17.237210562913674	9.684003403392179	11.682798585886419	15.971761848866661	9.97366510290748	14.046511149387971	2.634810955724971e-14	0.00003156000696579653	0.1829153357892027	-269.5929770148245