-42.36524039992101	1.857369459940631	5.022996904892901	1.706627497276345	1.3269012256646437	0.43746435999617117	1.3584948144790094	1.6754515817556375	1.408647152898415	2.3017182393404547	5.428194625769683	2.9136425473082337	1.6021499318142538	2.2700888632865723	1.1987922492102234	2.1613193553603818	0.5577995925732627	2.185687108511796	4.522922714625481	2.4289721752169133
0.45857345994063126	-25.345091776670774	3.6918659865318726	0.8967456247911917	0.6514159443620102	0.17200221280865113	0.6709826735106789	0.8757932697333682	0.7023669904993108	1.3220177053656628	4.079318615359489	1.8034994349443578	0.8270861352180999	1.2982734343663582	0.5737218532688545	1.217551576093052	0.2280182230254478	1.2355087336469337	3.2216039983982356	1.4187459048065674
0.034226904892901644	0.10189198653187244	-3.638270676145106	0.08668238435211292	0.05496508190571327	0.0100894179585298	0.05727248541738627	0.0837331552284159	0.06105276799991453	0.15684506202576792	1.2218110550799366	0.2621290792840233	0.07705322868033875	0.15238935669966666	0.04617466184050696	0.13773206274077696	0.014163906321715315	0.14092765703403995	0.7634433365938667	0.1756870855576198
0.5219774972763455	1.110891624791192	3.8908023843521127	-27.614486034069696	0.7340307502699251	0.20006001542581148	0.7553872477085137	0.977427439061168	0.7895866819321343	1.4534610026310955	4.282116724189464	1.958365438068663	0.9248569693898451	1.4283524359963216	0.6489538893879752	1.342822927864815	0.263805800431583	1.361872754865429	3.414190013524333	1.5555244369029655
0.7317812256646439	1.4550919443620103	4.4486150819057135	1.323560750269925	-34.49891280896888	0.29883763266385405	1.0264593271148734	1.2965641392230607	1.0686421418365073	1.8514968488700143	4.848205865567563	2.4148281531071114	1.2333794215330267	1.8228898437711054	0.8936455249721187	1.7249475873106794	0.38784783411795165	1.7468301550407974	3.9581492740137176	1.9671400576242066
1.9127843599961714	3.0461182128086506	6.47417941795853	2.860030015425811	2.369277632663853	-65.2981104388537	2.411520520988889	2.8209931927871597	2.477996975042967	3.5732482482361223	6.886176427002772	4.261499965568366	2.7284036061474524	3.536622783636491	2.1948578490550914	3.4097130044073323	1.214867229291836	3.438278148779107	5.962120339481863	3.7194225095752413
0.7109148144790097	1.4221986735106789	4.398462485417387	1.2924572477085137	0.9739993271148708	0.2886205209888891	-33.84888819328044	1.2658469341566212	1.0414678137981201	1.8140316529335745	4.797439858887915	2.3725618330998692	1.2035928702374905	1.7857174898425616	0.8695712182441269	1.6888190610900047	0.375143844237453	1.7104627564782395	3.909035975493612	1.928543815561498
0.536291581755638	1.1354292697333683	3.9333431552284157	1.0229174390611706	0.7525241392230608	0.20651319278715982	0.7742669341566215	-28.112535057378608	0.8090729391417951	1.4823139948607233	4.325413849587651	1.9920565909022387	0.9466055338560584	1.4569209759007358	0.6658483473470618	1.370386793798538	0.2719989684206766	1.3896652733047956	3.455479035108158	1.585487043204738
0.6792471528984149	1.3717629904993103	4.320422767999914	1.2448366819321341	0.9343621418365069	0.27327697504296683	0.9596478137981195	1.2188329391417945	-32.849493222436855	1.7563681555172463	4.718399280814208	2.3072480780497187	1.1580387071194091	1.7285185714145126	0.8329315726751405	1.633274287663079	0.3560141738001376	1.6545396953595912	3.832687415054405	1.8690838218202503
0.3159772393404551	0.7350727053656626	3.1598740620257684	0.6523700026310956	0.4608758488700146	0.11218724823612304	0.4758706529335745	0.6357329948607233	0.5000271555172467	-19.758323617540114	3.533858180279208	1.412969185551157	0.5972535341074068	0.9801293831137338	0.4018505311147889	0.9129608470454018	0.1507205152679703	0.9278508118869533	2.7112821580480166	1.0814605613448118
0.02442462576968199	0.0743446153594894	0.8068110550799369	0.0629967241894641	0.039555865567562264	0.0070864270027727405	0.041249858887914624	0.06080384958765031	0.04402928081420895	0.11582918027920751	-2.6260029754098455	0.19704605665290556	0.055846563878697436	0.11243973684020755	0.033120604584982886	0.10132067331226194	0.009985443459899768	0.1037407729235246	0.6051631861852098	0.13020845503426678
0.1915305473082342	0.4801834349443577	2.5287870792840237	0.42090343806866276	0.2878361531071114	0.0640679655683672	0.29802983309986936	0.4091045909022384	0.3145360780497188	0.6765981855511569	2.8787040566529054	-14.018635084568626	0.38198263204042376	0.6615433793152468	0.24811183448198348	0.6110283967090131	0.08730745865683666	0.6221760395571287	2.1173745633191365	0.7388294179522112
0.571749931814254	1.1954821352180998	4.035423228680338	1.0791069693898447	0.7980994215330266	0.22268360614745222	0.8207728702374901	1.0553655338560572	0.8570387071194094	1.5525945341074066	4.429216563878696	2.0736946320404237	-29.325935500920703	1.52653013793244	0.7075635913376609	1.4376215086734545	0.2924705871715662	1.457440819141159	3.554697985707836	1.6583827369340882
0.3243558632865726	0.7513364343663582	3.1954263566996666	0.6672694359963213	0.4722768437711055	0.11556978363649122	0.48756448984256157	0.6503479759007358	0.5121855714145129	1.0201373831137335	3.5704767368402077	1.4379223793152465	0.6111971379324401	-20.109966741624113	0.41206404783605605	0.9319026286265113	0.1551326861328336	0.9470021778667403	2.7451437727592145	1.102655036286804
0.8245022492102243	1.5982278532688545	4.660654661840507	1.4593138893879751	1.114475524972119	0.34524784905509215	1.1428612182441273	1.430718347347062	1.1880415726751414	2.0133015311147893	5.062600604584984	2.595933834481984	1.3636735913376612	1.9835070478360564	-37.31348537856792	1.8813227382399011	0.4452275221385928	1.9041773485655875	4.1661776961626416	2.1335202981046213
0.3550203553603822	0.8100485760930517	3.320203062740777	0.7211739278648149	0.5137685873106793	0.12809400440733312	0.5301000610900044	0.7032477937985376	0.5563752876630794	1.0924028470454012	3.698791673312262	1.526841396709013	0.6617225086734542	1.0713366286265111	0.4493137382399006	-21.36857054980117	0.1714235194205281	1.015831170383858	2.8642808377726903	1.1785945732888952
1.6303495925732634	2.6993642230254475	6.075483906321715	2.5210058004315834	2.0555178341179516	0.8120972292918368	2.0952738442374534	2.4837089684206766	2.157964173800138	3.2090115152679703	6.4863054434599	3.881969458656837	2.3954205871715666	3.1734156861328344	1.8920675221385925	3.050272519420528	-58.614039108102276	3.0779622339531207	5.56553119382392	3.351317375856943
0.34789110851179655	0.7965087336469339	3.29190165703404	0.7087267548654289	0.5041541550407974	0.1251621487791078	0.5202467564782395	0.6910292733047955	0.5461436953595916	1.0757958118869533	3.669714772923525	1.5064920395571288	0.6500448191411592	1.0549391778667414	0.44067134856558743	0.9843341703838571	0.1676162339531208	-21.07975148977704	2.8372194329431273	1.1611593995351028
0.05171271462548172	0.14918999839823546	1.2810033365938667	0.12763001352433326	0.08205927401371699	0.01559033948186363	0.08540597549361173	0.12342903510815773	0.09087741505440503	0.22581315804801638	1.5377231861852099	0.3682765633191363	0.11388798570783572	0.21966677275921465	0.06925769616264106	0.1993698377726904	0.02177119382391921	0.20380543294312692	-5.218158460026682	0.2516885310112202
0.2845071752169141	0.6730769048065671	3.01999208555762	0.5957094369029652	0.41779505762420616	0.09963750957524191	0.4316588155614979	0.5801820432047378	0.4540188218202506	0.9227365613448105	3.3895134550342667	1.316476417952211	0.544317736934088	0.9039230362868035	0.36334529810462074	0.8404285732888952	0.13430237585694188	0.8544903995351025	2.57843353101122	-18.40454523561896