-26.429716670503534	1.393155555850205	1.3374160100479577	1.0206633939008474	1.4063754511976205	2.7049694049710387	1.1937944607798534	1.21137735648168	1.3018439007119909	1.192548030609429	1.7694706929126418	1.348933575738115	1.5776622775040827	1.1866955702153206	1.3170621888406475	1.0988621302661181	1.0428079367083811	1.6004597509501854	1.865743449263966	0.8598755335534535
0.688844555850205	-18.79033778486659	0.9548748789010689	0.7047615314498614	1.010748234407626	2.1362105590442484	0.8400921800756281	0.854025723089402	0.9262426694091347	0.8391057363024287	1.31236910544805	0.9641733449771431	1.151538101398265	0.834476300141037	0.9384759421405028	0.7654589068666457	0.7218765307933167	1.1704835340660715	1.394269215125665	0.5823107353802909
0.7247550100479576	1.0465248789010682	-19.694243804374462	0.741274006772643	1.0576001751277655	2.2070865419695247	0.8814531842466518	0.8958599212693416	0.9704567909157669	0.8804330637293479	1.3674937628046668	1.009590464347715	1.2024605805554298	0.8756452673381498	0.9830815015458022	0.804204263040194	0.7590285861255534	1.221924812760583	1.4513672334698084	0.6140037594064893
0.9796173939008473	1.3680265314498614	1.312889006772643	-25.941172813378625	1.3811067640810484	2.670412590237224	1.1709215920494598	1.1882936701511215	1.2777124831454907	1.1696901975338692	1.740791759851895	1.324280409636458	1.5506865640439618	1.1639084973531892	1.2927604289860386	1.0771698880582714	1.0218478282412253	1.5732705573013894	1.8362848033538235	0.8415018472308097
0.6806444511976206	0.9893282344076293	0.9445301751277652	0.6964217640810484	-18.58298581773085	2.1197932715974463	0.830625304731637	0.8444486289392861	0.9161106441719179	0.829646703644126	1.2996804756758173	0.953760442024247	1.1398366007133698	0.825054143996189	0.928252550861541	0.7566005823494477	0.7133883181229245	1.1586603302514322	1.3811159495043868	0.5750872463330191
0.22697840497103855	0.3625305590442482	0.3417565419695243	0.23346759023722433	0.36753327159744625	-6.345996092884706	0.2906021073753987	0.29668131296218536	0.3287683323124886	0.29017309949177333	0.5163070984730425	0.34600684940219	0.4349799783016663	0.2881621782705414	0.33429920634986615	0.25866171999944904	0.24049992337073942	0.4443251164194303	0.5594372919791685	0.18482551035728445
0.8284074607798533	1.1790161800756278	1.128727184246652	0.8465805920494598	1.1909693047316374	2.4032061073753987	-22.268138148315646	1.0156912227138957	1.0967279071175495	0.998888412181302	1.5228567161092894	1.1391038307623713	1.346701994599621	0.9936704111803683	1.110408548131039	0.9156263003960426	0.8660900250940339	1.3675449032945526	1.6119171225502074	0.7060039249267476
0.8147703564816804	1.161729723089402	1.1119139212693419	0.8327326701511217	1.1735726289392858	2.3780653129621854	0.984471222713893	-21.932306074798902	1.0802239056662268	0.9833712066904824	1.5027151944153452	1.122191658049595	1.3279444352445875	0.9782076395752245	1.0937715378911383	0.9010005646301792	0.8520186500666711	1.3486153344711607	1.591132971284561	0.6938571412068216
0.7488629007119909	1.0775726694091352	1.0301367909157666	0.7657774831454905	1.0888606441719177	2.2537783323124887	0.9091339071175502	0.923849905666227	-20.297411504696743	0.9080917712171351	1.4041108248674123	1.0399173997896585	1.2363622379079076	0.9032004406392798	1.0128798262738132	0.8301728646104751	0.7839520649234399	1.2561623294070647	1.4892555175789748	0.6353335940310159
0.8293850306094287	1.1802537363024286	1.129931063729348	0.8475731975338693	1.1922147036441257	2.4050010994917734	1.0011124121812924	1.0168152066904828	1.0979097712171348	-22.292181076496618	1.5242972448641816	1.1403147504014077	1.3480441818653788	0.9947781211037048	1.1115998812571661	0.9166743624041049	0.8670985651729824	1.3688993180645672	1.6134032845608348	0.7068751454024058
0.4944196929126417	0.74162910544805	0.7051037628046666	0.5067867598518948	0.7503604756758173	1.7192470984730426	0.6131927161092895	0.6242711944153452	0.6820408248674124	0.6124092448641817	-13.766066101499584	0.7126125276568923	0.8658085599343276	0.6087338682015179	0.6918837596635539	0.5542377384094013	0.5201203765576485	0.8814917300354274	1.0692168457004159	0.4124998199180561
0.7171525757381149	1.0367033449771448	0.9904704643477137	0.7335454096364581	1.0477104420242467	2.1922168494021905	0.8727098307623714	0.8870176580495949	0.9611173997896595	0.8716967504014081	1.3558825276568927	-19.503434477324383	1.1917229426597706	0.8669420608853602	0.9736603991254846	0.796008050158795	0.7511659952060977	1.211079225579667	1.4393463638345012	0.6072861870889131
0.5841912775040827	0.8623781013982649	0.8216505805554294	0.5982615640439619	0.8720966007133696	1.9194999783016664	0.7186179945996211	0.7310804352445873	0.7958722379079076	0.7177361818653788	1.1473885599343276	0.8300329426597709	-16.11551817272813	0.7135986414363138	0.8068800536535874	0.6520853366588456	0.6134116177463244	1.01729355406573	1.2229261628995403	0.4905163515394199
0.8339945702153205	1.186086300141037	1.13560526733815	0.8522534973531896	1.1980841439961891	2.4134521782705414	1.0063564111803593	1.0221136395752226	1.10348044063928	1.0052401211036939	1.531083868201518	1.14602206088536	1.354368641436314	-22.405495336622412	1.1172150826796983	0.9216156179560303	0.8718538517678621	1.375281250441231	1.6204043105545427	0.7109840828868723
0.7384311888406475	1.064155942140503	1.0171115015458023	0.7551754289860386	1.0753525508615414	2.2336592063498664	0.8971645481310396	0.9117475378911386	0.987229826273814	0.8961318812571667	1.3883037596635541	1.0268103991254858	1.2217200536535875	0.8912850826796984	-20.03676649781157	0.818940118847176	0.7731691799598986	1.2413760055204612	1.4729034902508378	0.6260987958333106
0.9072531302661183	1.2781609068666455	1.225256263040194	0.9266068880582715	1.2907225823494475	2.545043719999449	1.0894043003960434	1.105998564630179	1.191544864610475	1.0882283624041051	1.6376797384094015	1.236180050158795	1.4539473366588456	1.0827076179560302	1.205962118847176	-24.194516906265978	0.9473666306568886	1.4757343368378821	1.730244462410406	0.7764750317096263
0.9583799367083808	1.3417595307933166	1.2872615861255532	0.9784658282412279	1.3546913181229245	2.6340629233707396	1.147049025094034	1.1641976500666709	1.2525050649234402	1.1458335651729825	1.7107433765576485	1.2985189952060978	1.5224546177463243	1.1401268517678622	1.2673721799598985	1.0545476306568895	-25.4305690197427	1.5448111606831254	1.805403517310589	0.8223842612349945
0.5725987509501855	0.8469335340660716	0.8067248127605829	0.5864555573013894	0.8565303302514319	1.8944551164194303	0.7050709032945526	0.7173613344711606	0.7812823294070647	0.7042013180645672	1.1286817300354273	0.8149992255796669	0.9829035540657288	0.700121250441231	0.7921460055204611	0.6394823368378824	0.6013781606831253	-15.815180980564136	1.2034520020514388	0.4804027283627356
0.4553124492639658	0.6881492151256652	0.6535972334698085	0.4668998033538234	0.6964159495043866	1.6269972919791686	0.5668731225502074	0.5773089712845609	0.6318055175789745	0.5661352845608345	0.9338368457004155	0.6606963638345011	0.8059661628995402	0.5626743105545425	0.6411034902508379	0.511422462410406	0.47940051731058914	0.8208820020514391	-12.724216987461883	0.3787399937782129
1.154578533553454	1.5813247353802908	1.5213677594064892	1.1772508472308099	1.595521246333019	2.9575195103572844	1.3660939249267476	1.3851671412068218	1.483017594031016	1.3647411454024059	1.9822538199180562	1.533770187088913	1.7786903515394197	1.3583880828868724	1.4994327958333105	1.2627870317096264	1.2015152612349946	1.8029667283627357	2.083873993778213	-30.090260690180482