-17.727598163814747	0.9347920793137713	0.9794674811480906	0.7357726481624107	0.795983278138314	0.760806244607583	1.1644851922564978	1.2159670666873188	1.0398301699918504	1.0772628289180617	0.9573054625537251	0.945151013932212	0.9425732202086922	0.9017172866066262	0.766710501157663	1.005766039983958	0.7737018046042194	1.010979894215023	1.0834390118263424	0.6358869395023866
1.068172079313771	-19.026032480306686	1.0467206937995523	0.7910399237812862	0.8544091245170662	0.8174035793499348	1.2395675453903003	1.2930577649540131	1.1097478836409023	1.148777981348578	1.023552045671738	1.0108388796976717	1.0081419780367291	0.9653692337039878	0.8236180099578281	1.0741938142158498	0.8309748765116797	1.0796379990362475	1.1552138086934096	0.6855952586861355
1.0208174811480908	0.9546906937995526	-18.12385972391364	0.7525979799837454	0.8137837448596417	0.7780420439751687	1.1874491915634198	1.239556068282714	1.0611893123238936	1.0991179913565305	0.9775259261650667	0.965198331238176	0.9625836311882651	0.9211340124135097	0.7840420557692708	1.0266628374570546	0.7911462298196938	1.0319481472100756	1.1053748273805921	0.6509992179791807
1.320982648162411	1.2428699237812861	1.2964579799837455	-23.859829882828976	1.0742409867197278	1.0309529169492297	1.5152560373796984	1.575318445161487	1.3683767030614942	1.4127079469814225	1.2699140250826986	1.255323593836651	1.2522261393046656	1.2029900264580267	1.0382352273626716	1.3278582801421117	1.0468495325045597	1.334071169427812	1.4200033286293916	0.875194971899883
1.2362132781383142	1.1612591245170658	1.2126637448596416	0.9292609867197271	-22.23585730636799	0.9587337393451288	1.4232665454108897	1.4812675571687441	1.2817646199280597	1.324420785380681	1.187192178055827	1.1731988277734655	1.1702288322520984	1.1230523103272716	0.9656720253069784	1.242818192779304	0.9738814301210681	1.2487874555663045	1.331444908788556	0.8107307639288712
1.2847362446075832	1.2079535793499347	1.260622043975169	0.9696729169492292	1.0424337393451288	-23.165059792355443	1.4759748337026342	1.5351722177036573	1.331355022958249	1.3749819558667007	1.2345296559372807	1.220190720208999	1.217146959286652	1.1687788048328636	1.0071368980762243	1.2914979473595334	1.0155800820506944	1.2976083176534594	1.3821633223500776	0.8475245301413747
0.851785192256498	0.7934875453903004	0.8333991915634199	0.6173460373796985	0.6703365454108899	0.6393448337026342	-14.912552959642031	1.0467103871527705	0.8875265666607326	0.9212049650804256	0.8135841817460415	0.8027303734308595	0.8004296637008155	0.7640237996992625	0.6445402029296797	0.8569532130742011	0.6506954654369205	0.8616281077391574	0.9267697971540363	0.5300568901336871
0.8112570666873189	0.7549677649540135	0.7934960682827139	0.5853984451614872	0.6363275571687442	0.6065322177036572	0.95470038715277	-14.144768351243016	0.8458050178484283	0.8783842940065819	0.7743632450486331	0.763886947601354	0.7616666121393487	0.7265492142866852	0.611525229786147	0.816250776335371	0.6174416924889156	0.8207685051784523	0.8837698394128798	0.5016774699995145
0.9612001699918503	0.8977378836409025	0.941209312323894	0.7045367030614942	0.7629046199280596	0.7287950229582489	1.1215965666607322	1.1718850178484286	-16.989607221051855	1.0364882834595635	0.919640145548362	0.9078145065617652	0.9053067861653185	0.8655774526605262	0.7345183399865917	0.9668153963476408	0.7412963236227986	0.9718933658038519	1.0425108332302904	0.6078804912515343
0.926522828918062	0.8646579813485777	0.9070279913565307	0.6767579469814224	0.7334507853806813	0.7003119558667006	1.0831649650804258	1.1323542940065818	0.964378283459562	-16.330659854342855	0.8860013678867587	0.8744764767853839	0.8720328347120507	0.8333330078460793	0.7058708043136017	0.9319998944019519	0.712454842223755	0.9369533588364893	1.005881485606948	0.5830287493312909
1.0439454625537261	0.9768120456717384	1.022815926165069	0.7713440250826986	0.833602178055827	0.7972396559372809	1.2129241817460414	1.2657132450486333	1.0849101455483623	1.1233813678867588	-18.564347004215726	0.987482667745221	0.9848275196314624	0.9427269841198258	0.8033449768124398	1.0498776563450716	0.8105732664988716	1.0552411899649932	1.1297263897314505	0.667858119670257
1.0569310139322126	0.989238879697675	1.0356283312381769	0.7818935938366511	0.8447488277734654	0.8080407202089988	1.2272103734308595	1.2803769476013538	1.098224506561765	1.1369964767853842	1.0126226677452175	-18.81177736584148	0.9973223941321734	0.9548603370977381	0.8142046765009929	1.0629113812176345	0.8215020655098367	1.0683183065467048	1.1433903682497044	0.6773554977749342
1.059713220208693	0.9919019780367263	1.0383736311882648	0.7841561393046657	0.8471388322520982	0.8103569592866523	1.2302696637008155	1.2835166121393489	1.1010767861653181	1.1399128347120506	1.015327519631464	1.0026823941321896	-18.864800742254612	0.957460851436563	0.8165334326560227	1.0657038549002458	0.8238455718126747	1.0711200281664668	1.1463171371686691	0.6793932953556784
1.1051772866066263	1.035449233703988	1.0832440124135099	0.821240026458027	0.8862823103272719	0.8483088048328636	1.2801837996992622	1.334719214286685	1.1476674526605264	1.1875330078460793	1.0595469841198262	1.0465403370977389	1.0437808514365625	-19.731773219517944	0.8546875476009979	1.1113330456149286	0.8622380077579131	1.1168979328226907	1.1941045132702837	0.7128388509621622
1.2764005011576631	1.1999280099578284	1.2523820557692706	0.9627152273626703	1.035132025306978	0.9928968980762226	1.4669302029296798	1.5259252297861468	1.3228383399865917	1.3663008043136018	1.22639497681244	1.2121146765009931	1.2090834326560227	1.1609175476009976	-23.005359925259413	1.2831356208983111	1.008403408023747	1.2892220685808977	1.373455538099623	0.8411833614397292
0.9942560399839616	0.9293038142158493	0.9738028374570555	0.7311382801421116	0.7910781927793041	0.7560579473595336	1.1581432130742013	1.2094507763353708	1.0339353963476412	1.0712298944019523	0.9517276563450725	0.9396213812176343	0.9370538549002454	0.8963630456149285	0.7619356208983112	-17.618298759393845	0.7688955873347961	1.0051939613922727	1.0773836073099567	0.6317276522836467
1.2666318046042195	1.1905248765116796	1.2427262298196937	0.9545695325045608	1.02658143012107	0.9845800820506947	1.4563254654369204	1.5150816924889157	1.3128563236227986	1.3561248422237548	1.2168632664988717	1.202652065509837	1.1996355718126748	1.1517080077579136	0.9916434080237438	1.273335587334796	-22.818245012428342	1.2793938332406403	1.363248166031314	0.833762826834244
0.9890998942150236	0.9243779990362478	0.9687181472100747	0.7269811694278118	0.7866774555663046	0.7517983176534594	1.1524481077391575	1.2035985051784526	1.0286433658038512	1.0658133588364895	0.9467211899649924	0.934658306546705	0.9321000281664664	0.8915579328226904	0.757652068580898	0.9948239613922697	0.7645838332406403	-17.5201983580874	1.0719468208274812	0.6279978958783835
0.9209590118263431	0.8593538086934098	0.9015448273805924	0.6723133286293915	0.7287349087885561	0.6957533223500776	1.0769897971540365	1.1259998394128798	0.9586608332302895	0.9941414856069426	0.8806063897314502	0.8691303682497042	0.866697137168669	0.8281645132702834	0.7012855380996232	0.926413607309957	0.7078381660313142	0.9313468208274804	-16.224991049998156	0.5790573462371528
1.4820429395023866	1.3983712586861354	1.4558052179791805	1.136140971899883	1.2166567639288712	1.1697505301413746	1.688912890133687	1.7525434699995146	1.5326664912515342	1.5799247493312911	1.4273741196702572	1.4117314977749342	1.4084092953556784	1.3555348509621619	1.1776493614397288	1.4893936522836468	1.1869888268342437	1.4960338958783834	1.5876933462371527	-26.953624129290045