-26.75488860583851	1.2630354656924418	1.6370989838299757	1.5649654093188214	1.8484825911020029	0.3209786219769438	1.3053225599289933	1.2138246548316716	1.3002948311025198	1.2202134525426236	1.8420546849908286	1.7362757717786703	1.5834319389577194	1.3165258214607396	1.4320563001214954	1.404351970681557	1.3944909007859256	1.4902853065802477	1.5798348772458048	1.3013644629095313
0.776295465692442	-21.2473125068323	1.3273318492153936	1.263453459288924	1.5163992427344757	0.23162570759581422	1.0364934036303977	0.9577085377173482	1.0321472692823437	0.9631880989805979	1.5106106802463863	1.4157005231842392	1.2797741505365596	1.0461848364926192	1.1466723855403196	1.1224860442134947	1.1138905711493177	1.1976852472761483	1.2765933024330052	1.0330717316224722
0.5545189838299757	0.7314918492153937	-15.533629205284614	0.9467886604566508	1.1596014176050533	0.15224682065847414	0.760893076793519	0.6975989830801832	0.7573841525795467	0.7019793355680465	1.1546702147513332	1.0742147796068118	0.9603483540647484	0.7687247813184117	0.850499960960889	0.8307239139749886	0.8237099045887522	0.8923999698180768	0.9577036807072481	0.7581303657065117
0.5907654093188214	0.7759934592889239	1.0551686604566513	-16.488348061710173	1.220230501964899	0.16457632570573022	0.8066644470360227	0.7406027007288417	0.8030053992939108	0.7451787420295618	1.2151392965502785	1.131996453300288	1.0140653324796618	0.8148298493782312	0.8999797511949706	0.8794055160634275	0.8721057104068919	0.9435345242744254	1.0113224124402371	0.8037835697983978
0.46206259110200293	0.6167192427344754	0.8557614176050532	0.8080105019648991	-13.054497724692272	0.12197028541407007	0.6426503130061822	0.5869071040072354	0.6395521882080717	0.5907551313531747	0.9955217050660192	0.9226484805361924	0.8201619217771525	0.6495683807929328	0.7220647987317856	0.7044897890060862	0.6982629052393367	0.7593889977910945	0.817791005724433	0.6402109646320764
2.2827326219769435	2.680119707595814	3.1965808206584745	3.1005303257057295	3.47014428541407	-55.624230931823604	2.7410200222288825	2.608300164418249	2.733817345454011	2.6176837723457025	3.4619838699203536	3.32631546374212	3.1252626493473694	2.7570335356633744	2.919400722831612	2.8809074890349717	2.8671408431607714	2.9994537993249533	3.1204529558405203	2.7353505371596833
0.7464625599289937	0.9643734036303974	1.2846130767935189	1.2220044470360227	1.4702103130061823	0.22040602222888334	-20.495159943990714	0.923112626896643	0.9957560208260859	0.9284570316679598	1.4645219459892684	1.3713080301436964	1.237995790553936	1.0094646728989007	1.107682930702057	1.084029419018224	1.0756253128244688	1.157598747452645	1.2348788627206206	0.9966587296722118
0.8128946548316714	1.0435185377173488	1.3792489830801833	1.3138727007288418	1.5723971040072353	0.24561616441824916	1.0810426268966433	-22.16390826226555	1.0765750849446967	1.005640565611007	1.5664909829025377	1.4695882315469777	1.330582154123377	1.0910034972903448	1.1941830155493283	1.1693653207648522	1.1605429878341147	1.24649438039255	1.3273258677616302	1.0775254018639626
0.7499348311025199	0.9685272692823426	1.289604152579547	1.2268453992939108	1.475612188208072	0.22170334545401083	1.0042560208260851	0.9271450849446976	-20.58294173337297	0.9325054064378571	1.4699119491540567	1.3764971458881476	1.2428756717520482	1.0137474256289376	1.112233378758809	1.088516983288845	1.0800902965878592	1.1622787231769376	1.2397511879999719	1.0009052730083123
0.808023452542624	1.0377380989805964	1.3723693355680466	1.3071887420295618	1.5649851313531744	0.24373977234570265	1.0751270316679598	0.9943805656110077	1.0706754064378565	-22.04229321509448	1.559094329256743	1.462451379934763	1.3238473915503675	1.0850525819920573	1.1878794877685623	1.163144447414404	1.1543518207994827	1.2400209434151215	1.3206009627285238	1.0716223336979251
0.46460468499082874	0.6199006802463863	0.8598002147513333	0.8118892965502783	1.0044917050660056	0.12277986992035442	0.6459319459892684	0.5899709829025379	0.6428219491540568	0.593834329256743	-13.123570507211511	0.926902798674885	0.8240819330785916	0.6528764281509631	0.725641919320669	0.7080029484053731	0.7017532112741816	0.7630993550736861	0.8217030021641839	0.6434832522411842
0.50876577177867	0.6749305231842394	0.9292847796068124	0.8786864533002883	1.0815584805361924	0.13705146374212032	0.7026580301436967	0.6430082315469778	0.6993471458881475	0.6471313799347629	1.0768427986748854	-14.315065085261747	0.8915718081009147	0.710049377124376	0.7873595434815558	0.7686414712219193	0.7620059883412221	0.8270624360950748	0.8890581975687297	0.7000512049911601
0.5812319389577194	0.7643141505365596	1.0407283540647474	0.9860653324796597	1.2043819217771525	0.16130864934736952	0.7946557905539358	0.7293121541233771	0.791035671752048	0.7338373915503674	1.1993319330785914	1.1168818081009149	-16.23811455385586	0.8027346701943193	0.8870102840476037	0.8666427162247576	0.859416926992281	0.9301368388598972	0.9972824661320996	0.791805555082458
0.7387958214607395	0.9551948364926193	1.2735747813184117	1.2112998493782312	1.458258380792933	0.2175495356633743	0.990594672898899	0.9142034972903447	0.9863774256289348	0.9195125819920575	1.4525964281509631	1.359829377124376	1.2272046701943193	-20.3011124499761	1.097623795319236	1.0741099553130808	1.0657559987166414	1.1472518635219502	1.224104536511785	0.9872744422072024
0.6650463001214953	0.8664023855403196	1.166069960960889	1.107169751194971	1.3414747987317857	0.19063672283161207	0.8995329307020571	0.8281030155493282	0.8955833787588087	0.833059487768563	1.3360819193206692	1.247859543481556	1.1222002840476035	0.9083437953192361	-18.417919252763994	0.9778903864043639	0.9700403047654824	1.0467310005129453	1.1192698902559746	0.8964233964963285
0.6818919706815569	0.8867660442134945	1.1908439139749887	1.131145516063428	1.3684497890060858	0.19669348903497225	0.9204294190182241	0.847835320764852	0.9164169832888452	0.852874447414404	1.3629929484053733	1.2736914712219194	1.146382716224758	0.9293799553130804	1.022440386404365	-18.8508027130136	0.9920312799427625	1.0698544799658831	1.143412192210004	0.9172703898645985
0.6880109007859257	0.8941505711493172	1.1998099045887523	1.1398257104068918	1.3782029052393368	0.1989068431607713	0.9280053128244697	0.854992987834115	0.923970296587859	0.8600618207994827	1.3727232112741816	1.283035988341222	1.1551369269922813	0.9370059987166408	1.0305703047654828	1.0080112799427643	-19.007630808332944	1.0782293023545666	1.1521520316020737	0.9248285109668101
0.6312253065802477	0.825365247276148	1.1159199698180766	1.058674524274426	1.2867489977910942	0.17863979932495327	0.8573987474526449	0.7883643803925499	0.8535787231769375	0.7931509434151213	1.281489355073686	1.1955124360950748	1.0732768388598966	0.8659218635219507	0.9546810005129447	0.933254479965883	0.9256493023545672	-17.543672688180475	1.070429608377386	0.8543911639168843
0.583074877245805	0.7665733024330053	1.043523680707248	0.9887624124402357	1.2074510057244328	0.16193895584052012	0.7969788627206208	0.7314958677616302	0.793351187999972	0.7360309627285239	1.202393002164184	1.1198081975687297	1.0027224661321192	0.8050745365117851	0.8895198902559746	0.8691121922100039	0.8618720316020742	0.9327296083773859	-16.28653572024297	0.7941226798187205
0.7491944629095315	0.9676417316224707	1.2885403657065118	1.2258135697983978	1.4744609646320765	0.22142653715968377	1.0033487296722206	0.9262854018639622	0.9990952730083442	0.9316423336979255	1.4687632522411844	1.37539120499116	1.241835555082458	1.0128344422072038	1.1112633964963285	1.087560389864599	1.0791385109668108	1.1612811639168843	1.2387126798187207	-20.564229965656477