-20.69707807855397	1.1232076609657276	1.0493138980562895	1.00214352938754	1.0077413737750913	1.64573269579549	1.268858960452292	1.0220892885417547	1.00352312778359	0.9885817920977843	1.1195110314329824	1.1978189527189054	1.0394546237329736	1.0858483387282036	0.9556230144126573	0.9871410941519397	0.9986081463520097	1.1251129018911163	1.1574326901632335	0.9193349581143943
0.8861496609657272	-18.299812562356905	0.931632800026648	0.8881242389025449	0.8932819211158972	1.4898119375465237	1.1354640333149904	0.9065085866511952	0.8893952168921642	0.8756352184228628	0.9965739216302439	1.0692795528451595	0.9225301014129896	0.9654034166459462	0.8453213728438281	0.8743090086086475	0.8848676323855966	1.0017660384081173	1.031749050477675	0.8120088532601448
0.9522558980562887	1.0716328000266488	-19.69309279918586	0.954330148387541	0.959747522404867	1.580865930680685	1.2131280261294652	0.973635842208725	0.955665208844901	0.9412083522983797	1.068046752067055	1.1440670340875594	0.9904505919461573	1.0354031833507165	0.9093350251438603	0.9398146179464121	0.9509090807347826	1.0734811492591496	1.1048463232756902	0.8742693123369746
0.9978595293875124	1.1208982389025448	1.0471041483875405	-20.65210675418081	1.0055898769185518	1.6428399460081413	1.2663666596482759	1.0199175050499703	1.0013776320429366	0.9864576888442222	1.1172064812441644	1.1954136794464785	1.037258544302444	1.0835887024885444	0.9535468615106097	0.9850190649220625	0.9964696642266285	1.1228009734804756	1.155078718715521	0.9173128386541842
0.992298373775093	1.114896921115897	1.0413625224048677	0.994430876918539	-20.5352496901847	1.6353176585520048	1.2598887136171675	1.014274783446663	0.9958033869951493	0.980939165881322	1.1112178582039192	1.189162572825886	1.0315525311222533	1.077717106364823	0.9481532278686567	0.9795059441356401	0.9909136881786761	1.1167931247988347	1.1489613114296289	0.9120599225496762
0.5503546957954903	0.6314919375465238	0.5825459306806852	0.5517459460081414	0.5553826585520045	-11.15465969551584	0.7303753171733074	0.5647266922026681	0.5526417568236157	0.5429561131809296	0.6290234468086675	0.6817545881789526	0.5760793198626561	0.6066405832455594	0.5217175685836453	0.5420240757713678	0.549451710468869	0.6327650069779861	0.6544444772097395	0.49853787044503006
0.7721009604522917	0.8757640333149903	0.8134280261294651	0.7738926596482757	0.7785737136171674	1.3289953171733073	-15.886676807343491	0.790585049260136	0.7750460428012177	0.7625641267443111	0.8726341858860772	0.9391851396347086	0.8051477354167068	0.8441876860730021	0.7351049687234565	0.7613616804946273	0.7709377894616624	0.877377617311583	0.9047974043039015	0.7049926708966044
0.978231288541758	1.0997085866511955	1.0268358422087234	0.9803435050499667	0.9858597834466654	1.6162466922026681	1.243485049260136	-20.239545765037867	0.9817029734806964	0.9669806253380832	1.0960618764906147	1.1733374693190513	1.0171165582686128	1.0628593282569496	0.9345126046247921	0.9655611570797661	0.9768597908806695	1.10158814590907	1.133477080473354	0.8987774075550963
0.9964851277835923	1.119415216892164	1.0456852088449002	0.9986236320428947	1.0042083869951564	1.640981756823616	1.2647660428012177	1.0185229734806989	-20.6232286281289	0.9850938090010456	1.115726591659201	1.1938690257728926	1.0358483932877376	1.0821376901131892	0.9522138055856765	0.9836565183534041	0.9950965409311455	1.1213163399804476	1.1535670524867965	0.9160145152931228
1.0115057920977844	1.135617218422863	1.06119035229838	1.0136656888442244	1.0193061658813238	1.6612581131809292	1.282246126744311	1.0337626253380812	1.0150558090010455	-20.938752731511194	1.1318945361175898	1.210740984225559	1.0512579461628864	1.0979916393378046	0.9667846013324262	0.9985482032519903	1.0101032980482856	1.1375358620708138	1.170080456850409	0.9302073123044844
0.8893130314329818	1.0034339216302584	0.9349067520670545	0.8912924812441646	0.8964628582039186	1.4942034468086678	1.1391941858860772	0.9097218764906142	0.8925665916592013	0.8787725361175893	-18.366572124143005	1.0728682939560432	0.9257821939937256	0.9687573047888657	0.8483825242130606	0.8774430269434362	0.8880278362009888	1.0052039959921457	1.035254808057905	0.814984458456307
0.8252609527189051	0.933779552845159	0.8685670340875595	0.8271396794464784	0.832047572825886	1.4045745881789526	1.0633851396347098	0.8446374693190511	0.8283490257728926	0.8152589842255592	0.9305082939560433	-17.01303230800028	0.859894927763469	0.9007620550786525	0.786442423904305	0.813997662992849	0.8240412230003065	0.9354659189720124	0.9641099175925552	0.7548098856849329
0.9615566237329748	1.0816901014129894	1.0096105919461584	0.963644544302444	0.9690975311222517	1.593559319862656	1.2240077354167072	0.9830765582686145	0.9649883932877386	0.9504359461628862	1.0780821939937255	1.154554927763469	-19.88881928976668	1.0452372224939686	0.9183485342326614	0.9490329468042419	0.9602009200265378	1.0835496972920249	1.1151036304638777	0.8830418711807551
0.9188003387282039	1.0354134166459448	0.9654131833507152	0.9208247024885441	0.9261121063648231	1.5349705832455594	1.173897686073002	0.9396693282569489	0.9221276901131893	0.9080196393378046	1.0319073047888672	1.1062720550786522	0.9560872224939692	-18.98844376527185	0.8769271604322583	0.9066597076362155	0.9174859493212567	1.037220637016498	1.0678953277629322	0.8427397261364644
1.045730014412656	1.1724863728438284	1.0965000251438601	1.0479378615106099	1.0537032278686578	1.7072025685836452	1.3219699687234563	1.0684776046247917	1.0493588055856764	1.0339676013324253	1.1686875242130603	1.249107423904305	1.0863535342326618	1.1340821604322582	-21.657008699108665	1.0324832814001303	1.0442963469013342	1.174444198063242	1.2076458081580135	0.9625743711740542
1.012970094151937	1.1371960086086474	1.0627016179464117	1.0151320649220603	1.0207779441356393	1.663231075771368	1.2839486804946274	1.0352481570797651	1.0165235183534056	1.0014532032519774	1.1334700269434361	1.212384662992849	1.0527599468042423	1.099536707636215	0.9682052814001302	-20.969502332653743	1.0115662517696877	1.1391163495736307	1.1716894114868885	0.9315913293308247
1.0013931463520107	1.1247106323855969	1.0507520807347817	1.0035386642266133	1.009141688178672	1.647614710468869	1.2704807894616623	1.0235027908806698	1.0049195409311518	0.9899642980482831	1.121010836200989	1.199384223000307	1.0408839200265387	1.0873189493212567	0.9569743469013352	0.9885222517696834	-20.726346149280864	1.1266175023966711	1.158964617364846	0.920651160630925
0.8845249018911164	0.9982360384081211	0.9299511492591491	0.8864969734804751	0.8916481247988346	1.4875550069779861	1.1335476173115828	0.9048581459090704	0.887766339980448	0.8740238620708134	0.9948139959921415	1.0674359189720115	0.9208596972920249	0.9636806370164972	0.8437491980632423	0.8726993495736308	0.8832445023966712	-18.265520263879257	1.029948122490266	0.8104806819951763
0.8575346901632337	0.968909050477676	0.9020063232756905	0.8594647187155207	0.8645063114296287	1.4499244772097393	1.1016574043039016	0.8774370804733543	0.8607070524867968	0.8472584568504091	0.9655548080579048	1.036769917592556	0.8931036304638776	0.9350453277629323	0.8176408081580135	0.8459624114868884	0.8562816173648459	0.9706381224902663	-17.695512044032522	0.7851098352692829
1.0852509581143939	1.2149828532601448	1.1372433123369745	1.0875128386541841	1.0934189225496758	1.7598318704450302	1.3676666708966043	1.1085514075550964	1.0889685152931237	1.0731993123044836	1.211098458456307	1.2932838856849331	1.126855871180755	1.1757037261364645	1.0383833711740535	1.0716783293308243	1.0837821606309255	1.216984681995176	1.2509238352692829	-22.485320981268433