-20.752754153428686	1.070195872826188	2.2396249375307096	0.9564753922666919	1.464406659649085	0.06804761283364386	1.9330026718482174	1.6441313539350024	1.2165019012566212	1.2061093762868331	2.204949843286445	1.7278683867620235	1.0164871243955593	1.5521193834636764	0.5579294229515175	1.225055146817436	0.26539482606111897	0.23734566515616168	0.16710017733261212	8.398769148253e-6
0.9329428728261883	-19.472299272045614	2.133173475625883	0.8914362992726408	1.3789461232158366	0.06116723671024012	1.8336643300241908	1.5528648691127294	1.1401960179597426	1.1302191635231171	2.099235700884703	1.6341107196183353	0.9486801241618094	1.4637441800667177	0.5143137297343265	1.1484091883878185	0.24182080676869872	0.2159511865746066	0.15141585593181253	7.391646215862903e-6
0.3326489375307096	0.3634504756258834	-7.259954128778756	0.3139970927587813	0.5525675511568914	0.01458042103038878	0.811562312125675	0.6476274128270906	0.4304717897283569	0.42558635287284274	0.9779692006158636	0.6937523821565854	0.3398037420435577	0.5982837026815028	0.15956181006800188	0.43450680905755124	0.06619972128490474	0.05823632375822235	0.03914667823635246	1.413219594950135e-6
1.0448253922666917	1.1170392992726408	2.309323092758781	-21.60280489831568	1.5209755869110593	0.07285022228459573	1.998284418556921	1.7043605677906308	1.2672558427331373	1.2565980286305567	2.27419182082322	1.7896614842362601	1.061795210206251	1.6105285242008742	0.5874820601312849	1.2760260498277323	0.2815873266649189	0.25206628537171893	0.17794456756217275	9.118086232937511e-6
0.6459986596490851	0.6977911232158367	1.6411355511568915	0.6142175869110593	-13.842451600910994	0.03565224924061584	1.3810320573005592	1.1435753346966822	0.8077795747609767	0.7998787929432626	1.6113386282988538	1.2115923558047623	0.6581044152079928	1.0696490510740728	0.3362140857218488	0.8142919197864888	0.14980841114537716	0.1329074897877728	0.09148039794935886	3.916259494367498e-6
4.187761612833644	4.3181342367102395	6.041270421030389	4.104214222284596	4.973774249240616	-78.13209909815424	5.643084309626223	5.241269316968333	4.574916728233312	4.5572707058497	5.9974316199866635	5.360945458901183	4.218850050603003	5.106270161493955	3.1994528104117275	4.589377060864431	2.2118396997913625	2.085161866909103	1.720706054643281	0.0003685117724817963
0.4300316718482173	0.4679463300241909	1.2155673121256747	0.4069634185569211	0.6964690573005593	0.020399309626222977	-9.37378871443621	0.8089847968837147	0.5497255649836157	0.5437958488503417	1.1905612552765101	0.8630941826429948	0.438858419191559	0.750755171669127	0.2122421306149871	0.5546195019753536	0.09022975269723965	0.07960354534956118	0.05393938068216392	2.0641372556149146e-6
0.5511243539350024	0.5971108691127296	1.4615964128270906	0.5230035677906312	0.8689763346966823	0.02854831696833397	1.218948796883715	-11.910485392234072	0.695387720382058	0.6883013846395735	1.4336634194732307	1.0624419237048652	0.561855628686565	0.9323995195759509	0.2806064767132508	0.7012317703953482	0.1225910753752826	0.10850419281652444	0.0741905985139888	3.029743249076184e-6
0.8108489012566209	0.8717960179597425	1.931794789728357	0.7732528427331372	1.2205345747609766	0.04954972823331117	1.6470435649836157	1.3827417203820578	-17.109997420993196	0.9908431212501668	1.8993967930046582	1.458923237242371	0.8251295022561147	1.299469036104468	0.4367916440333807	1.0075418651051555	0.20090556611866536	0.17892832732230268	0.12450043215498939	5.756363105884908e-6
0.8188263762868332	0.8801891635231164	1.9452793528728427	0.7809650286305565	1.2310037929432625	0.05027370584970078	1.6594838488503418	1.3940253846395734	1.00921312125017	-17.26569643421569	1.9127719612415586	1.4705607757475823	0.8332059454898492	1.310345341679129	0.4417802680793877	1.0168010506896303	0.20349950702843184	0.1812711668251139	0.12619478680243926	5.85578617331228e-6
0.342363843286445	0.3739027008847026	1.0223592006158633	0.3232558208232201	0.5671606282988538	0.015131619986663129	0.8309462552765102	0.6640844194732306	0.4424637930046582	0.4374689612415589	-7.474363582099414	0.7110679200256481	0.34969166871450036	0.6137896355955628	0.1647193248475026	0.4465888391571527	0.06851476916497141	0.06029097449261669	0.04056173387781042	1.4733319434942847e-6
0.5124733867620235	0.5559687196183356	1.3853333821565854	0.48591648423626016	0.8146053558047621	0.025836458901182593	1.1506701826429948	0.9400539237048647	0.6491812372423709	0.6424487757475823	1.358258920025648	-11.11030646078599	0.5226160747111078	0.8752707710214389	0.2584578054265939	0.654734726524738	0.11196907515287755	0.09900355001758589	0.06750492911369133	2.7019753457189823e-6
0.9836921243955596	1.053138124161811	2.2139847420435577	0.9406502102062521	1.443717415207993	0.06634105060300334	1.9090344191915591	1.6220676286865652	1.1979875022561146	1.1876939454898496	2.179482668714501	1.705216074711108	-20.44235994491534	1.5307396576250676	0.5472562766986248	1.2064597924009164	0.25959007166785025	0.23207349248554232	0.16322660199722638	8.14637223660004e-6
0.5975043834636764	0.6463821800667177	1.550644702681503	0.5675635242008743	0.9334420510740725	0.031941161493955025	1.299111171669127	1.070791519575951	0.7505070361044685	0.7430133416791292	1.521760635595563	1.1360507710214391	0.6089196576250673	-12.860319216655322	0.307574372444623	0.7566854202256936	0.13569447935751267	0.12024251669598551	0.08248684342330698	3.4482566559576953e-6
1.6300834229515173	1.7237207297343264	3.1386918100680017	1.5712860601312848	2.226776085721849	0.15189281041172698	2.7873671306149874	2.4457674767132507	1.9145986440333809	1.9012172680793877	3.0994593248475026	2.546006805426594	1.6522052766986246	2.3343433724446228	-32.395628775396844	1.9255925341834486	0.524635490183393	0.47512743426654946	0.346834393676901	0.0000227052094997133
0.8043561468174362	0.8649631883878183	1.9207838090575513	0.7669770498277323	1.212000919786489	0.048964060864430795	1.636891501975354	1.3735397703953482	0.9924958651051564	0.9833850506896309	1.888475839157153	1.4494307265247381	0.8185557924009159	1.290601420225694	0.4327395341834489	-16.983126384417435	0.19880261503603303	0.17702939468136733	0.12312802311850783	5.676182629195409e-6
2.5136788260611187	2.627357806768699	4.221459721284904	2.4415213266649194	3.216500411145377	0.34040969979136243	3.84148475269724	3.4638820753752824	2.854842566118665	2.839066507028432	4.1793847691649715	3.575648075152877	2.54066907166785	3.338593479357513	1.7007654901833933	2.8677856150360332	-48.18661820389534	0.9199567444914877	0.7035441790716211	0.00006708683360435339
2.6502296651561617	2.7660881865746068	4.378096323758222	2.5766002853717196	3.3641994897877736	0.37833186690910303	3.9954585453495617	3.614395192816524	2.9974653273223026	2.981438166825114	4.335760974492617	3.727282550017586	2.6777524924855425	3.4877415166959858	1.8158574342665499	3.010612394681367	1.0845567444914876	-50.61194957851556	0.7700044069504471	0.00007801456289774834
3.0817641773326128	3.203332855931813	4.8607866782363525	3.004258567562173	3.8245523979493594	0.5156560546432813	4.471574380682164	4.081861598513989	3.44481743215499	3.4281417868024393	4.817811733877812	4.1975639291136915	3.1106856019972264	3.9517658434233076	2.189344393676901	3.458491023118508	1.369924179071621	1.2717844069504471	-58.284240479172546	0.0001234381338588659
14.351272398769149	14.488524391646216	16.258241413219597	14.262923118086233	15.169675916259497	10.231918511772482	15.854237064137257	15.44427402974325	14.756922756363107	14.738552855786171	16.213851473331946	15.566661701975345	14.384067146372237	15.305882448256659	13.279132705209502	14.771968676182631	12.103047086833605	11.938458014562897	11.436723438133859	-270.55633514664163