-0.05576293668854268	0.028697602293890512	0.00026951154075346333	0.00028461359416973785	0.00006980296522754797	7.840310763872185e-6	2.0024617528449785e-6	0.00022491416892683438	0.014495893272608331	0.009885187679233057	0.001112752665702216	0.00011726239589634251	0.0000861312866116881	0.000031583018393867	0.00025959101841368853	0.00020811524387441912	8.996979537893547e-12	3.5529535116118696e-7	9.775688016426267e-6	1.7799596914487895e-9
5.235007602293892	-6.6079697753769935	0.025081613677736245	0.026347633668815956	0.007243877113331822	0.0009141232737432119	0.0002455828769861173	0.02128905827790563	0.6427343008660795	0.492373513410575	0.08750140938196156	0.011722451064002885	0.008809085980923257	0.0034415864190726537	0.024245123362475533	0.019837741403289776	1.3444754609677502e-9	0.00004577608095290943	0.0011290427500362029	2.521307384805804e-7
10.577939511540754	5.396441613677736	-32.50656143337444	1.030417286132321	0.4356485608546256	0.08386532427907478	0.02639479724398649	0.9035271465068555	4.59285424186181	4.159099129921285	1.9895796107719432	0.6112579637447444	0.5011422692908365	0.2487334881633417	0.9794378949244724	0.8642098163841616	2.2339942467139935e-7	0.0056276083059238246	0.10034680757215106	0.00003813879899059864
10.51772461359417	5.337477633668816	0.9701872861323197	-32.009106731071135	0.41964350543272333	0.08009727630079742	0.02512661118991438	0.875713784805188	4.5350021144373756	4.102181145652931	1.9450565701050866	0.5903578213797115	0.48323674044233084	0.2387311923601279	0.9500407426098553	0.837248611558743	2.1103672584666827e-7	0.0053430666722419405	0.09590172411961344	0.00003607957246293996
12.059779802965227	6.860643877113333	1.917688560854627	1.9619135054327237	-46.719842778062336	0.2451457369826573	0.08519374314202706	1.774672938664613	6.0406579846812996	5.592759583857471	3.212014145125409	1.3100770724819748	1.11908152186393	0.6301308475613062	1.8875648521072421	1.715095020265875	9.033809385374969e-7	0.01968854827671797	0.28758581280594286	0.00014832049901800855
14.425217840310763	9.219814123273743	3.9314053242790754	3.9878672763007965	2.610645736982656	-76.79108853619901	0.441245014705869	3.7455087982233763	8.3934733960895	7.939816768286442	5.451120736373292	3.0973776293915107	2.8042463598487433	1.9333171618515033	3.8926800764612155	3.6664463582024456	8.260550241405276e-6	0.12636629260369536	1.1232842625209223	0.0012471199432281367
15.886612002461751	10.680545582876984	5.335334797243987	5.3942966111899135	3.912093743142025	1.9026450147058684	-98.8857494815644	5.14040779192276	9.853488202494912	9.399158797258695	6.895589230527123	4.448739473637862	4.127763804272346	3.1260108238856232	5.29483190586635	5.057102089374377	0.00003199683748670826	0.3476882564188833	2.078915719277736	0.004493638169715521
10.777474914168929	5.592229058277906	1.103107146506857	1.135523784805188	0.4922129386646124	0.09754879822337706	0.031047791922762233	-34.19897006261601	4.785276148539941	4.348676724605418	2.140450489730811	0.6845214450230265	0.564217191083294	0.2844891653720278	1.0811689436372551	0.9578445407618352	2.6975791312352345e-7	0.006680004900699005	0.11645487407823907	0.00004583255592390901
6.048135893272609	1.4700643008660792	0.04882424186181066	0.05120211443737512	0.01458798468129907	0.0019033960895000898	0.0005182024949126716	0.041666148539939975	-8.76466328642768	0.7898669834028981	0.1612559141661508	0.023339140370501207	0.017661924601388837	0.007031577141148375	0.04725001517792721	0.0389122529942694	2.9672330438674463e-9	0.00009778053646828286	0.002344862527518593	5.502986507995723e-7
6.4981151876792325	1.7742935134105746	0.06965912992128483	0.07297114565293077	0.021279583857469576	0.0028367682864414096	0.0007787972586945707	0.05965672460541681	1.2444569834028976	-10.162834537971486	0.2220546052254503	0.03379261830377788	0.025689639132160182	0.010353394201749674	0.06746360045685183	0.05579491402369719	4.581585531784464e-9	0.00014806668679476952	0.0034890171073714746	8.441771058208738e-7
8.9991627526657	3.8792414093819603	0.4099596107719431	0.42566657010508496	0.15035414512540748	0.02396073637329139	0.007029230527122425	0.3612504897308099	3.1256659141661505	2.7318746052254497	-21.366684950369294	0.22436954405866963	0.17719565091788964	0.07912352683567773	0.3994359525720252	0.34188925724501557	5.0023798912838136e-8	0.0014149707485469826	0.029081699159771195	8.834734979390742e-6
11.492947262395896	6.298242451064002	1.5264179637447446	1.5657478213797105	0.7431970724819735	0.16499762939151053	0.054959473637862244	1.4001014450230256	5.4825291403705005	5.038392618303778	2.7191495440586704	-40.83270011171207	0.8407330951957361	0.45015196659645745	1.4996998618157147	1.3478884378536344	5.298415049444712e-7	0.012268268257092974	0.1951871442783304	0.00008838602192151924
11.830396131286612	6.632809085980925	1.7537822692908378	1.796106740442331	0.8896815218639299	0.20934635984874456	0.07146380427234739	1.6172771910832944	5.814331924601389	5.367769639132161	3.009455650917891	1.1782130951957377	-44.270660738471676	0.5516139789027085	1.7249829042505942	1.5605839348735369	7.280424314636065e-7	0.016274781886851292	0.24645067296325024	0.00012032363610715753
12.921841583018395	7.7189415864190725	2.5928734881633426	2.643101192360128	1.4922308475613062	0.4299171618515041	0.16121082388562455	2.429049165372028	6.895201577141149	6.443933394201751	4.00288352683568	1.8791319665964585	1.6431139789027087	-56.7092195299056	2.5585476972638386	2.360129843227942	2.0291129718212153e-6	0.03971920819348471	0.4970661634549423	0.0003242963432729455
10.619339591018413	5.4370151233624755	1.0208478949244741	1.0516807426098553	0.4469348521072416	0.08655007646121571	0.02730190586635136	0.9229989436372551	4.632690015177928	4.198313600456853	2.0204659525720263	0.6259498618157153	0.5137529042505935	0.25581769726383824	-32.85213643787667	0.8830942489511647	2.3231530629525525e-7	0.005831751942504252	0.1035114212942342	0.00003962184922885973
10.862988115243875	5.67630774140329	1.149319816384163	1.1825886115587432	0.5181650202658751	0.10401635820244615	0.0332720893743784	1.0433745407618358	4.8680522529942705	4.430344914023698	2.206619257245017	0.7178384378536353	0.5930539348735367	0.30109984322794175	1.1267942489511653	-34.94512337647304	2.924508063411043e-7	0.007187534949445812	0.12405078267936707	0.00004958402953941209
28.794310000008995	23.58800000134448	18.216640223399423	18.276870211036726	16.73460090338094	14.369108260550242	12.907731996837487	18.017060269757913	22.760670002967235	22.306080004581588	19.796260050023797	17.301480529841502	16.96400072804243	15.87250202911297	18.175230232315307	17.931530292450805	-333.2095355242366	11.069172547844015	14.606306623765098	5.521980616975694
17.725310355295353	12.519045776080953	7.153267608305924	7.213213066672242	5.685288548276718	3.4264662926036955	2.1863882564188843	6.9547400049006995	11.69176778053647	11.237228066686795	8.72867497074855	6.2447482682570925	5.91127478188685	4.843219208193485	7.1120617519425045	6.869717534949444	0.00017254784401643766	-129.16718714923934	3.6432897432993157	0.021312586340338925
14.18801977568802	8.982829042750037	3.710686807572152	3.766471724119613	2.415885812805942	0.8860842625209225	0.38031571927773694	3.527214874078239	8.156714862527519	7.703269017107371	5.219041699159773	2.890367144278331	2.6041506729632498	1.7632661634549418	3.6724414212942342	3.4492807826793666	6.623765096321705e-6	0.10598974329931539	-73.42304619804545	0.0010100487035824084
23.29491000177996	18.088600252130735	12.717278138798992	12.777506079572467	11.23534832049902	8.87094711994323	7.412793638169718	12.517705832555924	17.261270550298654	16.80668084417711	14.296868834734983	11.802168386021924	11.464720323636108	10.373424296343275	12.67586962184923	12.43217958402954	0.02258061697569564	5.59091258634034	9.107910048703584	-228.7496750765605