-8.579690678480015	1.7037089363527587	0.0013938378815779068	0.42483322456676975	0.0630918629206225	0.34584823794545566	0.020847758130302495	0.3451675653094963	1.21222221381739	3.9688100620377975	0.2970397840936977	0.06176721982993069	0.0022406413885154037	0.07017913146771637	0.02555262140082969	0.03689455261000431	6.603126699600839e-6	0.00003499917655238679	0.00005142642389782414	2.1031457604999637e-30
0.5232989363527589	-4.824031416929547	0.0004858607599681506	0.19412595811273503	0.024548618892644765	0.15412499300553423	0.007734134154006223	0.1537865907211244	0.6593329956561856	2.9006180466245413	0.13014498776672612	0.024006172602325786	0.0007870669256774884	0.027465092326173727	0.009549083251598103	0.013991646804782057	2.192037167507682e-6	0.000011740632122059448	0.000017300303474970855	6.56487431184433e-31
8.745643837881579	9.925145860759967	-94.20064574153628	7.226989692540404	4.576553109923385	6.90430666249516	3.289152048483007	6.901274900907069	9.143328660757636	12.63175126497775	6.673199342567288	4.55036964606608	1.2930636532119228	4.708818374036707	3.513397068060904	3.93251931955141	0.016680925436046556	0.0709201942006591	0.09753117967931349	1.1607217755550493e-26
1.94737322456677	2.897075958112735	0.00527969254040493	-15.859318412562764	0.19526108361818725	0.8465631930264546	0.07050548431393004	0.8452032770621523	2.2503451937362895	5.434300235453393	0.7472132142448997	0.19155909409269795	0.008373362833006827	0.2148866943653642	0.08524691779154722	0.11975653606245565	0.000027113463321619924	0.00014136501764840638	0.00020677226150659148	9.438388532086578e-30
4.280271862920623	5.422138618892644	0.049483109923385137	2.889901083618187	-36.898341782680795	2.6146123186172328	0.46411921398339223	2.6120704514246698	4.661425366404367	8.107089427186487	2.423427380808112	0.9864319248663923	0.07526466205536522	1.0702570487187633	0.538750819123373	0.6988845404326809	0.00031866892984504756	0.0015930493088910295	0.0023022354663917222	1.3439555291248528e-28
2.1927682379454554	3.1814549930055342	0.006976662495160346	1.1709431930264538	0.24435231861723264	-17.81764998441814	0.09035524930718335	0.9984757752082025	2.5109985842904607	5.752978725164263	0.8881860511426831	0.2398509919325764	0.011024992907795156	0.26815762874779775	0.10884378318403434	0.15177884127064742	0.00003657308650260585	0.00018991416180901878	0.0002774689243504353	1.2995359184287302e-29
5.617187758130304	6.784484134154005	0.14124204848300775	4.14430548431393	1.843279213983393	3.839775249307184	-51.83349768082335	3.8369341953451124	6.009418911860675	9.484521528382045	3.624406381294702	1.8238066316167716	0.20718586747234807	1.9429543375877256	1.128968544041603	1.3910078889240958	0.001097757473273141	0.005314402065358658	0.00760734638781324	5.22998597851263e-28
2.1951375653094964	3.1841665907211243	0.0069949009070679555	1.1726332770621524	0.24486045142466967	1.0015257752082192	0.09056419534511231	-17.836783935442227	2.513503065854053	5.755981764390065	0.8895937764710171	0.24035104550291614	0.011053425070303158	0.2687079259223458	0.10909152842077559	0.15211329447142216	0.00003667603819347135	0.0001904412997456952	0.00027823602354988774	1.303449377880133e-29
0.8141222138173903	1.4416429956561854	0.0009786607576350221	0.32970519373628937	0.04614536640436573	0.2659785842904613	0.014978911860674274	0.2654330658540528	-7.148600831941699	3.5992093039597277	0.22703010279762814	0.04515751931933657	0.0015776633942310735	0.05144039753824109	0.018409427231898003	0.02672698698178971	4.55546493041953e-6	0.000024235699691391324	0.00003564717717026263	1.4202050228785497e-30
0.08135006203779793	0.19356804662454113	0.00004126497775044897	0.024300235453393097	0.0024494271864881683	0.018598725164262562	0.0007215283820459543	0.01855176439006528	0.10984930395972772	-0.4722276775478042	0.01532595920741332	0.002391555353625783	0.0000676659681265789	0.002762604412938316	0.0009002257586455603	0.0013468174556470422	1.7136064143187353e-7	9.350868894246198e-7	1.3847678043945337e-6	4.541660673517197e-32
2.3765997840936977	3.390114987766726	0.008509342567286696	1.3042332142448996	0.28580738080811185	1.120826051142683	0.10762638129470127	1.119183776471017	2.7046901027976284	5.982345959207413	-19.316147791603232	0.2806591325956875	0.013409856520198412	0.3129839107438013	0.12928023670744054	0.17925536630563635	0.000045311330643916706	0.00023457348685887924	0.0003424235187989581	1.6345289266797473e-29
4.306207219829931	5.4488561726023255	0.05055964606607969	2.9134590940926977	1.013691924866391	2.6373709919325763	0.47190663161677077	2.634821045502916	4.687697519319337	8.134291555353625	2.4455391325956874	-37.16718917425882	0.07685611096627336	1.0845725668237476	0.5475047247104176	0.7095383458902088	0.00032661662239042783	0.0016318883069614883	0.002357987160487386	1.3805452755043485e-28
8.208390641388517	9.387347066925678	0.7549636532119226	6.691983362833006	4.064234662055366	6.370254992907795	2.8169958674723476	6.367233425070303	8.605827663394232	12.093677665968126	6.139999856520198	4.038566110966273	-86.32290324026432	4.194039557474963	3.031573832852689	3.436021330498699	0.01062019225891923	0.04654897843425315	0.06462438003102956	6.834040581760659e-27
4.149989131467716	5.287685092326174	0.04437837403670724	2.772156694365364	0.9328870487187637	2.501047628747798	0.4264243375877253	2.498547925922346	4.529350397538241	7.970032604412939	2.313233910743802	0.9199425668237473	0.06769955747496323	-35.56038068280389	0.49628460909398997	0.6469882405802941	0.00028143750520898017	0.0014107416071638419	0.00204038385094884	1.173808286711831e-28
5.374172621400829	6.538579083251597	0.11776706806090317	3.9113269177915466	1.6701908191233725	3.610543783184034	0.8812485440416024	3.607741528420775	5.765129427231898	9.236980225758646	3.39834023670744	1.6516847247104172	0.17404383285268854	1.765094609093989	-48.95776700724722	1.2436000467234467	0.0008804128044279583	0.004290060091813727	0.006153065997794646	4.097503261477531e-28
4.932414552610005	6.089921646804781	0.08378931955141025	3.4927365360624556	1.3772245404326815	3.2003788412706484	0.6901878889240955	3.1976632944714227	5.32034698698179	8.784326817455648	2.9952153663056365	1.360618345890209	0.1253913304986986	1.4626982405802944	0.7905000467234474	-43.91105422602417	0.0005869986441435114	0.0028919801614887557	0.004161492655315308	2.6221398364732898e-28
14.609656603126696	15.790062192037164	5.882080925436045	13.08713711346332	10.392788668929844	12.762766573086502	9.014407757473272	12.759716676038193	15.007754555464928	18.49711017136064	12.530135311330643	10.365536616622391	6.414120192258918	10.53012143750521	9.261910412804427	9.714716998644144	-191.2640647749661	2.155843781129438	2.4881987882543015	3.7171322475791904e-24
12.81048499917655	13.990871740632121	4.1371201942006595	11.28805136501765	8.594863049308891	10.96371991416181	7.219424402065358	10.960670441299747	13.208574235699693	16.697910935086888	10.73112457348686	8.56764188830696	4.6508489784342535	8.732050741607164	7.466120060091813	7.917821980161489	0.3566437811294389	-159.51746138816299	1.2235181082956588	6.340019246468839e-25
12.392501426423896	13.572877300303475	3.7457311796793147	10.870116772261506	8.177572235466393	10.54580746892435	6.803717346387814	10.542758236023552	12.79058564717717	16.279911384767807	10.313232423518802	8.150367987160488	4.250924380031031	8.31468038385095	7.049983065997796	7.501091492655317	0.2709987882543031	0.8055181082956595	-152.37837562717962	4.203201182215798e-25
72.61935	73.79976	63.8751	71.09681	68.40217	70.77243	67.02301	70.76938	73.01745	76.50681	70.53979	68.37491	64.4132	68.53954	67.27073	67.72383	58.0097	59.8089	60.2269	-1292.7897699999999