-26.296053483123124	1.5805089859782462	2.2876462368531154	1.574098110900133	1.559894812938198	3.0714446418130583	0.6113472770121563	1.012138722225228	0.815242910499401	1.2946717531700227	1.7327548005500428	0.8507622705702357	1.9045368716786728	1.4103574397452943	0.9931905268267758	1.0015858374081963	1.0678744427500773	1.3526137861448788	1.275781319736716	0.8996027363226748
0.5827289859782461	-16.1707904156344	1.5623304598745278	0.9951528569959917	0.9844316395003203	2.238201818378694	0.3314161307688575	0.5909709973049265	0.46012060931645965	0.7888650207738619	1.1165324757763673	0.4832678022293339	1.2511581425688054	0.8730625965925859	0.5781152543226882	0.5838044765366153	0.6290989047694147	0.8308163676378867	0.7752849145931427	0.515430961715678
0.31967623685311547	0.5921404598745279	-9.20521786529021	0.5888150464156441	0.5814722160502123	1.5392926775181903	0.17093250677762067	0.3247674636979979	0.24548160570291955	0.45066176876972786	0.6731294455926915	0.2592615055056874	0.769091422956402	0.5062378552304642	0.3168318040930556	0.32033986545001114	0.3484831714368168	0.47820871264169973	0.4418067306874205	0.27858737003600637
0.5860281109001328	1.0048628569959839	1.568715046415644	-16.254478348110396	0.9892438437065689	2.2458156073736233	0.33351482630566437	0.5943056950582848	0.4628636948339802	0.7929933294500516	1.1217582562874766	0.48611988840939524	1.2567699035328737	0.8774965464333991	0.5813943714796272	0.5871082555990892	0.6325953933795867	0.8350991744511896	0.7793622409288596	0.5184313065689684
0.5934148129381981	1.0157316395003209	1.582962216050212	1.010833843706565	-16.441589578896778	2.2627841676709433	0.3382209617717576	0.6017717294146664	0.4690096026673813	0.80222776510141	1.133433674579147	0.49250914205552293	1.2693025815236632	0.8874113069803828	0.5887364509395613	0.5945053373361519	0.6404221720519324	0.8446775571755138	0.7884831558496229	0.5251514615838262
0.16850464181305805	0.3330418183786939	0.6043226775181899	0.3309456073736234	0.32632416767094274	-4.807254148272075	0.08578256676543067	0.17143438531092509	0.12651884666289676	0.2457121494164606	0.38470876672624116	0.13421317360309049	0.4474003950745958	0.2795553078836468	0.16687045090862027	0.16888618383626272	0.1851603452168679	0.2624099624634615	0.24037730263472054	0.14508539901434664
1.5262532770121562	2.2441021307688573	3.0538085067776204	2.236490826305664	2.2196069617717575	3.903628566765431	-38.22032515554131	1.541975238675459	1.2820733105916287	1.8985268417142709	2.423205531782048	1.3297748219965069	2.6218228219959867	2.0399987482767976	1.517417553142931	1.5283093280811049	1.6137027448295675	1.9696770345633756	1.8751976551222436	1.3947532553679058
0.987958722225222	1.5645709973049264	2.2685574636979977	1.5581956950582847	1.5440717294146664	3.0501943853109252	0.602889238675459	-26.01426063832264	0.8047865232526624	1.2804706014308538	1.716013416123369	0.8399856900836207	1.8869779336983021	1.395414812257726	0.9812042562305487	0.9895317847377106	1.0552981797248027	1.338034369178606	1.2617065748548806	0.8883982650620759
1.2107619104994012	1.8534196093164599	2.6089706057029196	1.8464526948339801	1.8310086026673813	3.424977846662897	0.7626863105916284	1.2244855232526621	-31.155171142153613	1.540191138440454	2.018167769138607	1.0408079321017714	2.2025626921810817	1.6676310708301703	1.2030570624065735	1.2125556171334375	1.2873179607670717	1.604140911609736	1.519287818610466	1.0966880654069158
0.7538417531700226	1.2458150207738616	1.8778017687697277	1.2402333294500516	1.2278777651014101	2.607822149416461	0.44279084171427074	0.7638206014308538	0.6038421384404538	-20.42418948042203	1.379224508107654	0.6323955098235037	1.5316165051968327	1.098713737800186	0.7482503424538535	0.7551445851820676	0.8098250179604878	1.0493046070006637	0.9839864018402648	0.6718828967894034
0.5103148005500427	0.8918724757763674	1.4186594455926913	0.887388256287476	0.8774736745791472	2.0652087667262413	0.285859531782048	0.5177534161233691	0.4002087691386071	0.697614508107654	-14.314354185330572	0.42091340811052885	1.1256378803792766	0.7748114132290074	0.5061527484463967	0.5112852036424388	0.5522220105069497	0.7360309627285238	0.6851991353547734	0.44974777826903206
1.1657462705702357	1.796031802229334	2.542215505505687	1.789173888409395	1.7739731420555231	3.3521371736030905	0.729852821996507	1.1791496900836207	0.9602729321017714	1.488209509823504	1.958337408110529	-30.128096015426706	2.140284509154644	1.6133204035389856	1.158222421559147	1.167497967787432	1.2405513763007123	1.550967182097616	1.4677063943741973	1.0544456161247686
0.44053687167867267	0.7849381425688053	1.2730614229564017	0.7808399035328738	0.7717825815236631	1.886340395074596	0.24291682199598688	0.4471579336983017	0.3430436921810816	0.6084465051968326	0.8840778803792765	0.36130050915464396	-12.486090487708333	0.6783190839216633	0.43683408680897723	0.4414003835534224	0.4778920310040721	0.6431726320014345	0.5972435156208629	0.3867860948567644
0.6781974397452945	1.1386825965925857	1.742047855230464	1.1334065464333989	1.1217313069803836	2.450335307883647	0.3929327482767977	0.6874348122577257	0.53995207083017	0.9073837378001859	1.2650914132290076	0.5661764035389857	1.4101590839216633	-18.56454720688688	0.6730236111508779	0.6794031912604532	0.7300823331553625	0.9535957739165097	0.8923953417404	0.6025156329429643
1.0068405268267813	1.5895452543226882	2.2984518040930553	1.5831143714796274	1.5688664509395613	3.0834604509086208	0.616161553142931	1.019034256230551	0.8211880624065734	1.3027303424538537	1.742242748446397	0.8568884215591472	1.9144840868089776	1.4188336111508784	-26.45591723549007	1.0084335759221656	1.075016905563287	1.3608854426371542	1.2837686901620529	0.9059706804357679
0.9984158374081917	1.5784144765366153	2.2851398654500112	1.572008255599089	1.5578153373361519	3.068656183836263	0.6102333280811046	1.0105417847377098	0.8138666171334374	1.2928045851820675	1.730555203642439	0.8493439677874319	1.9022303835534224	1.4083931912604533	0.9916135759221644	-26.259008844063242	1.0662201519854764	1.3506970875916053	1.2739307058419902	0.8981283051776142
0.9350644427500778	1.494068904769415	2.183643171436817	1.4878553933795866	1.4740921720519322	2.9552903452168677	0.5659867448295676	0.9466681797248018	0.7589889607670716	1.2178450179604878	1.6418520105069498	0.7927573763007121	1.8090820310040723	1.3294323331553626	0.9285569055632864	0.936580151985477	-24.770369491280896	1.273697305887699	1.1996524420362973	0.8392556019544085
0.7147437861448792	1.1907263676378868	1.8083087126416995	1.1852991744511898	1.173287557175514	2.5274799624634614	0.4169010345633756	0.7243443691786059	0.5707519116097362	0.9522646070006637	1.3206009627285238	0.598113182097616	1.4693026320014346	1.0478857739165093	0.7093654426371541	0.7159970875916051	0.7686373058876991	-19.466771948169026	0.9367715274686721	0.6359905509728009
0.767151319736716	1.2644349145931426	1.9011467306874203	1.2588022409288597	1.246333155849623	2.634687302634721	0.45166165512224365	0.7772565748548806	0.6151388186104659	1.016186401840264	1.3990091353547738	0.6440923943741972	1.552613515620863	1.1159253417404007	0.7614886901620529	0.7684707058419901	0.8238324420362972	1.0660115274686728	-20.7483625272914	0.6841196598338111
1.1076027363226753	1.7212109617156783	2.454557370036006	1.7145013065689683	1.6996314615838262	3.2560253990143466	0.6878472553679056	1.120578265062076	0.909169065406916	1.4207128967894032	1.8801877782690324	0.9474616161247689	2.0587860948567647	1.5426756329429645	1.1003206804357673	1.109298305177614	1.1800656019544087	1.481860550972801	1.400749659833811	-28.79324263843573