-24.27172587270942	1.7222175471125367	2.0985554802493476	0.9567199939486802	1.4862164670713642	0.04916040867841428	1.4089829185768858	0.9311681142366546	1.3559479500681177	1.294180359468295	2.225148566345815	1.9406328568984441	1.49454303563031	1.6853404195079928	1.0102840137551397	1.67001311461182	0.23166608091172997	0.3584898070480594	0.9998885041443094	1.3525702344455037
0.5149825471125364	-13.184241908039061	1.280795495351403	0.488471710524079	0.8331830051304953	0.0184726517938901	0.7802658605610382	0.47296869671995906	0.7444267217377754	0.703208751203645	1.3790011857454163	1.1608652148101384	0.8389386006631059	0.9734403840057458	0.5213280207280511	0.9624539964613217	0.09699849871130434	0.15736859169804573	0.5149138480353382	0.7421581270457737
0.3741154802493476	0.7635904953514027	-9.699884937328765	0.353655983290844	0.6266679269686959	0.011989429588072323	0.5838425027079178	0.34173774410283597	0.5550145310191108	0.5220416389552721	1.0842614217483184	0.8981747917303982	0.6313441990998371	0.7416035342167797	0.3790270538021628	0.7325287652708916	0.06531127460661712	0.10772119277264965	0.3740623356553784	0.5531946361922326
1.0445659939486802	1.7835527105240792	2.165941983290844	-25.242518893010434	1.5429241391522053	0.05268712653428224	1.464013964732218	0.9736707131547413	1.4097772945164568	1.346555995054719	2.2942584558983428	2.005659583695192	1.551426435742988	1.7459987231382326	1.0551500105390283	1.7303852634515775	0.24599929371136986	0.3791783619122522	1.0444512339861847	1.4063216100270404
0.6335214670713643	1.1877230051304954	1.4984129269686959	0.6023831391522053	-16.003383602216502	0.024741308821467432	0.9398788763449085	0.584123683568852	0.8989899704966101	0.8517856403091904	1.6057378601104713	1.366449890601998	1.006521615812229	1.1580068064894928	0.640958801272657	1.1456964400825764	0.12628873142414573	0.20232558981035748	0.6334409141379219	0.8963969346108688
4.584510408678413	5.76105765179389	6.271779429588072	4.500191126534281	5.412786308821468	-95.61153792408447	5.292643767912827	4.449308811865888	5.208076394782149	5.107260884799896	6.434269153950961	6.063034108104812	5.42553892429199	5.708298277143313	4.604218016230134	5.686202427998806	2.3826683550005376	2.9327680506962928	4.5842960738137535	5.202629752076987
0.6790409185768855	1.257558860561038	1.5783405027079178	0.6462259647322178	1.0626318763449079	0.027351767912827004	-17.063669173252173	0.6269646458565054	0.9573423658692211	0.908031817170967	1.6886951013719094	1.4423449540297262	1.0694196074511833	1.2267627191577055	0.6868728938660611	1.2139985675212865	0.13816334662648838	0.22033174134448336	0.6789560791927104	0.9546354429581319
1.0721431142366544	1.8211786967199592	2.2071527441028356	1.0267997131547393	1.577793683568852	0.054933811865887645	1.4978816458565056	-25.84021707028179	1.4429258817031294	1.3788335549448296	2.336485876481884	2.0454751594923266	1.586400889565495	1.7832223325481984	1.0829083505229853	1.7674386770636972	0.255033521844945	0.3921595227416879	1.072026382270257	1.4394235115969178
0.7125699500681179	1.3082837217377752	1.6360765310191108	0.6785532945164569	1.1083069704966104	0.029348394782150317	1.0439063658692225	0.6585728817031292	-17.83765701898031	0.9491994945480858	1.7485215241354088	1.4972882506156417	1.1152819034593364	1.2767329483383991	0.7206844704705259	1.2636514551446385	0.14713116595788497	0.2338530602845308	0.7124820411346307	0.9972125946986522
0.7541843594682952	1.370447751203645	1.7064856389552723	0.7187139950547189	1.1644846403091902	0.03191488479989572	1.0979778171709669	0.6978625549448296	1.0525814945480854	-18.790573682435458	1.8213737681377402	1.5644224496074308	1.171682208245494	1.3380049196512718	0.7626403346736432	1.3245480272458376	0.15852176805348955	0.2509363545300682	0.7540927402808258	1.049697975554756
0.3366685663458151	0.6977561857454164	0.9202214217483189	0.3179324558983429	0.5699528601104713	0.010439153950961046	0.5301571013719095	0.30703087648188393	0.503419524135409	0.47288976813774025	-8.743028595002695	0.8241432197477846	0.5743036513084104	0.6771781658303248	0.34117045338766294	0.6686909003279573	0.05747322730238813	0.09524819307796764	0.336619863130409	0.5017330069635207
0.42726285689844434	0.8547302148101382	1.1092447917303982	0.40444358369519207	0.7057748906019977	0.014314108104813079	0.6589169540297264	0.3911301594923267	0.6272962506156418	0.5910484496074307	1.1992532197477848	-11.034293821321437	0.7108833304759267	0.830894298502914	0.43273443640553155	0.8210474654591247	0.07686200591217386	0.12595529149147205	0.42720363930678684	0.6252978744336121
0.6288330356303099	1.1804636006631055	1.4900741990998372	0.5978704357429881	0.9935066158122315	0.024478924291990854	0.9336516074511828	0.5797158895654949	0.8929499034593368	0.8459682082454942	1.5970736513084105	1.3585433304759267	-15.89352257642852	1.1508624697818655	0.6362289780230083	1.1386004293910417	0.12508534808274388	0.20049410336440915	0.6287529322187938	0.8903689138203489
0.5317034195079927	1.027038384005746	1.3124065342167797	0.5045157231382323	0.8570648064894928	0.01931127714331281	0.8030677191577055	0.48861033254819836	0.766473948338399	0.7243639196512714	1.4120211658303248	1.1906272985029138	0.8629354697818655	-13.58747609277529	0.5382088451049025	0.9888130297937	0.10098627925117726	0.1635380194718379	0.5316329844166503	0.7641569364247873
0.9897860137551352	1.7080650207280506	2.082969053802163	0.9468060105390288	1.4731558012726569	0.04837001623013439	1.396316893866061	0.9214353505229854	1.343564470470526	1.2821383346736432	2.209152453387663	1.9256064364055314	1.4814409780230082	1.6713478451049024	-24.048349520532774	1.6560881371793643	0.22842745318188634	0.35379889357721434	0.9896752797307123	1.3402050780821095
0.5388341146118201	1.038509996461323	1.3257897652708914	0.5113602634515775	0.8672124400825764	0.019673427998806524	0.8127615675212865	0.49528467706369717	0.7758504551446387	0.7333650272458379	1.4259919003279573	1.2032384654591244	0.8731314293910417	1.011271029793699	0.5454071371793643	-13.75884544378687	0.10270132732456162	0.16618639810443744	0.5387629458135896	0.7735130755406405
2.67990608091173	3.752473498711304	4.237991274606617	2.606393293711369	3.427223731424146	0.29555835500053773	3.316345346626488	2.5622985218449448	3.2387491659578846	3.1467577680534897	4.394193227302387	4.0384720059121735	3.439035348082743	3.7028632792511775	2.697165453181886	3.6821203273245615	-58.4952932000311	1.3642632385871583	2.679718531797468	3.233764751743036
2.1496498070480596	3.1557635916980455	3.6233211927726496	2.0824923619122524	2.846180589810358	0.1885780506962933	2.741433741344483	2.042344522741688	2.6683910602845304	2.5820923545300682	3.774888193077968	3.4304852914914723	2.857364103364409	3.108335019471838	2.1654568935772143	3.0885253981044376	0.7071832385871584	-48.025670321397186	2.149478121364769	2.663706789519497
1.000111504144013	1.722371848035338	2.0987253356553786	0.9568282339861853	1.4863589141379219	0.049169073813754335	1.4091210791927105	0.9312743822702569	1.3560830411346307	1.294311740280826	2.2253228631304087	1.9407966393067868	1.494685932218794	1.6854929844166504	1.0103962797307091	1.6701649458135897	0.23170153179746808	0.3585411213647692	-24.27416257686143	1.3527051264312397
0.7147722344455036	1.3115951270457737	1.6398366361922325	0.6806776100270405	1.111293934610869	0.02948175207698823	1.0467794429581327	0.6606505115969179	1.002792594698647	0.9518959755547562	1.7524150069635207	1.500869874433612	1.1182809138203496	1.2799959364247875	0.7229050780821097	1.2668940755406408	0.14772675174303643	0.23474878951949701	0.7146841264312399	-17.888296372165655