-36.509369700763465	1.1719404341505715	2.6046334338806765	1.8207380447077892	2.1109139276101274	1.976939367137384	2.708066039090293	1.6113139145310449	1.2265375045219382	1.425181648810022	2.155147722002688	2.2486734258098258	2.1359119078529782	1.9124948227662444	1.6894115313010667	1.8065477289055338	1.815988948850475	2.3383777908590813	2.442931242534799	1.307620265440926
0.8457604341505711	-32.03415384557031	2.3385964668515493	1.596170418665487	1.8686504309572136	1.7424627128615866	2.43790541982841	1.401571600206316	1.049345900994164	1.2302593820970655	1.9104489760139778	1.9990366313017962	1.892264134732102	1.6819940317795556	1.4739230536460592	1.5829271552785993	1.5917373792777638	2.084262747612581	2.183899005535364	1.1229379637801542
0.24635343388067651	0.30649646685154947	-11.458986082237812	0.5783649930342504	0.7227712227481117	0.6543652677068045	1.0629582303050875	0.48286500081511324	0.3266392374446168	0.4041738931360803	0.7460046848105735	0.7961801881762917	0.7358618399531578	0.6225178514332846	0.5176185399322113	0.5716620629493461	0.576117968087443	0.8456382832677933	0.9049142175734182	0.35748270013200023
0.47314704470778884	0.5747594186654872	1.5890539930342502	-20.07100761222409	1.209367694081944	1.1113464399976265	1.671981358408496	0.8559367411392881	0.6080538255623406	0.7332015836088948	1.2422239559467851	1.3124760464861858	1.2279062911053493	1.0650167548879155	0.9089403188737213	0.9900462465019377	0.9966657140785665	1.380831218023594	1.4616660145987577	0.6583869525151625
0.3702699276101274	0.454186430957214	1.3404072227481119	0.8163146940819436	-16.342214341106985	0.9136116592432049	1.4158533546841403	0.6918517409285277	0.48192713924969455	0.587196233364422	1.0291034736907116	1.091568500077488	1.0164123173063662	0.8730165582175994	0.7374488300319209	0.8076621867642951	0.8134154478522331	1.1526466153902775	1.2252414492512211	0.5240805596574868
0.4143533671373839	0.5060567128615868	1.4500592677068045	0.8963514399976261	1.0916696592432051	-17.970524037333245	1.528956946313244	0.7630765650666036	0.5362515164549903	0.6503439232900903	1.1224811912937867	1.1884971612616542	1.1090494817290177	0.9568088181232902	0.8119967237492087	0.8871121412047253	0.8932559864023438	1.2529018631664168	1.3292730817913012	0.5820281905399656
0.22640603909029264	0.28242541982841024	0.9395782303050877	0.5379123584084957	0.6748373546841405	0.6098829463132438	-10.620920358459621	0.4477921374965251	0.30123312909438776	0.373825286280159	0.6969343626888733	0.7447149242865	0.687285471557675	0.5796983299690779	0.4805450782474127	0.5315751888510722	0.5357877552127803	0.7918889557715615	0.8485232736831736	0.3300741166907499
0.5671729145310448	0.6836106002063164	1.797004000815113	1.1593867411392877	1.388354740928528	1.2815215650666039	1.885311137496525	-23.286212883298816	0.7214953285109169	0.8628396188867449	1.4240306630123352	1.5000979424661165	1.4084922950795493	1.2308078082779157	1.0588318439167377	1.1484256019076609	1.1557158159501644	1.5738442145342588	1.6607333311037935	0.7785367194692022
0.8032375045219379	0.9522259009941646	2.261619237444617	1.5323448255623404	1.7992711392496947	1.6755375164549902	2.359593129094388	1.3423363285109169	-30.760057764397953	1.1755582458843368	1.840298800877012	1.927318242505883	1.8224468479626068	1.6163156041252114	1.412915198089154	1.5193964667036886	1.5280102293274862	2.011116199582344	2.1091776259835355	1.0713387215236425
0.6691796488100216	0.8004373820970655	2.00645189313608	1.3247905836088947	1.5718382333644219	1.45692792329009	2.099483286280159	1.150978618886745	0.8428562458843364	-26.60786478636217	1.610081157968591	1.6914157798506269	1.59343251061477	1.4021646088535502	1.215327498507654	1.312889006772643	1.3208055140610986	1.770013092600174	1.8623131565446405	0.906478645230607
0.3568507220026878	0.4383319760139777	1.3059876848105734	0.7915179559467854	0.9714504736907127	0.8867701912937865	1.3802973626888733	0.6698746630123353	0.4653018008770121	0.5677861579685909	-15.836472343593904	1.0613109938561995	0.9875491077932883	0.8470120788151915	0.7144107656819404	0.7830538296946037	0.7886817091103563	1.121305024075339	1.1926656893239946	0.5063141569376548
0.3301624258098257	0.40670563130179616	1.2359491881762916	0.7415560464861858	0.9137015000774874	0.832572161261654	1.3078639242865	0.6257279424661164	0.43210724250588334	0.5289067798506266	0.9410969938561998	-14.8154806374036	0.9291467866495364	0.7945500010792635	0.6680794925202186	0.7334813862950939	0.7388500621303691	1.0577272951817522	1.1265018429885787	0.47079393448022094
0.36262090785297796	0.44515313473210205	1.3208508399531576	0.8022062911053495	0.9837653173063643	0.8983444817290176	1.3956544715576749	0.6793422950795492	0.4724558479626069	0.57614351061477	1.0125551077932837	1.0743667866495368	-16.054543867209617	0.858223638040768	0.7243375864516151	0.7936605729093044	0.7993427572725749	1.1348313336662632	1.2067278667866876	0.5139611197460121
0.4375718227662443	0.5332510317795557	1.5058748514332847	0.9376847548879144	1.1387375582175994	1.0444718181232893	1.5864353299690777	0.8000258082779156	0.5646926041252114	0.6832436088535503	1.1703860788151914	1.2381380010792633	1.1565916380407681	-18.809193356887217	0.8506033561055266	0.9281546011835935	0.9344920642871254	1.3041639645665768	1.3823697892813038	0.6123046750942253
0.5298275313010664	0.6405190536460592	1.7163145399322115	1.0969473188737215	1.318508830031921	1.2149987237492088	1.8026210782474126	0.9433888439167379	0.676631198089154	0.811745498507654	1.3531237656819406	1.4270064925202186	1.338044586451615	1.1659423561055267	-22.028568265901164	1.0863683175842345	1.0934040771996096	1.4987318748546568	1.5833565135338423	0.7310876656743693
0.4789307289055337	0.5814901552785993	1.602325062949346	1.0100202465019343	1.220689186764295	1.122081141204725	1.685618188851072	0.8649496019076609	0.6150794667036887	0.741274006772643	1.2537338296946037	1.3243753862950938	1.2393345729093042	1.075460601183593	0.9183353175842343	-20.273634676981594	1.0066637363568982	1.3930927779179807	1.4743356964568919	0.6658449727434994
0.47507394885047444	0.577002379277764	1.593482968087443	1.003341714078568	1.213144447852233	1.1149269864023434	1.6765327552127802	0.8589418159501644	0.6103952293274864	0.7358925140610985	1.246063709110356	1.3164460621303689	1.231718757272575	1.0685000642871256	0.9120730771996093	0.9933657363569	-20.138591022086615	1.3849224017890536	1.4658937428030203	0.6608727120372498
0.30655179085908146	0.3786167476125813	1.1720922832677936	0.6965962180235942	0.8614646153902775	0.7836618631664168	1.2417229557715612	0.586159214534259	0.402590199582344	0.49418909260017446	0.8877760240753391	0.944412295181753	0.8762963336662632	0.7472609645665769	0.626489874854657	0.6888837779179807	0.6940114017890539	-13.894255945223803	1.0663265607398242	0.43915373162427307
0.28126124253479884	0.34840900553536414	1.1015242175734186	0.6475870145987574	0.8042154492512213	0.7301890817913012	1.1685132736831736	0.5432043311037934	0.3708076259835356	0.4566451565446405	0.8292926893239948	0.8833428429885782	0.8183488667866874	0.6956227892813039	0.5812705135338425	0.6402826964568922	0.6451387428030206	0.9364825607398234	-12.887162192528379	0.40502409201423256
0.7448822654409257	0.8863799637801543	2.153024700132	1.4432399525151622	1.7019865596574866	1.5818761905399659	2.24899611669075	1.2599397194692021	0.9319007215236433	1.0997426452306072	1.7418731569376547	1.826566934480221	1.7245141197460119	1.524489675094225	1.3279336656743692	1.4307239727434995	1.4390497120372499	1.908241731624273	2.0039560920142327	-28.97931789533163